tf_mat_base_link1_0:
  target_pose:
    position: [-0.072125, 0.072125, 0.018]
    orientation:
      - [2.597348e-06, 0.7071068, 0.7071068]
      - [-2.597348e-06, -0.7071068, 0.7071068]
      - [1, -3.673205e-06, 5.551115e-16]
tf_mat_base_link2_0:
  target_pose:
    position: [-0.072125, 0.072125, 0.018]
    orientation:
      - [2.597348e-06, 0.7071068, 0.7071068]
      - [-2.597348e-06, -0.7071068, 0.7071068]
      - [1, -3.673205e-06, 5.551115e-16]
tf_mat_base_link3_0:
  target_pose:
    position: [-0.072125, -0.072125, 0.018]
    orientation:
      - [2.597348e-06, 0.7071068, -0.7071068]
      - [2.597348e-06, 0.7071068, 0.7071068]
      - [1, -3.673205e-06, -2.220446e-16]
tf_mat_base_link4_0:
  target_pose:
    position: [-0.072125, -0.072125, 0.018]
    orientation:
      - [2.597348e-06, 0.7071068, -0.7071068]
      - [2.597348e-06, 0.7071068, 0.7071068]
      - [1, -3.673205e-06, -2.220446e-16]
tf_mat_world_obj:
  target_pose:
    position: [0.5825371, 0.4000075, 0.02999853]
    orientation:
      - [-0.7603741, -0.6494853, 2.385352e-06]
      - [-0.6494853, 0.7603741, -6.466215e-06]
      - [2.385952e-06, -6.465994e-06, -1]
tf_mat_world_obj_1:
  target_pose:
    position: [0.7625079, 0.08499152, 0.2149997]
    orientation:
      - [1, 3.403356e-10, -8.530718e-05]
      - [-8.530718e-05, 3.673205e-06, -1]
      - [-2.698487e-11, 1, 3.673205e-06]
tf_mat_world_obj_2:
  target_pose:
    position: [0.9274676, -0.3500238, 0.2150013]
    orientation:
      - [3.672865e-06, -1, 9.265359e-05]
      - [-3.673546e-06, 9.265358e-05, 1]
      - [-1, -3.673205e-06, -3.673205e-06]
tf_mat_world_cube_l:
  target_pose:
    position: [0.7800215, 0.2324896, 0.1199991]
    orientation:
      - [1, 3.403356e-10, -8.530718e-05]
      - [-8.530718e-05, 3.673205e-06, -1]
      - [-2.698487e-11, 1, 3.673205e-06]
tf_mat_world_cube_r:
  target_pose:
    position: [0.7799785, -0.2325104, 0.1200009]
    orientation:
      - [-1, 3.403356e-10, 9.265359e-05]
      - [9.265359e-05, 3.673205e-06, 1]
      - [6.776264e-21, 1, -3.673205e-06]