tf_mat_base_link1_0:
  target_pose:
    position: [-0.072125, 0.072125, 0.018]
    orientation:
      - [2.597348e-06, 0.7071068, 0.7071068]
      - [-2.597348e-06, -0.7071068, 0.7071068]
      - [1, -3.673205e-06, 5.551115e-16]
tf_mat_base_link2_0:
  target_pose:
    position: [-0.072125, 0.072125, 0.018]
    orientation:
      - [2.597348e-06, 0.7071068, 0.7071068]
      - [-2.597348e-06, -0.7071068, 0.7071068]
      - [1, -3.673205e-06, 5.551115e-16]
tf_mat_base_link3_0:
  target_pose:
    position: [-0.072125, -0.072125, 0.018]
    orientation:
      - [2.597348e-06, 0.7071068, -0.7071068]
      - [2.597348e-06, 0.7071068, 0.7071068]
      - [1, -3.673205e-06, -2.220446e-16]
tf_mat_base_link4_0:
  target_pose:
    position: [-0.072125, -0.072125, 0.018]
    orientation:
      - [2.597348e-06, 0.7071068, -0.7071068]
      - [2.597348e-06, 0.7071068, 0.7071068]
      - [1, -3.673205e-06, -2.220446e-16]
tf_mat_world_obj:
  target_pose:
    position: [0.5300325, 0.3500124, 0.02999871]
    orientation:
      - [-1, 9.265359e-05, -6.806713e-10]
      - [9.265359e-05, 1, -7.34641e-06]
      - [-5.892008e-21, -7.34641e-06, -1]