tf_mat_base_link1_0:
  target_pose:
    position: [0.072125, 0.072125, 0.018]
    orientation:
      - [-2.597348e-06, -0.7071068, 0.7071068]
      - [-2.597348e-06, -0.7071068, -0.7071068]
      - [1, -3.673205e-06, -2.220446e-16]
tf_mat_base_link2_0:
  target_pose:
    position: [-0.072125, 0.072125, 0.018]
    orientation:
      - [2.597348e-06, 0.7071068, 0.7071068]
      - [-2.597348e-06, -0.7071068, 0.7071068]
      - [1, -3.673205e-06, 5.551115e-16]
tf_mat_base_link3_0:
  target_pose:
    position: [-0.072125, -0.072125, 0.018]
    orientation:
      - [2.597348e-06, 0.7071068, -0.7071068]
      - [2.597348e-06, 0.7071068, 0.7071068]
      - [1, -3.673205e-06, -2.220446e-16]
tf_mat_base_link4_0:
  target_pose:
    position: [0.072125, -0.072125, 0.018]
    orientation:
      - [-2.597348e-06, -0.7071068, -0.7071068]
      - [2.597348e-06, 0.7071068, -0.7071068]
      - [1, -3.673205e-06, 2.220446e-16]
tf_mat_world_obj:
  target_pose:
    position: [0.5825334, 0.3600074, -1.322354e-06]
    orientation:
      - [-0.5002513, -0.8658803, 3.180216e-06]
      - [-0.8658803, 0.5002513, -5.510731e-06]
      - [3.180726e-06, -5.510436e-06, -1]
tf_mat_world_obj_1:
  target_pose:
    position: [0.7625079, 0.08499152, 0.2149997]
    orientation:
      - [-1, 7.34607e-06, -0.0001]
      - [9.999998e-05, -3.673886e-06, -1]
      - [-7.346437e-06, -1, 3.673151e-06]
tf_mat_world_obj_2:
  target_pose:
    position: [0.9274676, -0.3500238, 0.2150013]
    orientation:
      - [3.673546e-06, 1, 9.265359e-05]
      - [3.672865e-06, -9.26536e-05, 1]
      - [1, -3.673205e-06, -3.673205e-06]
tf_mat_world_cube_l:
  target_pose:
    position: [0.780016, 0.1724897, 0.1499994]
    orientation:
      - [-1, -7.34675e-06, -0.0001]
      - [0.0001, -3.672524e-06, -1]
      - [7.346383e-06, -1, 3.673259e-06]
tf_mat_world_cube_r:
  target_pose:
    position: [0.779984, -0.1725103, 0.1500006]
    orientation:
      - [-1, 3.403356e-10, 9.265359e-05]
      - [9.265359e-05, 3.673205e-06, 1]
      - [6.776264e-21, 1, -3.673205e-06]
tf_mat_base_camera_link:
  target_pose:
    position: [0.16893, 0.0325, 0.11643]
    orientation:
      - [-3.673205e-06, 0.760249, 0.6496318]
      - [-1, -2.792551e-06, -2.386231e-06]
      - [2.220446e-16, -0.6496318, 0.760249]
tf_mat_world_cube_m:
  target_pose:
    position: [0.78, -1.033582e-05, 0.15]
    orientation:
      - [-1, 3.403356e-10, 9.265359e-05]
      - [9.265359e-05, 3.673205e-06, 1]
      - [6.776264e-21, 1, -3.673205e-06]
tf_mat_cube_m_r:
  target_pose:
    position: [-1.110223e-16, -2.775558e-17, -0.1725]
    orientation:
      - [1, 0, 0]
      - [0, 1, 0]
      - [0, 0, 1]
tf_mat_cube_m_l:
  target_pose:
    position: [0, 5.551115e-17, 0.1725]
    orientation:
      - [1, 7.34641e-06, 7.34641e-06]
      - [7.34641e-06, -1, 5.397006e-11]
      - [7.34641e-06, -3.203963e-16, -1]