branch1: [1.597727, 0.295055, 2.156446, 3.101495, -0.494894, -0.016370]

branch2: [-1.18542, -1.84009, -1.90918, 1.5428, 1.18639, -2.28165]

branch3: [1.20091, -1.84009, -1.90918, -1.54403, 1.20184, -0.859485]

branch4: [-1.597727, 0.295055, 2.156446, -0.040097, 0.494959, 0.016244]
