[[ 0.67742013 -0.59430317 -0.43348091  0.04918354]
 [-0.61753299 -0.77965706  0.10386474 -0.06654518]
 [-0.3996936   0.1973287  -0.8951572   0.71025499]
 [ 0.          0.          0.          1.        ]]
[[ 0.79207824 -0.47713476 -0.3807289   0.02511802]
 [-0.40115192 -0.8769946   0.26449502 -0.05511093]
 [-0.46009695 -0.05677062 -0.88605186  0.71199155]
 [ 0.          0.          0.          1.        ]]
[[ 0.85919605 -0.42673102  0.28228139  0.03277437]
 [-0.50298919 -0.80553646  0.31322977 -0.04876254]
 [ 0.09372309 -0.41111027 -0.90675483  0.71895721]
 [ 0.          0.          0.          1.        ]]
[[ 0.84915352 -0.46022467  0.25909758  0.03719804]
 [-0.51124382 -0.83938553  0.1845581  -0.04715706]
 [ 0.13254457 -0.28918019 -0.94805419  0.75451022]
 [ 0.          0.          0.          1.        ]]
[[ 0.78088659 -0.49086946  0.38634609  0.03641126]
 [-0.51151751 -0.85747387 -0.05557341 -0.04640699]
 [ 0.35856097 -0.15422626 -0.92067817  0.73136474]
 [ 0.          0.          0.          1.        ]]
[[ 0.85804532 -0.47935059  0.18434003  0.03550155]
 [-0.51142361 -0.83032576  0.22137077 -0.04609177]
 [ 0.04694807 -0.284222   -0.95760834  0.73289772]
 [ 0.          0.          0.          1.        ]]
[[ 0.78795645 -0.50772688 -0.34833612  0.03272715]
 [-0.46121428 -0.86149201  0.21239797 -0.04408391]
 [-0.40792894 -0.00670276 -0.91298908  0.71036073]
 [ 0.          0.          0.          1.        ]]
[[ 0.91317072 -0.39372923 -0.10534011 -0.03644657]
 [-0.34220313 -0.88104359  0.32658722 -0.10411129]
 [-0.22139616 -0.26218217 -0.93927858  0.51797969]
 [ 0.          0.          0.          1.        ]]
[[ 0.90443503 -0.35923689 -0.23010025 -0.03959304]
 [-0.27929362 -0.90631394  0.31715947 -0.10481426]
 [-0.32247844 -0.2225846  -0.92003465  0.50784884]
 [ 0.          0.          0.          1.        ]]
[[ 0.85733925 -0.44283605  0.26242262 -0.02384635]
 [-0.48718362 -0.86265963  0.13590619 -0.00913071]
 [ 0.16619724 -0.24436572 -0.95533443  0.46538092]
 [ 0.          0.          0.          1.        ]]
[[ 0.79559005 -0.50317849  0.33741351 -0.02594649]
 [-0.49978885 -0.85989437 -0.10388828 -0.00762851]
 [ 0.34241433 -0.08598303 -0.93560641  0.45904615]
 [ 0.          0.          0.          1.        ]]
[[ 0.87705079 -0.46752798  0.11045133 -0.03238875]
 [-0.47613651 -0.81542884  0.32919574 -0.00569259]
 [-0.06384302 -0.34131129 -0.93777965  0.44883018]
 [ 0.          0.          0.          1.        ]]
[[ 0.82668393 -0.55713321 -0.07871639 -0.03500688]
 [-0.50726284 -0.79848957  0.32418947 -0.00631218]
 [-0.24347094 -0.22807232 -0.94271147  0.44040107]
 [ 0.          0.          0.          1.        ]]
[[ 0.81420631 -0.56435794 -0.1362652  -0.03970188]
 [-0.50940458 -0.80703674  0.29866146 -0.00711226]
 [-0.27852299 -0.17375793 -0.94458093  0.44348418]
 [ 0.          0.          0.          1.        ]]
[[ 0.82945309 -0.55756679 -0.03356846 -0.04151296]
 [-0.52299618 -0.79632054  0.30388912 -0.00656093]
 [-0.19616973 -0.23450559 -0.95211584  0.44389213]
 [ 0.          0.          0.          1.        ]]
[[ 0.83397514 -0.54324221 -0.09681618 -0.04200647]
 [-0.50370384 -0.82111518  0.2684256  -0.00364056]
 [-0.22531735 -0.1750936  -0.95842283  0.44476947]
 [ 0.          0.          0.          1.        ]]
[[ 0.72306317 -0.59957994  0.34305037 -0.03932304]
 [-0.53281245 -0.80014702 -0.27545533 -0.00156358]
 [ 0.43964822  0.0163901  -0.89802049  0.43663029]
 [ 0.          0.          0.          1.        ]]
[[ 8.29544407e-01 -5.53607505e-01 -7.33130779e-02 -4.03535630e-02]
 [-5.22426049e-01 -8.15711613e-01  2.48365835e-01  2.25176225e-04]
 [-1.97299519e-01 -1.67729827e-01 -9.65887988e-01  4.51195200e-01]
 [ 0.00000000e+00  0.00000000e+00  0.00000000e+00  1.00000000e+00]]
[[ 0.72163595 -0.56748492  0.39648761 -0.03774815]
 [-0.5280946  -0.82158382 -0.21474664  0.00157963]
 [ 0.44761329 -0.05441407 -0.89257014  0.4418069 ]
 [ 0.          0.          0.          1.        ]]
[[ 0.8067903  -0.57032841 -0.15432084 -0.0387484 ]
 [-0.53849021 -0.81726969  0.20517931  0.0046565 ]
 [-0.24314134 -0.08243641 -0.96648152  0.44716218]
 [ 0.          0.          0.          1.        ]]
[[ 0.79850776 -0.57752416 -0.16985642 -0.03731761]
 [-0.53767582 -0.81111725  0.23020323  0.00613514]
 [-0.2707214  -0.09249138 -0.95820419  0.44545808]
 [ 0.          0.          0.          1.        ]]
[[ 0.82484716 -0.55636732 -0.10041199 -0.03768044]
 [-0.52422478 -0.81918284  0.23265393  0.00695094]
 [-0.21169682 -0.13926548 -0.96736218  0.45033717]
 [ 0.          0.          0.          1.        ]]
[[ 0.74822886 -0.56786973  0.3430416  -0.03705541]
 [-0.52199394 -0.82303759 -0.22390055  0.00662877]
 [ 0.40948248 -0.01153679 -0.91224504  0.44849375]
 [ 0.          0.          0.          1.        ]]
[[ 0.68544895 -0.57699818  0.44410903 -0.03410295]
 [-0.52055013 -0.81480518 -0.25518635  0.0078198 ]
 [ 0.5091044  -0.0562638  -0.85886384  0.43315842]
 [ 0.          0.          0.          1.        ]]
[[ 0.73242423 -0.60019517 -0.32143506 -0.03097428]
 [-0.54584742 -0.79981919  0.24967949  0.01230747]
 [-0.40694636 -0.0074168  -0.91342195  0.42785897]
 [ 0.          0.          0.          1.        ]]
[[ 0.72195044 -0.56365894  0.40134294 -0.02434882]
 [-0.50134791 -0.82587285 -0.25803935  0.02090627]
 [ 0.47690442 -0.01492082 -0.87882851  0.42869034]
 [ 0.          0.          0.          1.        ]]
[[ 0.84442085 -0.53071384  0.07277538 -0.02740297]
 [-0.5347196  -0.82695843  0.17382377  0.02212124]
 [-0.03206846 -0.18569484 -0.98208403  0.4400959 ]
 [ 0.          0.          0.          1.        ]]
[[ 0.81420237 -0.56173669 -0.14671874 -0.03166777]
 [-0.52328105 -0.81949597  0.23367348  0.01936283]
 [-0.25149838 -0.11348237 -0.96118173  0.42665567]
 [ 0.          0.          0.          1.        ]]
[[ 0.74560722 -0.59173315 -0.30646655 -0.04243705]
 [-0.49671156 -0.80008471  0.33636599  0.00378945]
 [-0.44423811 -0.09857143 -0.89046964  0.40196533]
 [ 0.          0.          0.          1.        ]]
[[ 0.80254608 -0.55719101 -0.21320874 -0.06057782]
 [-0.49139395 -0.82003703  0.29337905 -0.02030224]
 [-0.33830723 -0.13068072 -0.93191779  0.41594122]
 [ 0.          0.          0.          1.        ]]
[[ 0.86410737 -0.47234901  0.17379549 -0.05977888]
 [-0.50122647 -0.77623436  0.38240324 -0.0269131 ]
 [-0.04572177 -0.41754836 -0.90750366  0.41230516]
 [ 0.          0.          0.          1.        ]]
[[ 0.83647416 -0.53128983 -0.13432084 -0.05708676]
 [-0.46503585 -0.81784809  0.3389191  -0.02669297]
 [-0.28991831 -0.22103306 -0.93117762  0.40860387]
 [ 0.          0.          0.          1.        ]]
[[ 0.91475631 -0.38504533 -0.12231512 -0.04769289]
 [-0.32118936 -0.87676078  0.35794962 -0.01610365]
 [-0.24506792 -0.28815036 -0.92569492  0.39132537]
 [ 0.          0.          0.          1.        ]]
[[ 0.91636953 -0.35238463 -0.18997882 -0.04485065]
 [-0.28888436 -0.91059232  0.29557987 -0.01370822]
 [-0.27715106 -0.21597848 -0.93623746  0.3958707 ]
 [ 0.          0.          0.          1.        ]]
[[ 0.96689947 -0.24791407  0.0603658  -0.04184433]
 [-0.25191944 -0.88995628  0.38015052 -0.01696477]
 [-0.04052174 -0.38277465 -0.92295263  0.40026248]
 [ 0.          0.          0.          1.        ]]
[[ 0.98142049 -0.1906622   0.02148837 -0.03858466]
 [-0.18422563 -0.90509821  0.38322075 -0.02161184]
 [-0.05361662 -0.3800594  -0.92340679  0.39717053]
 [ 0.          0.          0.          1.        ]]
[[ 0.98354104 -0.17944085 -0.02116595 -0.03763791]
 [-0.16135995 -0.92501058  0.34397441 -0.02461272]
 [-0.08130179 -0.33489762 -0.93874044  0.39726685]
 [ 0.          0.          0.          1.        ]]
[[ 0.97563218 -0.19330823 -0.10379678 -0.03772463]
 [-0.15710575 -0.94570244  0.28454293 -0.02620398]
 [-0.15316536 -0.26130217 -0.95302757  0.39578097]
 [ 0.          0.          0.          1.        ]]
[[ 0.9827248  -0.18122029 -0.03756564 -0.03516992]
 [-0.16043867 -0.93536732  0.31519425 -0.02779156]
 [-0.09225726 -0.30372222 -0.9482834   0.3952842 ]
 [ 0.          0.          0.          1.        ]]
[[ 0.98196884 -0.17978794 -0.0584252  -0.03487809]
 [-0.14953469 -0.92780245  0.34179233 -0.02795579]
 [-0.11565718 -0.32689282 -0.93795762  0.39554274]
 [ 0.          0.          0.          1.        ]]
[[ 0.98024447 -0.18498445 -0.070011   -0.03392247]
 [-0.14434028 -0.91104208  0.386223   -0.02786265]
 [-0.13522821 -0.36848755 -0.91974467  0.3901455 ]
 [ 0.          0.          0.          1.        ]]
[[ 0.97342314 -0.20817539 -0.09544841 -0.03467558]
 [-0.16538796 -0.92730633  0.33578237 -0.02889033]
 [-0.15841154 -0.31107231 -0.93709114  0.39479694]
 [ 0.          0.          0.          1.        ]]
[[ 0.94572556 -0.23688926 -0.22245593 -0.03335055]
 [-0.16081417 -0.93601402  0.31307596 -0.0285512 ]
 [-0.2823862  -0.26030987 -0.92330754  0.38780668]
 [ 0.          0.          0.          1.        ]]
[[ 0.97520833 -0.19771257 -0.09939044 -0.03421713]
 [-0.15300882 -0.92693644  0.34260347 -0.02912013]
 [-0.15986563 -0.31890214 -0.9342079   0.3913899 ]
 [ 0.          0.          0.          1.        ]]
[[ 0.9393671  -0.24957432 -0.23516399 -0.03362057]
 [-0.17921083 -0.94197648  0.28383762 -0.02898036]
 [-0.29235753 -0.22448379 -0.92958814  0.38895232]
 [ 0.          0.          0.          1.        ]]
[[ 0.9600378  -0.193035   -0.2026448  -0.03346233]
 [-0.11534705 -0.93261897  0.34193117 -0.02824537]
 [-0.25499507 -0.30489236 -0.91761548  0.38189214]
 [ 0.          0.          0.          1.        ]]
[[ 0.9744702  -0.21662657 -0.05899801 -0.03435186]
 [-0.18514718 -0.9239923   0.33460237 -0.02975601]
 [-0.12699747 -0.31513672 -0.94051076  0.3932599 ]
 [ 0.          0.          0.          1.        ]]
[[ 0.97975495 -0.19893982 -0.02243162 -0.03387031]
 [-0.17745919 -0.91486006  0.36268349 -0.03008099]
 [-0.09267398 -0.35136025 -0.93164237  0.39558547]
 [ 0.          0.          0.          1.        ]]
[[ 0.94811204 -0.26723764 -0.17224289 -0.03263895]
 [-0.20284722 -0.92561099  0.31952668 -0.03156559]
 [-0.24481946 -0.2680081  -0.93179133  0.39323811]
 [ 0.          0.          0.          1.        ]]
[[ 0.94107888 -0.26488893 -0.21024841 -0.03234244]
 [-0.18683774 -0.92543218  0.3296467  -0.03237446]
 [-0.2818904  -0.27094122 -0.92039592  0.3893441 ]
 [ 0.          0.          0.          1.        ]]
[[ 0.94525172 -0.23629548 -0.22508583 -0.03398955]
 [-0.15381273 -0.93089729  0.33131839 -0.03594499]
 [-0.28782083 -0.27855822 -0.91627752  0.38776938]
 [ 0.          0.          0.          1.        ]]
[[ 0.94153647 -0.25801682 -0.21664808 -0.03574462]
 [-0.18478683 -0.93317233  0.30829083 -0.03857342]
 [-0.28171421 -0.25023335 -0.92629389  0.39299301]
 [ 0.          0.          0.          1.        ]]
[[ 0.93569061 -0.2538338  -0.24505403 -0.03734632]
 [-0.16937233 -0.93244916  0.31914193 -0.03931145]
 [-0.30950943 -0.25711273 -0.91547635  0.38910253]
 [ 0.          0.          0.          1.        ]]
[[ 0.92435576 -0.26168542 -0.27764575 -0.03856014]
 [-0.17477907 -0.93729922  0.3015335  -0.03953613]
 [-0.33914407 -0.23019756 -0.91213507  0.38646607]
 [ 0.          0.          0.          1.        ]]
[[ 0.93475619 -0.25383808 -0.24859021 -0.0397838 ]
 [-0.17840256 -0.94042334  0.28944164 -0.03902116]
 [-0.30725134 -0.22620824 -0.92435191  0.38763541]
 [ 0.          0.          0.          1.        ]]
[[ 0.97736483 -0.19496784 -0.08213123 -0.04403368]
 [-0.16105409 -0.93741334  0.30873581 -0.03523213]
 [-0.13718446 -0.28851995 -0.9475952   0.3921972 ]
 [ 0.          0.          0.          1.        ]]
[[ 0.97406775 -0.20090507  0.10406331 -0.04516059]
 [-0.22540283 -0.9015791   0.36925423 -0.03296364]
 [ 0.01963626 -0.3831348  -0.9234837   0.39472456]
 [ 0.          0.          0.          1.        ]]
[[ 0.97702086 -0.21276294  0.01273491 -0.04923718]
 [-0.20652861 -0.93023703  0.30332325 -0.0279689 ]
 [-0.05268947 -0.29898327 -0.95280262  0.39536436]
 [ 0.          0.          0.          1.        ]]
[[ 0.97098244 -0.23899912 -0.00851562 -0.0506042 ]
 [-0.22664347 -0.93098215  0.28619045 -0.02266817]
 [-0.07632715 -0.2759559  -0.95813491  0.39438341]
 [ 0.          0.          0.          1.        ]]
[[ 0.96802457 -0.24179405 -0.06681368 -0.05408214]
 [-0.22757523 -0.95851947  0.17160985 -0.01678239]
 [-0.10553646 -0.15091741 -0.98289674  0.4004066 ]
 [ 0.          0.          0.          1.        ]]
[[ 0.96981805 -0.24326409 -0.01659897 -0.05394815]
 [-0.23772001 -0.95846746  0.15757322 -0.01028677]
 [-0.05424148 -0.14887144 -0.98736779  0.39968316]
 [ 0.          0.          0.          1.        ]]
[[ 0.95567904 -0.26112752 -0.1359779  -0.05148602]
 [-0.22954304 -0.95009476  0.211258   -0.00576812]
 [-0.18435717 -0.17068206 -0.96792565  0.3891584 ]
 [ 0.          0.          0.          1.        ]]
[[ 0.92093601 -0.30235278 -0.24588546 -0.04946636]
 [-0.25347441 -0.94396366  0.21138431 -0.00644564]
 [-0.29601958 -0.13234576 -0.94596882  0.38165302]
 [ 0.          0.          0.          1.        ]]
[[ 0.98054093 -0.19448757  0.02672226 -0.04832981]
 [-0.18687063 -0.88297117  0.43062894 -0.01911312]
 [-0.06015699 -0.4272429  -0.90213338  0.38439335]
 [ 0.          0.          0.          1.        ]]
[[ 0.9760319  -0.21741274 -0.00966547 -0.048355  ]
 [-0.1943973  -0.89095281  0.41038125 -0.02552281]
 [-0.09783359 -0.39866625 -0.91186282  0.38691601]
 [ 0.          0.          0.          1.        ]]
[[ 0.96004941 -0.24461597 -0.13589758 -0.04877005]
 [-0.19252756 -0.92983484  0.31359259 -0.03228261]
 [-0.20307206 -0.27490036 -0.93978271  0.38816439]
 [ 0.          0.          0.          1.        ]]
[[ 0.97586562 -0.2183333   0.00410638 -0.04818945]
 [-0.20403436 -0.90493093  0.37345681 -0.03779046]
 [-0.07782207 -0.3652815  -0.92763848  0.39215421]
 [ 0.          0.          0.          1.        ]]
[[ 0.97302615 -0.22784451 -0.03615239 -0.04719013]
 [-0.2019468  -0.91700658  0.34397154 -0.04291979]
 [-0.111524   -0.32739244 -0.93828385  0.39716614]
 [ 0.          0.          0.          1.        ]]
[[ 0.94021103 -0.26546027 -0.21338711 -0.04412761]
 [-0.18737887 -0.92633915  0.32677964 -0.04515165]
 [-0.28441585 -0.26725758 -0.92069594  0.38934178]
 [ 0.          0.          0.          1.        ]]
[[ 0.97568222 -0.21421226 -0.04644694 -0.04315262]
 [-0.17944566 -0.90231501  0.39195265 -0.04820902]
 [-0.12587083 -0.37408653 -0.91881217  0.39484074]
 [ 0.          0.          0.          1.        ]]
[[ 0.98343214 -0.18074806  0.01383362 -0.04067113]
 [-0.17251921 -0.90976102  0.37758708 -0.05016208]
 [-0.05566284 -0.37371784 -0.92587074  0.39981261]
 [ 0.          0.          0.          1.        ]]
[[ 0.96547456 -0.21931485 -0.14056985 -0.03757562]
 [-0.16229702 -0.92851366  0.33394919 -0.05028084]
 [-0.20376104 -0.29960538 -0.93205046  0.3992035 ]
 [ 0.          0.          0.          1.        ]]
[[ 0.97813683 -0.16825868 -0.12221845 -0.03380415]
 [-0.14513636 -0.97321729  0.17827942 -0.0389675 ]
 [-0.14894217 -0.15664333 -0.97636013  0.4097728 ]
 [ 0.          0.          0.          1.        ]]
[[ 0.98385661 -0.1551098  -0.0892587  -0.04228683]
 [-0.14778098 -0.9854802   0.08360359 -0.0387163 ]
 [-0.10093041 -0.06906321 -0.99249349  0.40818733]
 [ 0.          0.          0.          1.        ]]
[[ 0.98434197 -0.15493554  0.08405867 -0.0506173 ]
 [-0.17390241 -0.93147597  0.31954728 -0.0370671 ]
 [ 0.0287894  -0.32916181 -0.94383456  0.40685075]
 [ 0.          0.          0.          1.        ]]
[[ 0.97808345 -0.18931092  0.08668417 -0.06151771]
 [-0.17390825 -0.9717009  -0.15985393 -0.03686371]
 [ 0.11449318  0.14127539 -0.9833273   0.41203014]
 [ 0.          0.          0.          1.        ]]
[[ 0.98578422 -0.15223124  0.07109934 -0.0711802 ]
 [-0.16473377 -0.95895921  0.23078132 -0.03533629]
 [ 0.03304924 -0.23921305 -0.97040449  0.41551804]
 [ 0.          0.          0.          1.        ]]
[[ 0.98590935 -0.16651994 -0.01593287 -0.08581301]
 [-0.16615081 -0.98584997  0.02222032 -0.03337476]
 [-0.01940754 -0.01925996 -0.99962613  0.41931512]
 [ 0.          0.          0.          1.        ]]
[[ 0.9764967  -0.12962095  0.17219932 -0.0935723 ]
 [-0.17364627 -0.94641404  0.27230026 -0.03189081]
 [ 0.12767603 -0.29580208 -0.94667838  0.42046615]
 [ 0.          0.          0.          1.        ]]
[[ 0.98134274 -0.1705432   0.08877753 -0.09550764]
 [-0.18916794 -0.93900028  0.28721762 -0.02955286]
 [ 0.03437912 -0.29865279 -0.95374241  0.41723912]
 [ 0.          0.          0.          1.        ]]
[[ 0.98169709 -0.16632367  0.0927753  -0.09436877]
 [-0.18172686 -0.96380923  0.19505668 -0.02944511]
 [ 0.05697515 -0.20834634 -0.9763942   0.42218607]
 [ 0.          0.          0.          1.        ]]
[[ 0.98143843 -0.18790375  0.03835077 -0.0841465 ]
 [-0.19167705 -0.96758143  0.16445691 -0.03014183]
 [ 0.00620542 -0.1687553  -0.98563844  0.42427816]
 [ 0.          0.          0.          1.        ]]
[[ 0.97424312 -0.13688148  0.17920323 -0.07711359]
 [-0.19463298 -0.9117513   0.36170093 -0.02979047]
 [ 0.11387862 -0.3872635  -0.91490909  0.41637362]
 [ 0.          0.          0.          1.        ]]
[[ 0.98348783 -0.15419687  0.09473657 -0.06418881]
 [-0.17766516 -0.92229438  0.34323193 -0.03159683]
 [ 0.03444971 -0.35439582 -0.93446071  0.41501654]
 [ 0.          0.          0.          1.        ]]
[[ 0.98722441 -0.15912311  0.00823454 -0.05046686]
 [-0.15873282 -0.97768008  0.13764285 -0.03390756]
 [-0.01385141 -0.13719147 -0.9904477   0.41621843]
 [ 0.          0.          0.          1.        ]]
[[ 0.98670335 -0.15901796 -0.03361242 -0.03953213]
 [-0.14708615 -0.96162403  0.23161366 -0.03670864]
 [-0.06915324 -0.22359005 -0.97222699  0.41349275]
 [ 0.          0.          0.          1.        ]]
[[ 0.92493252 -0.12697361 -0.3582981   0.00151327]
 [-0.10065585 -0.9907275   0.0912547  -0.03285436]
 [-0.36656272 -0.04833964 -0.92913672  0.40296758]
 [ 0.          0.          0.          1.        ]]
[[ 0.98642731 -0.12622765  0.10501304 -0.03666208]
 [-0.15277424 -0.93994077  0.30523987 -0.01625505]
 [ 0.06017633 -0.31714024 -0.94646758  0.40198552]
 [ 0.          0.          0.          1.        ]]
[[ 0.98115168 -0.09629768  0.1675355  -0.04957143]
 [-0.13802834 -0.95600627  0.25884394 -0.01825177]
 [ 0.13523892 -0.27708982 -0.95127896  0.40844109]
 [ 0.          0.          0.          1.        ]]
[[ 0.98865251 -0.14571469 -0.03651631 -0.05934927]
 [-0.13675875 -0.97363722  0.18255853 -0.01987957]
 [-0.0621551  -0.17549303 -0.98251664  0.40941536]
 [ 0.          0.          0.          1.        ]]
[[ 0.99073012 -0.12304271  0.05757017 -0.06885354]
 [-0.13509293 -0.93692419  0.32237083 -0.02343889]
 [ 0.01427351 -0.32715982 -0.94486122  0.41086448]
 [ 0.          0.          0.          1.        ]]
[[ 0.98949949 -0.14000619  0.03590285 -0.06890642]
 [-0.14442993 -0.94825143  0.28277062 -0.02610447]
 [-0.00554471 -0.28498683 -0.95851539  0.41208849]
 [ 0.          0.          0.          1.        ]]
[[ 0.9894567  -0.14482421  0.00118023 -0.0687047 ]
 [-0.14122622 -0.96300433  0.22951649 -0.02880242]
 [-0.03210298 -0.2272633  -0.97330406  0.41586958]
 [ 0.          0.          0.          1.        ]]
[[ 0.98528685 -0.09608217  0.14134366 -0.06200462]
 [-0.14454008 -0.9097748   0.38912463 -0.03246843]
 [ 0.09120296 -0.4038292  -0.91027688  0.41330718]
 [ 0.          0.          0.          1.        ]]
[[ 0.98872562 -0.14879067 -0.01682185 -0.05534355]
 [-0.1470809  -0.986101    0.07727884 -0.0381851 ]
 [-0.02808641 -0.0739334  -0.9968676   0.41901998]
 [ 0.          0.          0.          1.        ]]
[[ 0.98597006 -0.15298794 -0.06676618 -0.04238094]
 [-0.14007103 -0.97585737  0.16757834 -0.04512114]
 [-0.09079173 -0.15587522 -0.98359533  0.41937884]
 [ 0.          0.          0.          1.        ]]
[[ 0.99197364 -0.12058715  0.03803984 -0.03668105]
 [-0.12641846 -0.93968133  0.31783231 -0.04659005]
 [-0.00258116 -0.32009021 -0.94738355  0.4148182 ]
 [ 0.          0.          0.          1.        ]]
[[ 0.98742472 -0.14429842 -0.06457856 -0.02735249]
 [-0.12541342 -0.96369264  0.23572858 -0.04967969]
 [-0.09624914 -0.22466521 -0.9696709   0.41567577]
 [ 0.          0.          0.          1.        ]]
[[ 0.80679783  0.0040675  -0.5908136   0.18254571]
 [-0.20917478 -0.93324285 -0.29206797  0.04683111]
 [-0.55256056  0.35922311 -0.75208749  0.4126209 ]
 [ 0.          0.          0.          1.        ]]
[[ 0.94943575 -0.21938553 -0.22459238  0.17822813]
 [-0.20821458 -0.975387    0.07257339  0.05366407]
 [-0.23498604 -0.02214037 -0.97174655  0.41988909]
 [ 0.          0.          0.          1.        ]]
[[ 0.84699421 -0.05159836 -0.52909207  0.17479805]
 [-0.21504894 -0.94346349 -0.25225106  0.05377993]
 [-0.48616332  0.32743587 -0.81020428  0.42394824]
 [ 0.          0.          0.          1.        ]]
[[ 0.80801818 -0.14084724 -0.57207402  0.16629513]
 [-0.23985995 -0.96553217 -0.10106849  0.05375405]
 [-0.53812064  0.21888282 -0.81395115  0.42030604]
 [ 0.          0.          0.          1.        ]]
[[ 0.81282903 -0.14690267 -0.56367417  0.16603221]
 [-0.24674306 -0.96340524 -0.10472916  0.05414071]
 [-0.52766166  0.22420959 -0.81933097  0.41659476]
 [ 0.          0.          0.          1.        ]]
[[ 0.90562174 -0.28316316 -0.31570222  0.17272062]
 [-0.27289943 -0.95893516  0.07726098  0.06153694]
 [-0.32461542  0.01618574 -0.94570759  0.41770067]
 [ 0.          0.          0.          1.        ]]
[[ 0.89150492 -0.31273298 -0.32774542  0.17940305]
 [-0.29533567 -0.94982796  0.10297419  0.06197797]
 [-0.34350519  0.00499292 -0.93913751  0.41358   ]
 [ 0.          0.          0.          1.        ]]
[[ 0.76354609 -0.25729717 -0.59227995  0.17716211]
 [-0.45344473 -0.86665641 -0.2080734   0.03587495]
 [-0.45976652  0.42743985 -0.77840216  0.395358  ]
 [ 0.          0.          0.          1.        ]]
[[ 0.78002506 -0.34241186 -0.52375092  0.17279535]
 [-0.42500485 -0.90422506 -0.04180813  0.02624922]
 [-0.45927311  0.25520807 -0.8508449   0.40220127]
 [ 0.          0.          0.          1.        ]]
[[ 0.74215569 -0.26542316 -0.61543113  0.16577662]
 [-0.45033092 -0.87756136 -0.16458469  0.02530075]
 [-0.496394    0.39929513 -0.77081541  0.391357  ]
 [ 0.          0.          0.          1.        ]]
[[ 0.88548636 -0.45684036 -0.08491633  0.15997601]
 [-0.44225557 -0.88465669  0.14762301  0.03238286]
 [-0.14256195 -0.09316344 -0.98539163  0.39359251]
 [ 0.          0.          0.          1.        ]]
[[ 0.76625829 -0.3420147  -0.54394317  0.15776383]
 [-0.41638786 -0.90906369 -0.01497859  0.03920189]
 [-0.48935609  0.23796881 -0.83898836  0.40816931]
 [ 0.          0.          0.          1.        ]]
[[ 0.75043644 -0.3306886  -0.57226759  0.15660147]
 [-0.43918348 -0.89653286 -0.05785073  0.04576588]
 [-0.49392612  0.29474377 -0.8180239   0.40652852]
 [ 0.          0.          0.          1.        ]]
[[ 0.79508358 -0.41212725 -0.4449643   0.16113693]
 [-0.42140955 -0.90302807  0.08339244  0.04740689]
 [-0.43618355  0.12120824 -0.89165715  0.41711386]
 [ 0.          0.          0.          1.        ]]
[[ 0.80512162 -0.28546476 -0.51989331  0.15969644]
 [-0.44856887 -0.86653531 -0.21886646  0.04361987]
 [-0.38802725  0.40942207 -0.82571692  0.41755738]
 [ 0.          0.          0.          1.        ]]
[[ 0.81287685 -0.36174616 -0.45647665  0.15059032]
 [-0.41940163 -0.90737555 -0.02778291  0.03117416]
 [-0.40414539  0.21403114 -0.88930151  0.4259042 ]
 [ 0.          0.          0.          1.        ]]
[[ 0.79398609 -0.3442309  -0.50108999  0.15100636]
 [-0.4198852  -0.9065803  -0.0425274   0.02540106]
 [-0.43963906  0.24416644 -0.86434961  0.42418854]
 [ 0.          0.          0.          1.        ]]
[[ 0.77289577 -0.33006493 -0.54193106  0.16031853]
 [-0.44497035 -0.89080027 -0.09206664  0.02225549]
 [-0.45236437  0.31230117 -0.83536486  0.42194012]
 [ 0.          0.          0.          1.        ]]
[[ 0.77884333 -0.42728715 -0.45916092  0.1615638 ]
 [-0.41917064 -0.89915937  0.12573148  0.02063726]
 [-0.46658229  0.09454165 -0.87941051  0.42185093]
 [ 0.          0.          0.          1.        ]]
[[ 0.81229459 -0.42810863 -0.39610668  0.16633152]
 [-0.40173414 -0.90302824  0.1521502   0.01503104]
 [-0.42283233  0.03553879 -0.9055108   0.42631629]
 [ 0.          0.          0.          1.        ]]
[[ 0.81186859 -0.43380321 -0.3907482   0.16568543]
 [-0.39007284 -0.90100606  0.189819    0.01536701]
 [-0.43441059 -0.00168782 -0.90071338  0.42021138]
 [ 0.          0.          0.          1.        ]]
[[ 0.76107772 -0.3307769  -0.55798507  0.16347716]
 [-0.40608469 -0.91375386 -0.01221062  0.01392369]
 [-0.50582202  0.23588243 -0.82976115  0.41755237]
 [ 0.          0.          0.          1.        ]]
[[ 0.8900907  -0.4029204  -0.21305795  0.16032244]
 [-0.37750731 -0.91365619  0.1507335   0.01107593]
 [-0.25539532 -0.05373555 -0.96534228  0.42361886]
 [ 0.          0.          0.          1.        ]]
[[ 0.82022964 -0.2678017  -0.50547561  0.15648324]
 [-0.36331379 -0.92642122 -0.09872595  0.01013813]
 [-0.44184435  0.26462422 -0.85717419  0.42097259]
 [ 0.          0.          0.          1.        ]]
[[ 0.78694824 -0.27176587 -0.55394564  0.15875333]
 [-0.33296813 -0.94288023 -0.01044511  0.01219631]
 [-0.51946577  0.192666   -0.83248731  0.4238444 ]
 [ 0.          0.          0.          1.        ]]
[[ 0.79496941 -0.2428039  -0.55594055  0.15325104]
 [-0.3129569  -0.94919531 -0.03295828  0.0126944 ]
 [-0.51969376  0.20018626 -0.83056839  0.417505  ]
 [ 0.          0.          0.          1.        ]]
[[ 0.7542417  -0.12889371 -0.6438213   0.18529315]
 [-0.37260294 -0.89139065 -0.25804991  0.03351718]
 [-0.54063528  0.43452171 -0.72035018  0.40674395]
 [ 0.          0.          0.          1.        ]]
[[ 0.75886159 -0.17502835 -0.62729114  0.14122547]
 [-0.40687283 -0.87951128 -0.24680845  0.05781615]
 [-0.50851116  0.44252117 -0.7386416   0.40078771]
 [ 0.          0.          0.          1.        ]]
[[ 0.92477798 -0.36709882 -0.10012067  0.17230468]
 [-0.37123291 -0.92818416 -0.02569613  0.09971341]
 [-0.0834974   0.0609313  -0.99464343  0.40730559]
 [ 0.          0.          0.          1.        ]]
[[ 0.76932215 -0.19567373 -0.60815724  0.16793679]
 [-0.4389027  -0.85360794 -0.28056712  0.10330059]
 [-0.46422823  0.48276836 -0.74258122  0.41371891]
 [ 0.          0.          0.          1.        ]]
[[ 0.94531716 -0.31313485 -0.09122515  0.15437458]
 [-0.3077151  -0.94899009  0.06876943  0.11671514]
 [-0.10810587 -0.03693756 -0.99345294  0.43579793]
 [ 0.          0.          0.          1.        ]]
[[ 0.70363379 -0.14976752 -0.69460002  0.14544349]
 [-0.46934277 -0.8318995  -0.2960753   0.12295157]
 [-0.53349495  0.53433408 -0.6556449   0.4345764 ]
 [ 0.          0.          0.          1.        ]]
[[ 0.80731025 -0.22936204 -0.54373082  0.15162267]
 [-0.42058063 -0.86994839 -0.25749123  0.13798285]
 [-0.41395904  0.43655796 -0.79878349  0.46300974]
 [ 0.          0.          0.          1.        ]]
[[ 0.83324726 -0.18919967 -0.5195214   0.15166813]
 [-0.41246526 -0.83844923 -0.35619558  0.14283981]
 [-0.36820023  0.51108352 -0.77667382  0.46901485]
 [ 0.          0.          0.          1.        ]]
[[ 0.89503134 -0.2907502  -0.33820588  0.16338626]
 [-0.37841308 -0.89639634 -0.23081844  0.1565911 ]
 [-0.23605601  0.33457127 -0.91232649  0.50405645]
 [ 0.          0.          0.          1.        ]]
[[ 0.9239715  -0.34813451 -0.15836358  0.16002054]
 [-0.35458075 -0.93492756 -0.01352557  0.15127217]
 [-0.14334976  0.06864992 -0.98728822  0.48656482]
 [ 0.          0.          0.          1.        ]]
[[ 0.74408609 -0.22563174 -0.62882924  0.18520493]
 [-0.4523083  -0.8628547  -0.225608    0.15103878]
 [-0.49168394  0.45229646 -0.74409329  0.49097867]
 [ 0.          0.          0.          1.        ]]
[[ 0.79453637 -0.20411702 -0.57188128  0.17865802]
 [-0.4031967  -0.88156015 -0.24552826  0.13543778]
 [-0.45403124  0.42566178 -0.78273091  0.48914567]
 [ 0.          0.          0.          1.        ]]
[[ 0.78304283 -0.22939172 -0.57812054  0.17338514]
 [-0.42629969 -0.87477264 -0.23030719  0.12764386]
 [-0.45289347  0.426793   -0.78277407  0.47747415]
 [ 0.          0.          0.          1.        ]]
[[ 0.78944649 -0.24502531 -0.56279378  0.16380041]
 [-0.42689642 -0.87798496 -0.21656838  0.1096119 ]
 [-0.44105974  0.4112238  -0.79772257  0.46986091]
 [ 0.          0.          0.          1.        ]]
[[ 0.80852331 -0.2228143  -0.54465021  0.16287182]
 [-0.41879264 -0.86807645 -0.26656331  0.10934839]
 [-0.4134039   0.44361815 -0.79517303  0.46884786]
 [ 0.          0.          0.          1.        ]]
[[ 0.76400776 -0.26121864 -0.58996352  0.14966427]
 [-0.43135665 -0.88678403 -0.16596841  0.11339298]
 [-0.47981619  0.38128585 -0.79018828  0.45370329]
 [ 0.          0.          0.          1.        ]]
[[ 0.8340501  -0.26223972 -0.48537692  0.14260191]
 [-0.39727797 -0.89595107 -0.19859983  0.1091225 ]
 [-0.38279321  0.35847177 -0.85145015  0.45557345]
 [ 0.          0.          0.          1.        ]]
[[ 0.82441854 -0.25910429 -0.50318886  0.13925421]
 [-0.40298502 -0.89299154 -0.20042252  0.10444194]
 [-0.39741306  0.36800962 -0.84061393  0.45090994]
 [ 0.          0.          0.          1.        ]]
[[ 0.7936267  -0.26989777 -0.5452631   0.13423813]
 [-0.42813735 -0.8845056  -0.18533282  0.09567221]
 [-0.43226735  0.38053258 -0.81752058  0.44071221]
 [ 0.          0.          0.          1.        ]]
[[ 0.80635866 -0.21002548 -0.55287884  0.1386045 ]
 [-0.37909349 -0.90107461 -0.21060074  0.08534736]
 [-0.45395356  0.3794125  -0.80620861  0.43666657]
 [ 0.          0.          0.          1.        ]]
[[ 0.86016673 -0.16360148 -0.48306082  0.14073574]
 [-0.377136   -0.84165621 -0.38650131  0.08251233]
 [-0.34333895  0.51463519 -0.78566468  0.43753658]
 [ 0.          0.          0.          1.        ]]
[[ 0.82460036 -0.21664131 -0.52259046  0.14574031]
 [-0.40175909 -0.8746144  -0.27136561  0.07898397]
 [-0.39827614  0.43372365 -0.80824496  0.43576991]
 [ 0.          0.          0.          1.        ]]
[[ 0.79777444 -0.21996537 -0.56140109  0.15008547]
 [-0.40800287 -0.88247825 -0.23402093  0.06978551]
 [-0.44394775  0.41574917 -0.79376509  0.42918296]
 [ 0.          0.          0.          1.        ]]
[[ 0.81947139 -0.22750782 -0.52602932  0.15145523]
 [-0.36428581 -0.91533801 -0.17161638  0.06622768]
 [-0.44245056  0.33225973 -0.83297117  0.42897456]
 [ 0.          0.          0.          1.        ]]
[[ 0.77520773 -0.24576287 -0.5819395   0.14826203]
 [-0.35443962 -0.93176517 -0.0786526   0.05815677]
 [-0.52290107  0.26723452 -0.80941966  0.42303146]
 [ 0.          0.          0.          1.        ]]
[[ 0.80396336 -0.19116391 -0.56311569  0.13997232]
 [-0.37271477 -0.89983995 -0.22665341  0.05884862]
 [-0.46338604  0.39210257 -0.79468796  0.42232796]
 [ 0.          0.          0.          1.        ]]
[[ 0.83102542 -0.27763299 -0.4819924   0.13052755]
 [-0.36420398 -0.92653842 -0.0942445   0.06032689]
 [-0.42041909  0.25386312 -0.87109202  0.42847301]
 [ 0.          0.          0.          1.        ]]
[[ 0.84211008 -0.27427907 -0.46435073  0.12562437]
 [-0.37118587 -0.91940083 -0.13008908  0.06115919]
 [-0.39124373  0.28190976 -0.87604522  0.42331178]
 [ 0.          0.          0.          1.        ]]
[[ 0.83431898 -0.22311037 -0.50411665  0.11709851]
 [-0.39153976 -0.88355355 -0.25696254  0.06106444]
 [-0.38808305  0.41177043 -0.82452208  0.41259405]
 [ 0.          0.          0.          1.        ]]
[[ 0.83863684 -0.28897745 -0.4617145   0.11715194]
 [-0.34954942 -0.93561885 -0.04932112  0.06176212]
 [-0.4177361   0.20275454 -0.88565634  0.41753592]
 [ 0.          0.          0.          1.        ]]
[[ 0.84797322 -0.29780739 -0.43846571  0.11513626]
 [-0.35313956 -0.93431978 -0.04836309  0.06132021]
 [-0.3952643   0.19585019 -0.89744573  0.41337637]
 [ 0.          0.          0.          1.        ]]
[[ 0.8832491  -0.21458308 -0.41692342  0.11610905]
 [-0.34991159 -0.89351629 -0.28140809  0.05684794]
 [-0.31214245  0.39443978 -0.86428256  0.41072277]
 [ 0.          0.          0.          1.        ]]
[[ 0.84460417 -0.22714416 -0.48481886  0.11966519]
 [-0.36384704 -0.90781517 -0.20853524  0.04776522]
 [-0.39275835  0.35252964 -0.84939021  0.40283424]
 [ 0.          0.          0.          1.        ]]
[[ 0.91753195 -0.35391822 -0.18132019  0.12347366]
 [-0.32998451 -0.93207369  0.14949534  0.04456618]
 [-0.2219129  -0.07733389 -0.97199492  0.4063622 ]
 [ 0.          0.          0.          1.        ]]
[[ 0.91228778 -0.36256085 -0.19047476  0.12708003]
 [-0.32839574 -0.92548695  0.18875948  0.03407071]
 [-0.24471871 -0.10965186 -0.96337388  0.3997322 ]
 [ 0.          0.          0.          1.        ]]
[[ 0.86776105 -0.1767991  -0.46447049  0.13219492]
 [-0.35942878 -0.86869679 -0.34084724  0.02577983]
 [-0.34322254  0.46271802 -0.81736792  0.39295358]
 [ 0.          0.          0.          1.        ]]
[[ 0.90301121 -0.36700457 -0.22333473  0.13930387]
 [-0.33456694 -0.92685079  0.17033078  0.02210912]
 [-0.26951015 -0.07909019 -0.95974425  0.39686087]
 [ 0.          0.          0.          1.        ]]
[[ 0.82069431 -0.20782418 -0.53223112  0.15052742]
 [-0.33840516 -0.92734847 -0.15970836  0.02004236]
 [-0.46037246  0.3111815  -0.83139839  0.41333714]
 [ 0.          0.          0.          1.        ]]
[[ 0.83122967 -0.15096514 -0.53503904  0.15339801]
 [-0.32873459 -0.90960662 -0.25406568  0.0247965 ]
 [-0.44831999  0.38707277 -0.80571947  0.42503233]
 [ 0.          0.          0.          1.        ]]
[[ 0.94576711 -0.30931471 -0.09924199  0.15277682]
 [-0.29564267 -0.94618939  0.13160946  0.02757034]
 [-0.13461046 -0.09513173 -0.98632144  0.43131608]
 [ 0.          0.          0.          1.        ]]
[[ 0.81171709 -0.14566652 -0.56559405  0.15237759]
 [-0.31164063 -0.92704313 -0.20849738  0.03344678]
 [-0.49395899  0.34550297 -0.79789236  0.44569318]
 [ 0.          0.          0.          1.        ]]
[[ 0.84194335 -0.16294718 -0.51437303  0.15392895]
 [-0.32144525 -0.91714794 -0.23561114  0.03704495]
 [-0.43336399  0.363714   -0.8245652   0.46297063]
 [ 0.          0.          0.          1.        ]]
[[ 0.85342314 -0.12907257 -0.50498436  0.15259067]
 [-0.31140805 -0.90318759 -0.29542715  0.03889187]
 [-0.41796407  0.40938056 -0.81099543  0.46471811]
 [ 0.          0.          0.          1.        ]]
[[ 0.86521673 -0.17559422 -0.46964526  0.16171952]
 [-0.30643753 -0.92656521 -0.21811224  0.04997134]
 [-0.39685771  0.33263129 -0.85548839  0.48561885]
 [ 0.          0.          0.          1.        ]]
[[ 0.94235794 -0.29996872 -0.14825749  0.16786934]
 [-0.27912794 -0.94907939  0.14606817  0.04637441]
 [-0.18452401 -0.09626569 -0.97810215  0.46156662]
 [ 0.          0.          0.          1.        ]]
[[ 0.74754328 -0.0864736  -0.65856007  0.16817993]
 [-0.27568376 -0.94244792 -0.18918346  0.03568823]
 [-0.60429919  0.32297714 -0.72835997  0.44125692]
 [ 0.          0.          0.          1.        ]]
[[ 0.82055035 -0.1490676  -0.55179341  0.16600524]
 [-0.20520152 -0.97786157 -0.04097675  0.02385421]
 [-0.53346927  0.14685233 -0.83297355  0.43448832]
 [ 0.          0.          0.          1.        ]]
[[ 0.80599871 -0.04588356 -0.59013624  0.15614063]
 [-0.1796078  -0.96894347 -0.16996937  0.0099338 ]
 [-0.56400986  0.24298816 -0.78920823  0.41423095]
 [ 0.          0.          0.          1.        ]]
[[-0.9337174  -0.13843469 -0.33016308  0.20612091]
 [ 0.10217041  0.78082637 -0.61633708 -0.05130074]
 [ 0.34312247 -0.60921755 -0.71492723  0.67354794]
 [ 0.          0.          0.          1.        ]]
[[-0.89546816 -0.16996214 -0.41139961  0.26744449]
 [ 0.06228522  0.86729649 -0.4938799  -0.07671036]
 [ 0.44074632 -0.46787784 -0.76605026  0.67333715]
 [ 0.          0.          0.          1.        ]]
[[-0.91540512 -0.15238218 -0.37257634  0.24025919]
 [ 0.06799251  0.85374497 -0.51623303 -0.0959876 ]
 [ 0.39674989 -0.49789477 -0.77116167  0.65774492]
 [ 0.          0.          0.          1.        ]]
[[-0.90390297 -0.17438895 -0.39057382  0.24561773]
 [ 0.04603412  0.86815085 -0.49416086 -0.09971763]
 [ 0.42525319 -0.46465319 -0.7766963   0.65896704]
 [ 0.          0.          0.          1.        ]]
[[-0.90397678 -0.17285649 -0.39108391  0.25041441]
 [ 0.04261103  0.87366962 -0.48465007 -0.10504915]
 [ 0.42545304 -0.45477689 -0.78241146  0.66152934]
 [ 0.          0.          0.          1.        ]]
[[-0.88186677 -0.186196   -0.43317669  0.24247429]
 [ 0.03522262  0.89014031 -0.45432322 -0.1039949 ]
 [ 0.4701812  -0.41591017 -0.77842685  0.65495257]
 [ 0.          0.          0.          1.        ]]
[[-0.93569964 -0.18275927 -0.30177018  0.22099733]
 [ 0.01710411  0.83085764 -0.55622211 -0.10669679]
 [ 0.3523828  -0.52561834 -0.77430725  0.63829758]
 [ 0.          0.          0.          1.        ]]
[[-0.91177304 -0.16740756 -0.37502618  0.21378418]
 [ 0.0621425   0.84640173 -0.52890682 -0.09842922]
 [ 0.40596581 -0.50554805 -0.76132315  0.64859275]
 [ 0.          0.          0.          1.        ]]
[[-0.91753713 -0.14763001 -0.36923026  0.20883845]
 [ 0.05518778  0.87226892 -0.4859025  -0.09515477]
 [ 0.39380187 -0.46621058 -0.79219176  0.66534577]
 [ 0.          0.          0.          1.        ]]
[[-0.93406387 -0.17308147 -0.31235797  0.1974746 ]
 [ 0.02870852  0.83546631 -0.54879128 -0.09110884]
 [ 0.35595016 -0.52157343 -0.77540998  0.65595456]
 [ 0.          0.          0.          1.        ]]
[[-0.93029277 -0.16729742 -0.32644591  0.19764473]
 [ 0.01667782  0.86972904 -0.49324766 -0.09099886]
 [ 0.36643855 -0.46430914 -0.80631248  0.68183991]
 [ 0.          0.          0.          1.        ]]
[[-0.91979539 -0.17612613 -0.35065086  0.19587455]
 [ 0.01561978  0.87646753 -0.48120753 -0.08813857]
 [ 0.39208731 -0.44808956 -0.80341975  0.69056447]
 [ 0.          0.          0.          1.        ]]
[[-0.92848824 -0.13884156 -0.34443086  0.1947433 ]
 [ 0.03527823  0.89030931 -0.45398764 -0.0884257 ]
 [ 0.36968235 -0.43367309 -0.82174364  0.6906032 ]
 [ 0.          0.          0.          1.        ]]
[[-0.92750284 -0.13947894 -0.34682     0.19471434]
 [ 0.03528145  0.89097795 -0.45267374 -0.08898593]
 [ 0.37214742 -0.43209249 -0.82146356  0.69050301]
 [ 0.          0.          0.          1.        ]]
[[-0.93162174 -0.16480012 -0.32391643  0.19242358]
 [ 0.01814438  0.86907488 -0.49434769 -0.08867243]
 [ 0.3629762  -0.46642231 -0.80665885  0.68136667]
 [ 0.          0.          0.          1.        ]]
[[-0.9321655  -0.16430852 -0.32259912  0.18872756]
 [ 0.02063669  0.86551351 -0.50046028 -0.08400946]
 [ 0.36144378 -0.47316918 -0.80341105  0.68026425]
 [ 0.          0.          0.          1.        ]]
[[-0.93618241 -0.15826238 -0.31387181  0.18338976]
 [ 0.0377628   0.8424642  -0.53742724 -0.08136753]
 [ 0.34948028 -0.51498261 -0.78272374  0.67004543]
 [ 0.          0.          0.          1.        ]]
[[-0.94282179 -0.16777269 -0.28799202  0.18556251]
 [ 0.00840847  0.85182145 -0.52376475 -0.08269628]
 [ 0.3331912  -0.49623839 -0.80170511  0.68102308]
 [ 0.          0.          0.          1.        ]]
[[-0.92403532 -0.14186997 -0.35500936  0.19142326]
 [ 0.02141527  0.90793148 -0.41857115 -0.08447193]
 [ 0.38170685 -0.39437715 -0.83592257  0.69833646]
 [ 0.          0.          0.          1.        ]]
[[-0.93246918 -0.16373064 -0.32201475  0.18504681]
 [ 0.0220262   0.86396449 -0.50307078 -0.08218342]
 [ 0.36057741 -0.47619076 -0.8020139   0.67917726]
 [ 0.          0.          0.          1.        ]]
[[-0.95253624 -0.12677315 -0.27677297  0.1812616 ]
 [ 0.04378958  0.84265258 -0.53667411 -0.08140752]
 [ 0.30125932 -0.52332131 -0.79710578  0.67034111]
 [ 0.          0.          0.          1.        ]]
[[-0.94426403 -0.1368314  -0.29940377  0.18244803]
 [ 0.04188373  0.85218906 -0.52155495 -0.08256542]
 [ 0.32651371 -0.50502572 -0.79896046  0.67995549]
 [ 0.          0.          0.          1.        ]]
[[-0.93096125 -0.13500472 -0.33924163  0.18328869]
 [ 0.03834256  0.88784242 -0.45854736 -0.08414797]
 [ 0.36309916 -0.43989722 -0.82137046  0.68844219]
