tf_mat_world_flan1:
  target_pose:
    position: [0.1417057, 0.5319608, 0.09579612]
    orientation:
      - [0.9967777, 0.07060843, 0.03806327]
      - [0.07062963, -0.9975023, 0.0007890977]
      - [0.03802392, 0.00190184, -0.999275]
tf_mat_world_flan4:
  target_pose:
    position: [0.127534, -0.5316753, 0.09552621]
    orientation:
      - [1, 2.601523e-06, -1.294753e-06]
      - [2.601524e-06, -1, 8.191149e-07]
      - [-1.294751e-06, -8.191183e-07, -1]
tf_mat_base_link1_0:
  target_pose:
    position: [0.072125, 0.072125, 0.018]
    orientation:
      - [-2.597348e-06, -0.7071068, 0.7071068]
      - [-2.597348e-06, -0.7071068, -0.7071068]
      - [1, -3.673205e-06, -2.220446e-16]
tf_mat_base_link4_0:
  target_pose:
    position: [0.072125, -0.072125, 0.018]
    orientation:
      - [-2.597348e-06, -0.7071068, -0.7071068]
      - [2.597348e-06, 0.7071068, -0.7071068]
      - [1, -3.673205e-06, 2.220446e-16]
tf_mat_base_link2_0:
  target_pose:
    position: [-0.072125, 0.072125, 0.018]
    orientation:
      - [2.597348e-06, 0.7071068, 0.7071068]
      - [-2.597348e-06, -0.7071068, 0.7071068]
      - [1, -3.673205e-06, 5.551115e-16]
tf_mat_base_link3_0:
  target_pose:
    position: [-0.072125, -0.072125, 0.018]
    orientation:
      - [2.597348e-06, 0.7071068, -0.7071068]
      - [2.597348e-06, 0.7071068, 0.7071068]
      - [1, -3.673205e-06, -2.220446e-16]
tf_mat_link2_0_flan2:
  target_pose:
    position: [0.4800003, -0.4300003, 0.2999997]
    orientation:
      - [-1.121556e-06, -2.344865e-06, 1]
      - [-0.7071025, 0.7071111, 8.65025e-07]
      - [-0.7071111, -0.7071025, -2.451125e-06]
tf_mat_link3_0_flan3:
  target_pose:
    position: [0.4800011, -0.4300018, -0.2999988]
    orientation:
      - [-7.289405e-06, -6.040852e-07, 1]
      - [-0.7071061, -0.7071074, -5.581537e-06]
      - [0.7071074, -0.7071061, 4.727241e-06]
tf_mat_base_camera_link:
  target_pose:
    position: [0.16893, 0.0325, 0.11643]
    orientation:
      - [-3.673205e-06, 0.760249, 0.6496318]
      - [-1, -2.792551e-06, -2.386231e-06]
      - [2.220446e-16, -0.6496318, 0.760249]
tf_mat_world_cube_m:
  target_pose:
    position: [0.78, -1.044601e-05, 0.12]
    orientation:
      - [-1, 3.403356e-10, 9.265359e-05]
      - [9.265359e-05, 3.673205e-06, 1]
      - [6.776264e-21, 1, -3.673205e-06]
tf_mat_cube_m_r:
  target_pose:
    position: [-1.110223e-16, 0, -0.2325]
    orientation:
      - [1, 0, 0]
      - [0, 1, 0]
      - [0, 0, 1]
tf_mat_cube_m_l:
  target_pose:
    position: [0, -2.775558e-17, 0.2325]
    orientation:
      - [-1, 1.355253e-20, -7.34641e-06]
      - [1.355253e-20, 1, 4.978121e-26]
      - [7.34641e-06, -4.978121e-26, -1]