tf_mat_world_flan1:
  target_pose:
    position: [0.1416846, 0.5319591, 0.09579256]
    orientation:
      - [0.9967798, 0.0706095, 0.03800396]
      - [0.07062925, -0.9975023, 0.0008244733]
      - [0.03796726, 0.001862373, -0.9992772]
tf_mat_world_flan4:
  target_pose:
    position: [0.1275136, -0.5316739, 0.09552354]
    orientation:
      - [1, 2.213173e-06, -5.852013e-05]
      - [2.211113e-06, -1, -3.51864e-05]
      - [-5.852021e-05, 3.518627e-05, -1]
tf_mat_base_link1_0:
  target_pose:
    position: [0.072125, 0.072125, 0.018]
    orientation:
      - [-2.597348e-06, -0.7071068, 0.7071068]
      - [-2.597348e-06, -0.7071068, -0.7071068]
      - [1, -3.673205e-06, -2.220446e-16]
tf_mat_base_link4_0:
  target_pose:
    position: [0.072125, -0.072125, 0.018]
    orientation:
      - [-2.597348e-06, -0.7071068, -0.7071068]
      - [2.597348e-06, 0.7071068, -0.7071068]
      - [1, -3.673205e-06, 2.220446e-16]
tf_mat_base_link2_0:
  target_pose:
    position: [-0.072125, 0.072125, 0.018]
    orientation:
      - [2.597348e-06, 0.7071068, 0.7071068]
      - [-2.597348e-06, -0.7071068, 0.7071068]
      - [1, -3.673205e-06, 5.551115e-16]
tf_mat_base_link3_0:
  target_pose:
    position: [-0.072125, -0.072125, 0.018]
    orientation:
      - [2.597348e-06, 0.7071068, -0.7071068]
      - [2.597348e-06, 0.7071068, 0.7071068]
      - [1, -3.673205e-06, -2.220446e-16]
tf_mat_link2_0_flan2:
  target_pose:
    position: [0.4800003, -0.4300003, 0.2999997]
    orientation:
      - [-1.121556e-06, -2.344865e-06, 1]
      - [-0.7071025, 0.7071111, 8.65025e-07]
      - [-0.7071111, -0.7071025, -2.451125e-06]
tf_mat_link3_0_flan3:
  target_pose:
    position: [0.4800011, -0.4300018, -0.2999988]
    orientation:
      - [-7.289405e-06, -6.040852e-07, 1]
      - [-0.7071061, -0.7071074, -5.581537e-06]
      - [0.7071074, -0.7071061, 4.727241e-06]
tf_mat_base_camera_link:
  target_pose:
    position: [0.16893, 0.0325, 0.11643]
    orientation:
      - [-3.673205e-06, 0.760249, 0.6496318]
      - [-1, -2.792551e-06, -2.386231e-06]
      - [2.220446e-16, -0.6496318, 0.760249]
tf_mat_world_cube_m:
  target_pose:
    position: [0.81, -1.317052e-05, 0.135]
    orientation:
      - [-1, 3.403356e-10, 9.265359e-05]
      - [9.265359e-05, 3.673205e-06, 1]
      - [6.776264e-21, 1, -3.673205e-06]
tf_mat_cube_m_r:
  target_pose:
    position: [2.220446e-16, -2.775558e-17, -0.22]
    orientation:
      - [1, 0, 0]
      - [0, 1, 0]
      - [0, 0, 1]
tf_mat_cube_m_l:
  target_pose:
    position: [0, 0, 0.22]
    orientation:
      - [1, 7.34641e-06, 7.34641e-06]
      - [7.34641e-06, -1, 5.397006e-11]
      - [7.34641e-06, -3.203963e-16, -1]