tf_mat_world_flan1:
  target_pose:
    position: [0.1417056, 0.5319608, 0.0957967]
    orientation:
      - [0.9967776, 0.07060876, 0.03806335]
      - [0.07062993, -0.9975023, 0.0007896871]
      - [0.03802403, 0.001901269, -0.999275]
tf_mat_world_flan4:
  target_pose:
    position: [0.2178985, -0.4945924, 0.06084035]
    orientation:
      - [0.9931876, 0.1119486, 0.03233949]
      - [0.1048651, -0.9797, 0.1708546]
      - [0.05080994, -0.1662994, -0.9847654]
tf_mat_base_link1_0:
  target_pose:
    position: [0.072125, 0.072125, 0.018]
    orientation:
      - [-2.597348e-06, -0.7071068, 0.7071068]
      - [-2.597348e-06, -0.7071068, -0.7071068]
      - [1, -3.673205e-06, -2.220446e-16]
tf_mat_base_link4_0:
  target_pose:
    position: [0.072125, -0.072125, 0.018]
    orientation:
      - [-2.597348e-06, -0.7071068, -0.7071068]
      - [2.597348e-06, 0.7071068, -0.7071068]
      - [1, -3.673205e-06, 2.220446e-16]
tf_mat_base_link2_0:
  target_pose:
    position: [-0.072125, 0.072125, 0.018]
    orientation:
      - [2.597348e-06, 0.7071068, 0.7071068]
      - [-2.597348e-06, -0.7071068, 0.7071068]
      - [1, -3.673205e-06, 5.551115e-16]
tf_mat_base_link3_0:
  target_pose:
    position: [-0.072125, -0.072125, 0.018]
    orientation:
      - [2.597348e-06, 0.7071068, -0.7071068]
      - [2.597348e-06, 0.7071068, 0.7071068]
      - [1, -3.673205e-06, -2.220446e-16]
tf_mat_link2_0_flan2:
  target_pose:
    position: [0.5723888, 0.007426294, 0.1325013]
    orientation:
      - [-0.7656505, -0.3675431, 0.5279123]
      - [-0.5760335, 0.7570215, -0.308389]
      - [-0.2862947, -0.5402134, -0.7913311]
tf_mat_link3_0_flan3:
  target_pose:
    position: [0.609448, -0.07928163, -0.1935176]
    orientation:
      - [-0.5548584, 0.4397959, 0.7061952]
      - [-0.8219859, -0.4207551, -0.3838024]
      - [0.1283406, -0.7934386, 0.5949655]
tf_mat_base_camera_link:
  target_pose:
    position: [0.16893, 0.0325, 0.11643]
    orientation:
      - [-3.673205e-06, 0.760249, 0.6496318]
      - [-1, -2.792551e-06, -2.386231e-06]
      - [2.220446e-16, -0.6496318, 0.760249]
tf_mat_world_cube_m:
  target_pose:
    position: [0.78, -1.033582e-05, 0.15]
    orientation:
      - [-1, 3.403356e-10, 9.265359e-05]
      - [9.265359e-05, 3.673205e-06, 1]
      - [6.776264e-21, 1, -3.673205e-06]
tf_mat_cube_m_r:
  target_pose:
    position: [-1.110223e-16, -2.775558e-17, -0.1725]
    orientation:
      - [1, 0, 0]
      - [0, 1, 0]
      - [0, 0, 1]
tf_mat_cube_m_l:
  target_pose:
    position: [0, 5.551115e-17, 0.1725]
    orientation:
      - [1, 7.34641e-06, 7.34641e-06]
      - [7.34641e-06, -1, 5.397006e-11]
      - [7.34641e-06, -3.203963e-16, -1]