step_0:
  tf_mat_link2_0_flan2:
    target_pose:
      position: [0.4449700253923486, -0.0561380867627807, 0.124757346648136]
      orientation:
        - [-0.9892012358250809, 0.1465384503132566, -0.00272142118874697]
        - [0.1013931796379517, 0.6976219533655952, 0.7092552292900834]
        - [0.1058316853323705, 0.7013202158067838, -0.7049464978183138]
  tf_mat_link3_0_flan3:
    target_pose:
      position: [0.4438833250143729, -0.05522304345152584, -0.1255651869857371]
      orientation:
        - [-0.9892001629540074, -0.1465457309617705, 0.00271934876361426]
        - [0.1058352922211627, -0.7013189000126397, 0.7049472652554714]
        - [-0.1013998815943644, 0.6976217466873855, 0.7092544743871537]
step_1:
  tf_mat_link2_0_flan2:
    target_pose:
      position: [0.444972929040914, -0.05612413757607526, 0.1247713652743279]
      orientation:
        - [-0.9892012358250809, 0.1465384503132566, -0.00272142118874697]
        - [0.1013931796379517, 0.6976219533655952, 0.7092552292900834]
        - [0.1058316853323705, 0.7013202158067838, -0.7049464978183138]
  tf_mat_link3_0_flan3:
    target_pose:
      position: [0.4438862286631933, -0.05520902483599965, -0.1255791361831082]
      orientation:
        - [-0.9892001629540074, -0.1465457309617705, 0.00271934876361426]
        - [0.1058352922211627, -0.7013189000126397, 0.7049472652554714]
        - [-0.1013998815943644, 0.6976217466873855, 0.7092544743871537]
step_2:
  tf_mat_link2_0_flan2:
    target_pose:
      position: [0.4449758774397999, -0.05611020806453226, 0.1247853724097529]
      orientation:
        - [-0.9892012358250809, 0.1465384503132566, -0.00272142118874697]
        - [0.1013931796379517, 0.6976219533655952, 0.7092552292900834]
        - [0.1058316853323705, 0.7013202158067838, -0.7049464978183138]
  tf_mat_link3_0_flan3:
    target_pose:
      position: [0.4438891770623642, -0.05519501771140478, -0.1255930657054812]
      orientation:
        - [-0.9892001629540074, -0.1465457309617705, 0.00271934876361426]
        - [0.1058352922211627, -0.7013189000126397, 0.7049472652554714]
        - [-0.1013998815943644, 0.6976217466873855, 0.7092544743871537]
step_3:
  tf_mat_link2_0_flan2:
    target_pose:
      position: [0.4449787810007919, -0.05609625884109481, 0.1247993910567142]
      orientation:
        - [-0.9892012358250809, 0.1465384503132566, -0.00272142118874697]
        - [0.1013931796379517, 0.6976219533655952, 0.7092552292900834]
        - [0.1058316853323705, 0.7013202158067838, -0.7049464978183138]
  tf_mat_link3_0_flan3:
    target_pose:
      position: [0.4438920806236112, -0.05518099907510882, -0.125607014939584]
      orientation:
        - [-0.9892001629540074, -0.1465457309617705, 0.00271934876361426]
        - [0.1058352922211627, -0.7013189000126397, 0.7049472652554714]
        - [-0.1013998815943644, 0.6976217466873855, 0.7092544743871537]
step_4:
  tf_mat_link2_0_flan2:
    target_pose:
      position: [0.444981729574824, -0.05608232940301583, 0.1248133981506003]
      orientation:
        - [-0.9892012358250809, 0.1465384503132566, -0.00272142118874697]
        - [0.1013931796379517, 0.6976219533655952, 0.7092552292900834]
        - [0.1058316853323705, 0.7013202158067838, -0.7049464978183138]
  tf_mat_link3_0_flan3:
    target_pose:
      position: [0.4438950291979286, -0.05516699199205344, -0.1256209443884938]
      orientation:
        - [-0.9892001629540074, -0.1465457309617705, 0.00271934876361426]
        - [0.1058352922211627, -0.7013189000126397, 0.7049472652554714]
        - [-0.1013998815943644, 0.6976217466873855, 0.7092544743871537]
step_5:
  tf_mat_link2_0_flan2:
    target_pose:
      position: [0.4449846331358162, -0.05606838017957855, 0.1248274167975616]
      orientation:
        - [-0.9892012358250809, 0.1465384503132566, -0.00272142118874697]
        - [0.1013931796379517, 0.6976219533655952, 0.7092552292900834]
        - [0.1058316853323705, 0.7013202158067838, -0.7049464978183138]
  tf_mat_link3_0_flan3:
    target_pose:
      position: [0.4438979327591757, -0.05515297335575753, -0.1256348936225965]
      orientation:
        - [-0.9892001629540074, -0.1465457309617705, 0.00271934876361426]
        - [0.1058352922211627, -0.7013189000126397, 0.7049472652554714]
        - [-0.1013998815943644, 0.6976217466873855, 0.7092544743871537]
step_6:
  tf_mat_link2_0_flan2:
    target_pose:
      position: [0.4449875813595557, -0.05605445059457137, 0.1248414239745254]
      orientation:
        - [-0.9892012358250809, 0.1465384503132566, -0.00272142118874697]
        - [0.1013931796379517, 0.6976219533655952, 0.7092552292900834]
        - [0.1058316853323705, 0.7013202158067838, -0.7049464978183138]
  tf_mat_link3_0_flan3:
    target_pose:
      position: [0.4439008809832002, -0.05513896618962311, -0.125648823218433]
      orientation:
        - [-0.9892001629540074, -0.1465457309617705, 0.00271934876361426]
        - [0.1058352922211627, -0.7013189000126397, 0.7049472652554714]
        - [-0.1013998815943644, 0.6976217466873855, 0.7092544743871537]
step_7:
  tf_mat_link2_0_flan2:
    target_pose:
      position: [0.4449904849205479, -0.05604050137113403, 0.1248554426214868]
      orientation:
        - [-0.9892012358250809, 0.1465384503132566, -0.00272142118874697]
        - [0.1013931796379517, 0.6976219533655952, 0.7092552292900834]
        - [0.1058316853323705, 0.7013202158067838, -0.7049464978183138]
  tf_mat_link3_0_flan3:
    target_pose:
      position: [0.4439037845444473, -0.05512494755332709, -0.1256627724525358]
      orientation:
        - [-0.9892001629540074, -0.1465457309617705, 0.00271934876361426]
        - [0.1058352922211627, -0.7013189000126397, 0.7049472652554714]
        - [-0.1013998815943644, 0.6976217466873855, 0.7092544743871537]
step_8:
  tf_mat_link2_0_flan2:
    target_pose:
      position: [0.4449934331442876, -0.05602657178612702, 0.1248694497984507]
      orientation:
        - [-0.9892012358250809, 0.1465384503132566, -0.00272142118874697]
        - [0.1013931796379517, 0.6976219533655952, 0.7092552292900834]
        - [0.1058316853323705, 0.7013202158067838, -0.7049464978183138]
  tf_mat_link3_0_flan3:
    target_pose:
      position: [0.4439067327684719, -0.05511094038719266, -0.1256767020483723]
      orientation:
        - [-0.9892001629540074, -0.1465457309617705, 0.00271934876361426]
        - [0.1058352922211627, -0.7013189000126397, 0.7049472652554714]
        - [-0.1013998815943644, 0.6976217466873855, 0.7092544743871537]
step_9:
  tf_mat_link2_0_flan2:
    target_pose:
      position: [0.4449963374058649, -0.05601262285654585, 0.1248834682792563]
      orientation:
        - [-0.9892012358250809, 0.1465384503132566, -0.00272142118874697]
        - [0.1013931796379517, 0.6976219533655952, 0.7092552292900834]
        - [0.1058316853323705, 0.7013202158067838, -0.7049464978183138]
  tf_mat_link3_0_flan3:
    target_pose:
      position: [0.4439096370303046, -0.0550969219170549, -0.1256906509886214]
      orientation:
        - [-0.9892001629540074, -0.1465457309617705, 0.00271934876361426]
        - [0.1058352922211627, -0.7013189000126397, 0.7049472652554714]
        - [-0.1013998815943644, 0.6976217466873855, 0.7092544743871537]
step_10:
  tf_mat_link2_0_flan2:
    target_pose:
      position: [0.4449992856296043, -0.05599869327153872, 0.1248974754562203]
      orientation:
        - [-0.9892012358250809, 0.1465384503132566, -0.00272142118874697]
        - [0.1013931796379517, 0.6976219533655952, 0.7092552292900834]
        - [0.1058316853323705, 0.7013202158067838, -0.7049464978183138]
  tf_mat_link3_0_flan3:
    target_pose:
      position: [0.4439125852543291, -0.05508291475092053, -0.1257045805844579]
      orientation:
        - [-0.9892001629540074, -0.1465457309617705, 0.00271934876361426]
        - [0.1058352922211627, -0.7013189000126397, 0.7049472652554714]
        - [-0.1013998815943644, 0.6976217466873855, 0.7092544743871537]
step_11:
  tf_mat_link2_0_flan2:
    target_pose:
      position: [0.4450022338533439, -0.0559847636865316, 0.1249114826331841]
      orientation:
        - [-0.9892012358250809, 0.1465384503132566, -0.00272142118874697]
        - [0.1013931796379517, 0.6976219533655952, 0.7092552292900834]
        - [0.1058316853323705, 0.7013202158067838, -0.7049464978183138]
  tf_mat_link3_0_flan3:
    target_pose:
      position: [0.4439155334783537, -0.05506890758478611, -0.1257185101802944]
      orientation:
        - [-0.9892001629540074, -0.1465457309617705, 0.00271934876361426]
        - [0.1058352922211627, -0.7013189000126397, 0.7049472652554714]
        - [-0.1013998815943644, 0.6976217466873855, 0.7092544743871537]
step_12:
  tf_mat_link2_0_flan2:
    target_pose:
      position: [0.4450051374143361, -0.05597081446309432, 0.1249255012801454]
      orientation:
        - [-0.9892012358250809, 0.1465384503132566, -0.00272142118874697]
        - [0.1013931796379517, 0.6976219533655952, 0.7092552292900834]
        - [0.1058316853323705, 0.7013202158067838, -0.7049464978183138]
  tf_mat_link3_0_flan3:
    target_pose:
      position: [0.4439184370396008, -0.05505488894849009, -0.1257324594143971]
      orientation:
        - [-0.9892001629540074, -0.1465457309617705, 0.00271934876361426]
        - [0.1058352922211627, -0.7013189000126397, 0.7049472652554714]
        - [-0.1013998815943644, 0.6976217466873855, 0.7092544743871537]
step_13:
  tf_mat_link2_0_flan2:
    target_pose:
      position: [0.4450080856380757, -0.05595688487808714, 0.1249395084571093]
      orientation:
        - [-0.9892012358250809, 0.1465384503132566, -0.00272142118874697]
        - [0.1013931796379517, 0.6976219533655952, 0.7092552292900834]
        - [0.1058316853323705, 0.7013202158067838, -0.7049464978183138]
  tf_mat_link3_0_flan3:
    target_pose:
      position: [0.4439213852636253, -0.05504088178235567, -0.1257463890102337]
      orientation:
        - [-0.9892001629540074, -0.1465457309617705, 0.00271934876361426]
        - [0.1058352922211627, -0.7013189000126397, 0.7049472652554714]
        - [-0.1013998815943644, 0.6976217466873855, 0.7092544743871537]
step_14:
  tf_mat_link2_0_flan2:
    target_pose:
      position: [0.445010989199068, -0.05594293565464981, 0.1249535271040706]
      orientation:
        - [-0.9892012358250809, 0.1465384503132566, -0.00272142118874697]
        - [0.1013931796379517, 0.6976219533655952, 0.7092552292900834]
        - [0.1058316853323705, 0.7013202158067838, -0.7049464978183138]
  tf_mat_link3_0_flan3:
    target_pose:
      position: [0.4439242888248726, -0.05502686314605976, -0.1257603382443364]
      orientation:
        - [-0.9892001629540074, -0.1465457309617705, 0.00271934876361426]
        - [0.1058352922211627, -0.7013189000126397, 0.7049472652554714]
        - [-0.1013998815943644, 0.6976217466873855, 0.7092544743871537]
step_15:
  tf_mat_link2_0_flan2:
    target_pose:
      position: [0.4450139374228076, -0.05592900606964274, 0.1249675342810344]
      orientation:
        - [-0.9892012358250809, 0.1465384503132566, -0.00272142118874697]
        - [0.1013931796379517, 0.6976219533655952, 0.7092552292900834]
        - [0.1058316853323705, 0.7013202158067838, -0.7049464978183138]
  tf_mat_link3_0_flan3:
    target_pose:
      position: [0.443927237048897, -0.05501285597992533, -0.1257742678401729]
      orientation:
        - [-0.9892001629540074, -0.1465457309617705, 0.00271934876361426]
        - [0.1058352922211627, -0.7013189000126397, 0.7049472652554714]
        - [-0.1013998815943644, 0.6976217466873855, 0.7092544743871537]
step_16:
  tf_mat_link2_0_flan2:
    target_pose:
      position: [0.4450168416843846, -0.05591505714006162, 0.1249815527618402]
      orientation:
        - [-0.9892012358250809, 0.1465384503132566, -0.00272142118874697]
        - [0.1013931796379517, 0.6976219533655952, 0.7092552292900834]
        - [0.1058316853323705, 0.7013202158067838, -0.7049464978183138]
  tf_mat_link3_0_flan3:
    target_pose:
      position: [0.4439301413107297, -0.05499883750978751, -0.125788216780422]
      orientation:
        - [-0.9892001629540074, -0.1465457309617705, 0.00271934876361426]
        - [0.1058352922211627, -0.7013189000126397, 0.7049472652554714]
        - [-0.1013998815943644, 0.6976217466873855, 0.7092544743871537]
step_17:
  tf_mat_link2_0_flan2:
    target_pose:
      position: [0.4450197892075392, -0.05590112726119822, 0.1249955601049597]
      orientation:
        - [-0.9892012358250809, 0.1465384503132566, -0.00272142118874697]
        - [0.1013931796379517, 0.6976219533655952, 0.7092552292900834]
        - [0.1058316853323705, 0.7013202158067838, -0.7049464978183138]
  tf_mat_link3_0_flan3:
    target_pose:
      position: [0.4439330888341687, -0.05498483017749489, -0.1258021466701122]
      orientation:
        - [-0.9892001629540074, -0.1465457309617705, 0.00271934876361426]
        - [0.1058352922211627, -0.7013189000126397, 0.7049472652554714]
        - [-0.1013998815943644, 0.6976217466873855, 0.7092544743871537]
step_18:
  tf_mat_link2_0_flan2:
    target_pose:
      position: [0.4450226934691164, -0.05588717833161705, 0.1250095785857654]
      orientation:
        - [-0.9892012358250809, 0.1465384503132566, -0.00272142118874697]
        - [0.1013931796379517, 0.6976219533655952, 0.7092552292900834]
        - [0.1058316853323705, 0.7013202158067838, -0.7049464978183138]
  tf_mat_link3_0_flan3:
    target_pose:
      position: [0.4439359930960013, -0.05497081170735707, -0.1258160956103613]
      orientation:
        - [-0.9892001629540074, -0.1465457309617705, 0.00271934876361426]
        - [0.1058352922211627, -0.7013189000126397, 0.7049472652554714]
        - [-0.1013998815943644, 0.6976217466873855, 0.7092544743871537]
step_19:
  tf_mat_link2_0_flan2:
    target_pose:
      position: [0.4450256423934411, -0.05587324904046631, 0.1250235855965736]
      orientation:
        - [-0.9892012358250809, 0.1465384503132566, -0.00272142118874697]
        - [0.1013931796379517, 0.6976219533655952, 0.7092552292900834]
        - [0.1058316853323705, 0.7013202158067838, -0.7049464978183138]
  tf_mat_link3_0_flan3:
    target_pose:
      position: [0.4439389420206115, -0.0549568047073809, -0.1258300249123441]
      orientation:
        - [-0.9892001629540074, -0.1465457309617705, 0.00271934876361426]
        - [0.1058352922211627, -0.7013189000126397, 0.7049472652554714]
        - [-0.1013998815943644, 0.6976217466873855, 0.7092544743871537]
step_20:
  tf_mat_link2_0_flan2:
    target_pose:
      position: [0.4450285452538482, -0.0558592995231727, 0.1250376044096905]
      orientation:
        - [-0.9892012358250809, 0.1465384503132566, -0.00272142118874697]
        - [0.1013931796379517, 0.6976219533655952, 0.7092552292900834]
        - [0.1058316853323705, 0.7013202158067838, -0.7049464978183138]
  tf_mat_link3_0_flan3:
    target_pose:
      position: [0.4439418448812732, -0.05494278590492679, -0.1258439744403005]
      orientation:
        - [-0.9892001629540074, -0.1465457309617705, 0.00271934876361426]
        - [0.1058352922211627, -0.7013189000126397, 0.7049472652554714]
        - [-0.1013998815943644, 0.6976217466873855, 0.7092544743871537]
step_21:
  tf_mat_link2_0_flan2:
    target_pose:
      position: [0.4450314941781728, -0.0558453702320218, 0.1250516114204988]
      orientation:
        - [-0.9892012358250809, 0.1465384503132566, -0.00272142118874697]
        - [0.1013931796379517, 0.6976219533655952, 0.7092552292900834]
        - [0.1058316853323705, 0.7013202158067838, -0.7049464978183138]
  tf_mat_link3_0_flan3:
    target_pose:
      position: [0.4439447938058833, -0.05492877890495051, -0.1258579037422834]
      orientation:
        - [-0.9892001629540074, -0.1465457309617705, 0.00271934876361426]
        - [0.1058352922211627, -0.7013189000126397, 0.7049472652554714]
        - [-0.1013998815943644, 0.6976217466873855, 0.7092544743871537]
step_22:
  tf_mat_link2_0_flan2:
    target_pose:
      position: [0.4450344417013274, -0.05583144035315846, 0.1250656187636183]
      orientation:
        - [-0.9892012358250809, 0.1465384503132566, -0.00272142118874697]
        - [0.1013931796379517, 0.6976219533655952, 0.7092552292900834]
        - [0.1058316853323705, 0.7013202158067838, -0.7049464978183138]
  tf_mat_link3_0_flan3:
    target_pose:
      position: [0.4439477413293222, -0.05491477157265789, -0.1258718336319736]
      orientation:
        - [-0.9892001629540074, -0.1465457309617705, 0.00271934876361426]
        - [0.1058352922211627, -0.7013189000126397, 0.7049472652554714]
        - [-0.1013998815943644, 0.6976217466873855, 0.7092544743871537]
step_23:
  tf_mat_link2_0_flan2:
    target_pose:
      position: [0.4450373459629043, -0.05581749142357734, 0.125079637244424]
      orientation:
        - [-0.9892012358250809, 0.1465384503132566, -0.00272142118874697]
        - [0.1013931796379517, 0.6976219533655952, 0.7092552292900834]
        - [0.1058316853323705, 0.7013202158067838, -0.7049464978183138]
  tf_mat_link3_0_flan3:
    target_pose:
      position: [0.4439506455911548, -0.05490075310252007, -0.1258857825722227]
      orientation:
        - [-0.9892001629540074, -0.1465457309617705, 0.00271934876361426]
        - [0.1058352922211627, -0.7013189000126397, 0.7049472652554714]
        - [-0.1013998815943644, 0.6976217466873855, 0.7092544743871537]
step_24:
  tf_mat_link2_0_flan2:
    target_pose:
      position: [0.445040293486059, -0.055803561544714, 0.1250936445875435]
      orientation:
        - [-0.9892012358250809, 0.1465384503132566, -0.00272142118874697]
        - [0.1013931796379517, 0.6976219533655952, 0.7092552292900834]
        - [0.1058316853323705, 0.7013202158067838, -0.7049464978183138]
  tf_mat_link3_0_flan3:
    target_pose:
      position: [0.4439535931145938, -0.05488674577022745, -0.1258997124619129]
      orientation:
        - [-0.9892001629540074, -0.1465457309617705, 0.00271934876361426]
        - [0.1058352922211627, -0.7013189000126397, 0.7049472652554714]
        - [-0.1013998815943644, 0.6976217466873855, 0.7092544743871537]
step_25:
  tf_mat_link2_0_flan2:
    target_pose:
      position: [0.4450431977476363, -0.05578961261513293, 0.1251076630683491]
      orientation:
        - [-0.9892012358250809, 0.1465384503132566, -0.00272142118874697]
        - [0.1013931796379517, 0.6976219533655952, 0.7092552292900834]
        - [0.1058316853323705, 0.7013202158067838, -0.7049464978183138]
  tf_mat_link3_0_flan3:
    target_pose:
      position: [0.4439564973764266, -0.05487272730008985, -0.1259136614021619]
      orientation:
        - [-0.9892001629540074, -0.1465457309617705, 0.00271934876361426]
        - [0.1058352922211627, -0.7013189000126397, 0.7049472652554714]
        - [-0.1013998815943644, 0.6976217466873855, 0.7092544743871537]
step_26:
  tf_mat_link2_0_flan2:
    target_pose:
      position: [0.445046146671961, -0.05577568332398208, 0.1251216700791574]
      orientation:
        - [-0.9892012358250809, 0.1465384503132566, -0.00272142118874697]
        - [0.1013931796379517, 0.6976219533655952, 0.7092552292900834]
        - [0.1058316853323705, 0.7013202158067838, -0.7049464978183138]
  tf_mat_link3_0_flan3:
    target_pose:
      position: [0.4439594463010366, -0.05485872030011352, -0.1259275907041448]
      orientation:
        - [-0.9892001629540074, -0.1465457309617705, 0.00271934876361426]
        - [0.1058352922211627, -0.7013189000126397, 0.7049472652554714]
        - [-0.1013998815943644, 0.6976217466873855, 0.7092544743871537]
step_27:
  tf_mat_link2_0_flan2:
    target_pose:
      position: [0.445049049532368, -0.05576173380668847, 0.1251356888922743]
      orientation:
        - [-0.9892012358250809, 0.1465384503132566, -0.00272142118874697]
        - [0.1013931796379517, 0.6976219533655952, 0.7092552292900834]
        - [0.1058316853323705, 0.7013202158067838, -0.7049464978183138]
  tf_mat_link3_0_flan3:
    target_pose:
      position: [0.4439623491616983, -0.05484470149765941, -0.1259415402321012]
      orientation:
        - [-0.9892001629540074, -0.1465457309617705, 0.00271934876361426]
        - [0.1058352922211627, -0.7013189000126397, 0.7049472652554714]
        - [-0.1013998815943644, 0.6976217466873855, 0.7092544743871537]
step_28:
  tf_mat_link2_0_flan2:
    target_pose:
      position: [0.4450519984566927, -0.05574780451553757, 0.1251496959030826]
      orientation:
        - [-0.9892012358250813, 0.1465384503132567, -0.002721421188746971]
        - [0.1013931796379517, 0.6976219533655951, 0.7092552292900836]
        - [0.1058316853323706, 0.7013202158067842, -0.704946497818314]
  tf_mat_link3_0_flan3:
    target_pose:
      position: [0.4439652980863084, -0.05483069449768319, -0.1259554695340841]
      orientation:
        - [-0.9892001629540078, -0.1465457309617705, 0.002719348763614261]
        - [0.1058352922211628, -0.7013189000126402, 0.7049472652554716]
        - [-0.1013998815943645, 0.6976217466873855, 0.7092544743871539]
step_29:
  tf_mat_link2_0_flan2:
    target_pose:
      position: [0.4450549013170998, -0.05573385499824401, 0.1251637147161996]
      orientation:
        - [-0.9892012358250809, 0.1465384503132566, -0.00272142118874697]
        - [0.1013931796379517, 0.6976219533655952, 0.7092552292900834]
        - [0.1058316853323705, 0.7013202158067838, -0.7049464978183138]
  tf_mat_link3_0_flan3:
    target_pose:
      position: [0.4439682009469699, -0.05481667569522897, -0.1259694190620405]
      orientation:
        - [-0.9892001629540074, -0.1465457309617705, 0.00271934876361426]
        - [0.1058352922211627, -0.7013189000126397, 0.7049472652554714]
        - [-0.1013998815943644, 0.6976217466873855, 0.7092544743871537]
step_30:
  tf_mat_link2_0_flan2:
    target_pose:
      position: [0.4450578502414244, -0.05571992570709305, 0.1251777217270078]
      orientation:
        - [-0.9892012358250809, 0.1465384503132566, -0.00272142118874697]
        - [0.1013931796379517, 0.6976219533655952, 0.7092552292900834]
        - [0.1058316853323705, 0.7013202158067838, -0.7049464978183138]
  tf_mat_link3_0_flan3:
    target_pose:
      position: [0.4439711498715802, -0.05480266869525274, -0.1259833483640234]
      orientation:
        - [-0.9892001629540074, -0.1465457309617705, 0.00271934876361426]
        - [0.1058352922211627, -0.7013189000126397, 0.7049472652554714]
        - [-0.1013998815943644, 0.6976217466873855, 0.7092544743871537]
step_31:
  tf_mat_link2_0_flan2:
    target_pose:
      position: [0.4450607531018315, -0.05570597618979944, 0.1251917405401247]
      orientation:
        - [-0.9892012358250809, 0.1465384503132566, -0.00272142118874697]
        - [0.1013931796379517, 0.6976219533655952, 0.7092552292900834]
        - [0.1058316853323705, 0.7013202158067838, -0.7049464978183138]
  tf_mat_link3_0_flan3:
    target_pose:
      position: [0.4439740527322416, -0.05478864989279864, -0.1259972978919798]
      orientation:
        - [-0.9892001629540074, -0.1465457309617705, 0.00271934876361426]
        - [0.1058352922211627, -0.7013189000126397, 0.7049472652554714]
        - [-0.1013998815943644, 0.6976217466873855, 0.7092544743871537]
step_32:
  tf_mat_link2_0_flan2:
    target_pose:
      position: [0.4450637034273263, -0.0556920474863612, 0.1252057472186218]
      orientation:
        - [-0.9892012358250809, 0.1465384503132566, -0.00272142118874697]
        - [0.1013931796379517, 0.6976219533655952, 0.7092552292900834]
        - [0.1058316853323705, 0.7013202158067838, -0.7049464978183138]
  tf_mat_link3_0_flan3:
    target_pose:
      position: [0.4439770030580228, -0.0547746432251387, -0.1260112266062552]
      orientation:
        - [-0.9892001629540074, -0.1465457309617705, 0.00271934876361426]
        - [0.1058352922211627, -0.7013189000126397, 0.7049472652554714]
        - [-0.1013998815943644, 0.6976217466873855, 0.7092544743871537]
step_33:
  tf_mat_link2_0_flan2:
    target_pose:
      position: [0.4450666062877334, -0.05567809796906753, 0.1252197660317386]
      orientation:
        - [-0.9892012358250809, 0.1465384503132566, -0.00272142118874697]
        - [0.1013931796379517, 0.6976219533655952, 0.7092552292900834]
        - [0.1058316853323705, 0.7013202158067838, -0.7049464978183138]
  tf_mat_link3_0_flan3:
    target_pose:
      position: [0.4439799059186843, -0.05476062442268459, -0.1260251761342117]
      orientation:
        - [-0.9892001629540074, -0.1465457309617705, 0.00271934876361426]
        - [0.1058352922211627, -0.7013189000126397, 0.7049472652554714]
        - [-0.1013998815943644, 0.6976217466873855, 0.7092544743871537]
step_34:
  tf_mat_link2_0_flan2:
    target_pose:
      position: [0.445069553810888, -0.05566416809020414, 0.1252337733748582]
      orientation:
        - [-0.9892012358250809, 0.1465384503132566, -0.00272142118874697]
        - [0.1013931796379517, 0.6976219533655952, 0.7092552292900834]
        - [0.1058316853323705, 0.7013202158067838, -0.7049464978183138]
  tf_mat_link3_0_flan3:
    target_pose:
      position: [0.4439828534421234, -0.05474661709039197, -0.1260391060239018]
      orientation:
        - [-0.9892001629540074, -0.1465457309617705, 0.00271934876361426]
        - [0.1058352922211627, -0.7013189000126397, 0.7049472652554714]
        - [-0.1013998815943644, 0.6976217466873855, 0.7092544743871537]
step_35:
  tf_mat_link2_0_flan2:
    target_pose:
      position: [0.4450725013340424, -0.05565023821134085, 0.1252477807179777]
      orientation:
        - [-0.9892012358250809, 0.1465384503132566, -0.00272142118874697]
        - [0.1013931796379517, 0.6976219533655952, 0.7092552292900834]
        - [0.1058316853323705, 0.7013202158067838, -0.7049464978183138]
  tf_mat_link3_0_flan3:
    target_pose:
      position: [0.4439858009655623, -0.0547326097580994, -0.1260530359135921]
      orientation:
        - [-0.9892001629540074, -0.1465457309617705, 0.00271934876361426]
        - [0.1058352922211627, -0.7013189000126397, 0.7049472652554714]
        - [-0.1013998815943644, 0.6976217466873855, 0.7092544743871537]
step_36:
  tf_mat_link2_0_flan2:
    target_pose:
      position: [0.4450754069967898, -0.05563628986947222, 0.1252617988664721]
      orientation:
        - [-0.9892012358250809, 0.1465384503132566, -0.00272142118874697]
        - [0.1013931796379517, 0.6976219533655952, 0.7092552292900834]
        - [0.1058316853323705, 0.7013202158067838, -0.7049464978183138]
  tf_mat_link3_0_flan3:
    target_pose:
      position: [0.4439887066285662, -0.05471859162027803, -0.1260669842661337]
      orientation:
        - [-0.9892001629540074, -0.1465457309617705, 0.00271934876361426]
        - [0.1058352922211627, -0.7013189000126397, 0.7049472652554714]
        - [-0.1013998815943644, 0.6976217466873855, 0.7092544743871537]
step_37:
  tf_mat_link2_0_flan2:
    target_pose:
      position: [0.4450783545199444, -0.05562235999060888, 0.1252758062095916]
      orientation:
        - [-0.9892012358250809, 0.1465384503132566, -0.00272142118874697]
        - [0.1013931796379517, 0.6976219533655952, 0.7092552292900834]
        - [0.1058316853323705, 0.7013202158067838, -0.7049464978183138]
  tf_mat_link3_0_flan3:
    target_pose:
      position: [0.4439916541520054, -0.05470458428798541, -0.1260809141558239]
      orientation:
        - [-0.9892001629540074, -0.1465457309617705, 0.00271934876361426]
        - [0.1058352922211627, -0.7013189000126397, 0.7049472652554714]
        - [-0.1013998815943644, 0.6976217466873855, 0.7092544743871537]
step_38:
  tf_mat_link2_0_flan2:
    target_pose:
      position: [0.4450812573803514, -0.05560841047331522, 0.1252898250227086]
      orientation:
        - [-0.9892012358250809, 0.1465384503132566, -0.00272142118874697]
        - [0.1013931796379517, 0.6976219533655952, 0.7092552292900834]
        - [0.1058316853323705, 0.7013202158067838, -0.7049464978183138]
  tf_mat_link3_0_flan3:
    target_pose:
      position: [0.4439945570126668, -0.0546905654855312, -0.1260948636837804]
      orientation:
        - [-0.9892001629540074, -0.1465457309617705, 0.00271934876361426]
        - [0.1058352922211627, -0.7013189000126397, 0.7049472652554714]
        - [-0.1013998815943644, 0.6976217466873855, 0.7092544743871537]
step_39:
  tf_mat_link2_0_flan2:
    target_pose:
      position: [0.4450842077058462, -0.05559448176987691, 0.1253038317012056]
      orientation:
        - [-0.9892012358250809, 0.1465384503132566, -0.00272142118874697]
        - [0.1013931796379517, 0.6976219533655952, 0.7092552292900834]
        - [0.1058316853323705, 0.7013202158067838, -0.7049464978183138]
  tf_mat_link3_0_flan3:
    target_pose:
      position: [0.4439975073384479, -0.05467655881787131, -0.1261087923980559]
      orientation:
        - [-0.9892001629540074, -0.1465457309617705, 0.00271934876361426]
        - [0.1058352922211627, -0.7013189000126397, 0.7049472652554714]
        - [-0.1013998815943644, 0.6976217466873855, 0.7092544743871537]
step_40:
  tf_mat_link2_0_flan2:
    target_pose:
      position: [0.4450871105662533, -0.0555805322525833, 0.1253178505143225]
      orientation:
        - [-0.9892012358250809, 0.1465384503132566, -0.00272142118874697]
        - [0.1013931796379517, 0.6976219533655952, 0.7092552292900834]
        - [0.1058316853323705, 0.7013202158067838, -0.7049464978183138]
  tf_mat_link3_0_flan3:
    target_pose:
      position: [0.4440004101991094, -0.0546625400154172, -0.1261227419260123]
      orientation:
        - [-0.9892001629540074, -0.1465457309617705, 0.00271934876361426]
        - [0.1058352922211627, -0.7013189000126397, 0.7049472652554714]
        - [-0.1013998815943644, 0.6976217466873855, 0.7092544743871537]
step_41:
  tf_mat_link2_0_flan2:
    target_pose:
      position: [0.4450900580894078, -0.05556660237371991, 0.125331857857442]
      orientation:
        - [-0.9892012358250809, 0.1465384503132566, -0.00272142118874697]
        - [0.1013931796379517, 0.6976219533655952, 0.7092552292900834]
        - [0.1058316853323705, 0.7013202158067838, -0.7049464978183138]
  tf_mat_link3_0_flan3:
    target_pose:
      position: [0.4440033577225485, -0.05464853268312458, -0.1261366718157025]
      orientation:
        - [-0.9892001629540074, -0.1465457309617705, 0.00271934876361426]
        - [0.1058352922211627, -0.7013189000126397, 0.7049472652554714]
        - [-0.1013998815943644, 0.6976217466873855, 0.7092544743871537]
step_42:
  tf_mat_link2_0_flan2:
    target_pose:
      position: [0.445092960949815, -0.05555265285642624, 0.1253458766705589]
      orientation:
        - [-0.9892012358250809, 0.1465384503132566, -0.00272142118874697]
        - [0.1013931796379517, 0.6976219533655952, 0.7092552292900834]
        - [0.1058316853323705, 0.7013202158067838, -0.7049464978183138]
  tf_mat_link3_0_flan3:
    target_pose:
      position: [0.4440062605832101, -0.05463451388067042, -0.126150621343659]
      orientation:
        - [-0.9892001629540074, -0.1465457309617705, 0.00271934876361426]
        - [0.1058352922211627, -0.7013189000126397, 0.7049472652554714]
        - [-0.1013998815943644, 0.6976217466873855, 0.7092544743871537]
step_43:
  tf_mat_link2_0_flan2:
    target_pose:
      position: [0.4450959112753098, -0.05553872415298799, 0.125359883349056]
      orientation:
        - [-0.9892012358250809, 0.1465384503132566, -0.00272142118874697]
        - [0.1013931796379517, 0.6976219533655952, 0.7092552292900834]
        - [0.1058316853323705, 0.7013202158067838, -0.7049464978183138]
  tf_mat_link3_0_flan3:
    target_pose:
      position: [0.4440092109089914, -0.05462050721301059, -0.1261645500579344]
      orientation:
        - [-0.9892001629540074, -0.1465457309617705, 0.00271934876361426]
        - [0.1058352922211627, -0.7013189000126397, 0.7049472652554714]
        - [-0.1013998815943644, 0.6976217466873855, 0.7092544743871537]
step_44:
  tf_mat_link2_0_flan2:
    target_pose:
      position: [0.4450988587984642, -0.0555247942741246, 0.1253738906921754]
      orientation:
        - [-0.9892012358250809, 0.1465384503132566, -0.00272142118874697]
        - [0.1013931796379517, 0.6976219533655952, 0.7092552292900834]
        - [0.1058316853323705, 0.7013202158067838, -0.7049464978183138]
  tf_mat_link3_0_flan3:
    target_pose:
      position: [0.4440121584324305, -0.05460649988071797, -0.1261784799476246]
      orientation:
        - [-0.9892001629540074, -0.1465457309617705, 0.00271934876361426]
        - [0.1058352922211627, -0.7013189000126397, 0.7049472652554714]
        - [-0.1013998815943644, 0.6976217466873855, 0.7092544743871537]
step_45:
  tf_mat_link2_0_flan2:
    target_pose:
      position: [0.4451017616588713, -0.05551084475683099, 0.1253879095052924]
      orientation:
        - [-0.9892012358250809, 0.1465384503132566, -0.00272142118874697]
        - [0.1013931796379517, 0.6976219533655952, 0.7092552292900834]
        - [0.1058316853323705, 0.7013202158067838, -0.7049464978183138]
  tf_mat_link3_0_flan3:
    target_pose:
      position: [0.4440150612930919, -0.05459248107826375, -0.1261924294755811]
      orientation:
        - [-0.9892001629540074, -0.1465457309617705, 0.00271934876361426]
        - [0.1058352922211627, -0.7013189000126397, 0.7049472652554714]
        - [-0.1013998815943644, 0.6976217466873855, 0.7092544743871537]
step_46:
  tf_mat_link2_0_flan2:
    target_pose:
      position: [0.4451047119843661, -0.05549691605339269, 0.1254019161837893]
      orientation:
        - [-0.9892012358250809, 0.1465384503132566, -0.00272142118874697]
        - [0.1013931796379517, 0.6976219533655952, 0.7092552292900834]
        - [0.1058316853323705, 0.7013202158067838, -0.7049464978183138]
  tf_mat_link3_0_flan3:
    target_pose:
      position: [0.444018011618873, -0.05457847441060393, -0.1262063581898565]
      orientation:
        - [-0.9892001629540074, -0.1465457309617705, 0.00271934876361426]
        - [0.1058352922211627, -0.7013189000126397, 0.7049472652554714]
        - [-0.1013998815943644, 0.6976217466873855, 0.7092544743871537]
step_47:
  tf_mat_link2_0_flan2:
    target_pose:
      position: [0.4451076148447732, -0.05548296653609897, 0.1254159349969063]
      orientation:
        - [-0.9892012358250809, 0.1465384503132566, -0.00272142118874697]
        - [0.1013931796379517, 0.6976219533655952, 0.7092552292900834]
        - [0.1058316853323705, 0.7013202158067838, -0.7049464978183138]
  tf_mat_link3_0_flan3:
    target_pose:
      position: [0.4440209144795345, -0.05456445560814982, -0.126220307717813]
      orientation:
        - [-0.9892001629540074, -0.1465457309617705, 0.00271934876361426]
        - [0.1058352922211627, -0.7013189000126397, 0.7049472652554714]
        - [-0.1013998815943644, 0.6976217466873855, 0.7092544743871537]
step_48:
  tf_mat_link2_0_flan2:
    target_pose:
      position: [0.4451105623679278, -0.05546903665723568, 0.1254299423400258]
      orientation:
        - [-0.9892012358250809, 0.1465384503132566, -0.00272142118874697]
        - [0.1013931796379517, 0.6976219533655952, 0.7092552292900834]
        - [0.1058316853323705, 0.7013202158067838, -0.7049464978183138]
  tf_mat_link3_0_flan3:
    target_pose:
      position: [0.4440238620029737, -0.0545504482758572, -0.1262342376075032]
      orientation:
        - [-0.9892001629540074, -0.1465457309617705, 0.00271934876361426]
        - [0.1058352922211627, -0.7013189000126397, 0.7049472652554714]
        - [-0.1013998815943644, 0.6976217466873855, 0.7092544743871537]
step_49:
  tf_mat_link2_0_flan2:
    target_pose:
      position: [0.4451134652283349, -0.05545508713994196, 0.1254439611531428]
      orientation:
        - [-0.9892012358250809, 0.1465384503132566, -0.00272142118874697]
        - [0.1013931796379517, 0.6976219533655952, 0.7092552292900834]
        - [0.1058316853323705, 0.7013202158067838, -0.7049464978183138]
  tf_mat_link3_0_flan3:
    target_pose:
      position: [0.4440267648636353, -0.05453642947340304, -0.1262481871354597]
      orientation:
        - [-0.9892001629540074, -0.1465457309617705, 0.00271934876361426]
        - [0.1058352922211627, -0.7013189000126397, 0.7049472652554714]
        - [-0.1013998815943644, 0.6976217466873855, 0.7092544743871537]
step_50:
  tf_mat_link2_0_flan2:
    target_pose:
      position: [0.4451164155538295, -0.05544115843650371, 0.1254579678316398]
      orientation:
        - [-0.9892012358250809, 0.1465384503132566, -0.00272142118874697]
        - [0.1013931796379517, 0.6976219533655952, 0.7092552292900834]
        - [0.1058316853323705, 0.7013202158067838, -0.7049464978183138]
  tf_mat_link3_0_flan3:
    target_pose:
      position: [0.4440297151894165, -0.05452242280574315, -0.1262621158497351]
      orientation:
        - [-0.9892001629540074, -0.1465457309617705, 0.00271934876361426]
        - [0.1058352922211627, -0.7013189000126397, 0.7049472652554714]
        - [-0.1013998815943644, 0.6976217466873855, 0.7092544743871537]
step_51:
  tf_mat_link2_0_flan2:
    target_pose:
      position: [0.4451193184142366, -0.05542720891921005, 0.1254719866447566]
      orientation:
        - [-0.9892012358250809, 0.1465384503132566, -0.00272142118874697]
        - [0.1013931796379517, 0.6976219533655952, 0.7092552292900834]
        - [0.1058316853323705, 0.7013202158067838, -0.7049464978183138]
  tf_mat_link3_0_flan3:
    target_pose:
      position: [0.4440326180500781, -0.05450840400328905, -0.1262760653776916]
      orientation:
        - [-0.9892001629540074, -0.1465457309617705, 0.00271934876361426]
        - [0.1058352922211627, -0.7013189000126397, 0.7049472652554714]
        - [-0.1013998815943644, 0.6976217466873855, 0.7092544743871537]
step_52:
  tf_mat_link2_0_flan2:
    target_pose:
      position: [0.4451222659373911, -0.05541327904034665, 0.1254859939878762]
      orientation:
        - [-0.9892012358250809, 0.1465384503132566, -0.00272142118874697]
        - [0.1013931796379517, 0.6976219533655952, 0.7092552292900834]
        - [0.1058316853323705, 0.7013202158067838, -0.7049464978183138]
  tf_mat_link3_0_flan3:
    target_pose:
      position: [0.444035565573517, -0.05449439667099643, -0.1262899952673818]
      orientation:
        - [-0.9892001629540074, -0.1465457309617705, 0.00271934876361426]
        - [0.1058352922211627, -0.7013189000126397, 0.7049472652554714]
        - [-0.1013998815943644, 0.6976217466873855, 0.7092544743871537]
step_53:
  tf_mat_link2_0_flan2:
    target_pose:
      position: [0.4451251716001385, -0.05539933069847813, 0.1255000121363706]
      orientation:
        - [-0.9892012358250809, 0.1465384503132566, -0.00272142118874697]
        - [0.1013931796379517, 0.6976219533655952, 0.7092552292900834]
        - [0.1058316853323705, 0.7013202158067838, -0.7049464978183138]
  tf_mat_link3_0_flan3:
    target_pose:
      position: [0.4440384712365208, -0.054480378533175, -0.1263039436199234]
      orientation:
        - [-0.9892001629540074, -0.1465457309617705, 0.00271934876361426]
        - [0.1058352922211627, -0.7013189000126397, 0.7049472652554714]
        - [-0.1013998815943644, 0.6976217466873855, 0.7092544743871537]
step_54:
  tf_mat_link2_0_flan2:
    target_pose:
      position: [0.4451281191232931, -0.05538540081961479, 0.1255140194794902]
      orientation:
        - [-0.9892012358250809, 0.1465384503132566, -0.00272142118874697]
        - [0.1013931796379517, 0.6976219533655952, 0.7092552292900834]
        - [0.1058316853323705, 0.7013202158067838, -0.7049464978183138]
  tf_mat_link3_0_flan3:
    target_pose:
      position: [0.4440414187599597, -0.05446637120088244, -0.1263178735096136]
      orientation:
        - [-0.9892001629540074, -0.1465457309617705, 0.00271934876361426]
        - [0.1058352922211627, -0.7013189000126397, 0.7049472652554714]
        - [-0.1013998815943644, 0.6976217466873855, 0.7092544743871537]
step_55:
  tf_mat_link2_0_flan2:
    target_pose:
      position: [0.4451310219837002, -0.05537145130232118, 0.1255280382926071]
      orientation:
        - [-0.9892012358250809, 0.1465384503132566, -0.00272142118874697]
