step_0:
  tf_mat_link2_0_flan2:
    target_pose:
      position: [0.4029279044388466, -0.1322274732919764, 0.231744451442073]
      orientation:
        - [-0.9808257669959046, 0.1448606594549878, 0.1303695225699809]
        - [0.1948866441618476, 0.729506045526166, 0.6556218976641204]
        - [-0.0001315344184128947, 0.6684581297235691, -0.7437497341094599]
  tf_mat_link3_0_flan3:
    target_pose:
      position: [0.4602931147345691, 0.006493028607078177, -0.05424707198183931]
      orientation:
        - [-0.9808244613571325, -0.1448676407462459, -0.1303715879322782]
        - [-0.0001284847724090162, -0.6684575985474055, 0.7437502119644694]
        - [-0.1948932171027416, 0.7295051458438518, 0.6556209447942599]
step_1:
  tf_mat_link2_0_flan2:
    target_pose:
      position: [0.4029307756766881, -0.1322128846652726, 0.2317578103643447]
      orientation:
        - [-0.9808257669959046, 0.1448606594549878, 0.1303695225699809]
        - [0.1948866441618476, 0.729506045526166, 0.6556218976641204]
        - [-0.0001315344184128947, 0.6684581297235691, -0.7437497341094599]
  tf_mat_link3_0_flan3:
    target_pose:
      position: [0.4602959859678937, 0.006506387518803225, -0.05426166061908977]
      orientation:
        - [-0.9808244613571325, -0.1448676407462459, -0.1303715879322782]
        - [-0.0001284847724090162, -0.6684575985474055, 0.7437502119644694]
        - [-0.1948932171027416, 0.7295051458438518, 0.6556209447942599]
step_2:
  tf_mat_link2_0_flan2:
    target_pose:
      position: [0.4029336896187415, -0.1321983201430065, 0.2317711635589422]
      orientation:
        - [-0.9808257669959046, 0.1448606594549878, 0.1303695225699809]
        - [0.1948866441618476, 0.729506045526166, 0.6556218976641204]
        - [-0.0001315344184128947, 0.6684581297235691, -0.7437497341094599]
  tf_mat_link3_0_flan3:
    target_pose:
      position: [0.4602988999054977, 0.00651974070269723, -0.05427622515205932]
      orientation:
        - [-0.9808244613571325, -0.1448676407462459, -0.1303715879322782]
        - [-0.0001284847724090162, -0.6684575985474055, 0.7437502119644694]
        - [-0.1948932171027416, 0.7295051458438518, 0.6556209447942599]
step_3:
  tf_mat_link2_0_flan2:
    target_pose:
      position: [0.4029365607730022, -0.1321837314710106, 0.2317845224908255]
      orientation:
        - [-0.9808257669959046, 0.1448606594549878, 0.1303695225699809]
        - [0.1948866441618476, 0.729506045526166, 0.6556218976641204]
        - [-0.0001315344184128947, 0.6684581297235691, -0.7437497341094599]
  tf_mat_link3_0_flan3:
    target_pose:
      position: [0.4603017710552413, 0.0065330996240342, -0.05429081383460144]
      orientation:
        - [-0.9808244613571325, -0.1448676407462459, -0.1303715879322782]
        - [-0.0001284847724090162, -0.6684575985474055, 0.7437502119644694]
        - [-0.1948932171027416, 0.7295051458438518, 0.6556209447942599]
step_4:
  tf_mat_link2_0_flan2:
    target_pose:
      position: [0.4029394748822169, -0.1321691670393286, 0.2317978756661997]
      orientation:
        - [-0.9808257669959046, 0.1448606594549878, 0.1303695225699809]
        - [0.1948866441618476, 0.729506045526166, 0.6556218976641204]
        - [-0.0001315344184128947, 0.6684581297235691, -0.7437497341094599]
  tf_mat_link3_0_flan3:
    target_pose:
      position: [0.4603046851600068, 0.006546452788704304, -0.05430537827698767]
      orientation:
        - [-0.9808244613571325, -0.1448676407462459, -0.1303715879322782]
        - [-0.0001284847724090162, -0.6684575985474055, 0.7437502119644694]
        - [-0.1948932171027416, 0.7295051458438518, 0.6556209447942599]
step_5:
  tf_mat_link2_0_flan2:
    target_pose:
      position: [0.4029423460364779, -0.1321545783673328, 0.231811234598083]
      orientation:
        - [-0.9808257669959046, 0.1448606594549878, 0.1303695225699809]
        - [0.1948866441618476, 0.729506045526166, 0.6556218976641204]
        - [-0.0001315344184128947, 0.6684581297235691, -0.7437497341094599]
  tf_mat_link3_0_flan3:
    target_pose:
      position: [0.4603075563097503, 0.00655981171004133, -0.0543199669595299]
      orientation:
        - [-0.9808244613571325, -0.1448676407462459, -0.1303715879322782]
        - [-0.0001284847724090162, -0.6684575985474055, 0.7437502119644694]
        - [-0.1948932171027416, 0.7295051458438518, 0.6556209447942599]
step_6:
  tf_mat_link2_0_flan2:
    target_pose:
      position: [0.4029452598113697, -0.1321400137544827, 0.231824587811904]
      orientation:
        - [-0.9808257669959046, 0.1448606594549878, 0.1303695225699809]
        - [0.1948866441618476, 0.729506045526166, 0.6556218976641204]
        - [-0.0001315344184128947, 0.6684581297235691, -0.7437497341094599]
  tf_mat_link3_0_flan3:
    target_pose:
      position: [0.4603104700801925, 0.006573164913159346, -0.05433453158308282]
      orientation:
        - [-0.9808244613571325, -0.1448676407462459, -0.1303715879322782]
        - [-0.0001284847724090162, -0.6684575985474055, 0.7437502119644694]
        - [-0.1948932171027416, 0.7295051458438518, 0.6556209447942599]
step_7:
  tf_mat_link2_0_flan2:
    target_pose:
      position: [0.4029481309656306, -0.1321254250824868, 0.2318379467437873]
      orientation:
        - [-0.9808257669959046, 0.1448606594549878, 0.1303695225699809]
        - [0.1948866441618476, 0.729506045526166, 0.6556218976641204]
        - [-0.0001315344184128947, 0.6684581297235691, -0.7437497341094599]
  tf_mat_link3_0_flan3:
    target_pose:
      position: [0.4603133412299363, 0.006586523834496372, -0.05434912026562499]
      orientation:
        - [-0.9808244613571325, -0.1448676407462459, -0.1303715879322782]
        - [-0.0001284847724090162, -0.6684575985474055, 0.7437502119644694]
        - [-0.1948932171027416, 0.7295051458438518, 0.6556209447942599]
step_8:
  tf_mat_link2_0_flan2:
    target_pose:
      position: [0.4029510447405226, -0.1321108604696368, 0.2318512999576083]
      orientation:
        - [-0.9808257669959046, 0.1448606594549878, 0.1303695225699809]
        - [0.1948866441618476, 0.729506045526166, 0.6556218976641204]
        - [-0.0001315344184128947, 0.6684581297235691, -0.7437497341094599]
  tf_mat_link3_0_flan3:
    target_pose:
      position: [0.4603162550003783, 0.006599877037614499, -0.05436368488917798]
      orientation:
        - [-0.9808244613571325, -0.1448676407462459, -0.1303715879322782]
        - [-0.0001284847724090162, -0.6684575985474055, 0.7437502119644694]
        - [-0.1948932171027416, 0.7295051458438518, 0.6556209447942599]
step_9:
  tf_mat_link2_0_flan2:
    target_pose:
      position: [0.4029539165634292, -0.1320962721599771, 0.2318646588125979]
      orientation:
        - [-0.9808257669959046, 0.1448606594549878, 0.1303695225699809]
        - [0.1948866441618476, 0.729506045526166, 0.6556218976641204]
        - [-0.0001315344184128947, 0.6684581297235691, -0.7437497341094599]
  tf_mat_link3_0_flan3:
    target_pose:
      position: [0.460319126818769, 0.006613235882055313, -0.05437827320938649]
      orientation:
        - [-0.9808244613571325, -0.1448676407462459, -0.1303715879322782]
        - [-0.0001284847724090162, -0.6684575985474055, 0.7437502119644694]
        - [-0.1948932171027416, 0.7295051458438518, 0.6556209447942599]
step_10:
  tf_mat_link2_0_flan2:
    target_pose:
      position: [0.4029568303383211, -0.132081707547127, 0.2318780120264189]
      orientation:
        - [-0.9808257669959046, 0.1448606594549878, 0.1303695225699809]
        - [0.1948866441618476, 0.729506045526166, 0.6556218976641204]
        - [-0.0001315344184128947, 0.6684581297235691, -0.7437497341094599]
  tf_mat_link3_0_flan3:
    target_pose:
      position: [0.460322040589211, 0.006626589085173384, -0.05439283783293947]
      orientation:
        - [-0.9808244613571325, -0.1448676407462459, -0.1303715879322782]
        - [-0.0001284847724090162, -0.6684575985474055, 0.7437502119644694]
        - [-0.1948932171027416, 0.7295051458438518, 0.6556209447942599]
step_11:
  tf_mat_link2_0_flan2:
    target_pose:
      position: [0.402959744113213, -0.1320671429342769, 0.2318913652402398]
      orientation:
        - [-0.9808257669959046, 0.1448606594549878, 0.1303695225699809]
        - [0.1948866441618476, 0.729506045526166, 0.6556218976641204]
        - [-0.0001315344184128947, 0.6684581297235691, -0.7437497341094599]
  tf_mat_link3_0_flan3:
    target_pose:
      position: [0.460324954359653, 0.006639942288291512, -0.05440740245649239]
      orientation:
        - [-0.9808244613571325, -0.1448676407462459, -0.1303715879322782]
        - [-0.0001284847724090162, -0.6684575985474055, 0.7437502119644694]
        - [-0.1948932171027416, 0.7295051458438518, 0.6556209447942599]
step_12:
  tf_mat_link2_0_flan2:
    target_pose:
      position: [0.4029626152674737, -0.1320525542622811, 0.2319047241721232]
      orientation:
        - [-0.9808257669959046, 0.1448606594549878, 0.1303695225699809]
        - [0.1948866441618476, 0.729506045526166, 0.6556218976641204]
        - [-0.0001315344184128947, 0.6684581297235691, -0.7437497341094599]
  tf_mat_link3_0_flan3:
    target_pose:
      position: [0.4603278255093968, 0.006653301209628482, -0.05442199113903456]
      orientation:
        - [-0.9808244613571325, -0.1448676407462459, -0.1303715879322782]
        - [-0.0001284847724090162, -0.6684575985474055, 0.7437502119644694]
        - [-0.1948932171027416, 0.7295051458438518, 0.6556209447942599]
step_13:
  tf_mat_link2_0_flan2:
    target_pose:
      position: [0.4029655290423655, -0.132037989649431, 0.2319180773859442]
      orientation:
        - [-0.9808257669959046, 0.1448606594549878, 0.1303695225699809]
        - [0.1948866441618476, 0.729506045526166, 0.6556218976641204]
        - [-0.0001315344184128947, 0.6684581297235691, -0.7437497341094599]
  tf_mat_link3_0_flan3:
    target_pose:
      position: [0.460330739279839, 0.006666654412746609, -0.05443655576258755]
      orientation:
        - [-0.9808244613571325, -0.1448676407462459, -0.1303715879322782]
        - [-0.0001284847724090162, -0.6684575985474055, 0.7437502119644694]
        - [-0.1948932171027416, 0.7295051458438518, 0.6556209447942599]
step_14:
  tf_mat_link2_0_flan2:
    target_pose:
      position: [0.4029684001966265, -0.1320234009774353, 0.2319314363178274]
      orientation:
        - [-0.9808257669959046, 0.1448606594549878, 0.1303695225699809]
        - [0.1948866441618476, 0.729506045526166, 0.6556218976641204]
        - [-0.0001315344184128947, 0.6684581297235691, -0.7437497341094599]
  tf_mat_link3_0_flan3:
    target_pose:
      position: [0.4603336104295828, 0.006680013334083579, -0.05445114444512972]
      orientation:
        - [-0.9808244613571325, -0.1448676407462459, -0.1303715879322782]
        - [-0.0001284847724090162, -0.6684575985474055, 0.7437502119644694]
        - [-0.1948932171027416, 0.7295051458438518, 0.6556209447942599]
step_15:
  tf_mat_link2_0_flan2:
    target_pose:
      position: [0.4029713139715182, -0.132008836364585, 0.2319447895316484]
      orientation:
        - [-0.9808257669959046, 0.1448606594549878, 0.1303695225699809]
        - [0.1948866441618476, 0.729506045526166, 0.6556218976641204]
        - [-0.0001315344184128947, 0.6684581297235691, -0.7437497341094599]
  tf_mat_link3_0_flan3:
    target_pose:
      position: [0.4603365242000248, 0.006693366537201706, -0.05446570906868264]
      orientation:
        - [-0.9808244613571325, -0.1448676407462459, -0.1303715879322782]
        - [-0.0001284847724090162, -0.6684575985474055, 0.7437502119644694]
        - [-0.1948932171027416, 0.7295051458438518, 0.6556209447942599]
step_16:
  tf_mat_link2_0_flan2:
    target_pose:
      position: [0.4029741857944248, -0.1319942480549253, 0.231958148386638]
      orientation:
        - [-0.9808257669959046, 0.1448606594549878, 0.1303695225699809]
        - [0.1948866441618476, 0.729506045526166, 0.6556218976641204]
        - [-0.0001315344184128947, 0.6684581297235691, -0.7437497341094599]
  tf_mat_link3_0_flan3:
    target_pose:
      position: [0.4603393960184152, 0.006706725381642575, -0.05448029738889126]
      orientation:
        - [-0.9808244613571325, -0.1448676407462459, -0.1303715879322782]
        - [-0.0001284847724090162, -0.6684575985474055, 0.7437502119644694]
        - [-0.1948932171027416, 0.7295051458438518, 0.6556209447942599]
step_17:
  tf_mat_link2_0_flan2:
    target_pose:
      position: [0.402977098900671, -0.1319796830797392, 0.2319715016773527]
      orientation:
        - [-0.9808257669959046, 0.1448606594549878, 0.1303695225699809]
        - [0.1948866441618476, 0.729506045526166, 0.6556218976641204]
        - [-0.0001315344184128947, 0.6684581297235691, -0.7437497341094599]
  tf_mat_link3_0_flan3:
    target_pose:
      position: [0.4603423091202107, 0.006720078661656803, -0.0544948623747778]
      orientation:
        - [-0.9808244613571325, -0.1448676407462459, -0.1303715879322782]
        - [-0.0001284847724090162, -0.6684575985474055, 0.7437502119644694]
        - [-0.1948932171027416, 0.7295051458438518, 0.6556209447942599]
step_18:
  tf_mat_link2_0_flan2:
    target_pose:
      position: [0.4029799707235776, -0.1319650947700794, 0.2319848605323423]
      orientation:
        - [-0.9808257669959046, 0.1448606594549878, 0.1303695225699809]
        - [0.1948866441618476, 0.729506045526166, 0.6556218976641204]
        - [-0.0001315344184128947, 0.6684581297235691, -0.7437497341094599]
  tf_mat_link3_0_flan3:
    target_pose:
      position: [0.4603451809386011, 0.006733437506097673, -0.05450945069498636]
      orientation:
        - [-0.9808244613571325, -0.1448676407462459, -0.1303715879322782]
        - [-0.0001284847724090162, -0.6684575985474055, 0.7437502119644694]
        - [-0.1948932171027416, 0.7295051458438518, 0.6556209447942599]
step_19:
  tf_mat_link2_0_flan2:
    target_pose:
      position: [0.4029828851671152, -0.1319505305195654, 0.2319982136692696]
      orientation:
        - [-0.9808257669959046, 0.1448606594549878, 0.1303695225699809]
        - [0.1948866441618476, 0.729506045526166, 0.6556218976641204]
        - [-0.0001315344184128947, 0.6684581297235691, -0.7437497341094599]
  tf_mat_link3_0_flan3:
    target_pose:
      position: [0.4603480953776901, 0.006746790632319588, -0.05452401495620574]
      orientation:
        - [-0.9808244613571325, -0.1448676407462459, -0.1303715879322782]
        - [-0.0001284847724090162, -0.6684575985474055, 0.7437502119644694]
        - [-0.1948932171027416, 0.7295051458438518, 0.6556209447942599]
step_20:
  tf_mat_link2_0_flan2:
    target_pose:
      position: [0.4029857556527302, -0.1319359414852335, 0.2320115726780466]
      orientation:
        - [-0.9808257669959046, 0.1448606594549878, 0.1303695225699809]
        - [0.1948866441618476, 0.729506045526166, 0.6556218976641204]
        - [-0.0001315344184128947, 0.6684581297235691, -0.7437497341094599]
  tf_mat_link3_0_flan3:
    target_pose:
      position: [0.460350965858787, 0.00676014963055277, -0.05453860400108146]
      orientation:
        - [-0.9808244613571325, -0.1448676407462459, -0.1303715879322782]
        - [-0.0001284847724090162, -0.6684575985474055, 0.7437502119644694]
        - [-0.1948932171027416, 0.7295051458438518, 0.6556209447942599]
step_21:
  tf_mat_link2_0_flan2:
    target_pose:
      position: [0.4029886700962678, -0.1319213772347195, 0.2320249258149739]
      orientation:
        - [-0.9808257669959046, 0.1448606594549878, 0.1303695225699809]
        - [0.1948866441618476, 0.729506045526166, 0.6556218976641204]
        - [-0.0001315344184128947, 0.6684581297235691, -0.7437497341094599]
  tf_mat_link3_0_flan3:
    target_pose:
      position: [0.4603538802978758, 0.00677350275677463, -0.05455316826230083]
      orientation:
        - [-0.9808244613571325, -0.1448676407462459, -0.1303715879322782]
        - [-0.0001284847724090162, -0.6684575985474055, 0.7437502119644694]
        - [-0.1948932171027416, 0.7295051458438518, 0.6556209447942599]
step_22:
  tf_mat_link2_0_flan2:
    target_pose:
      position: [0.402991583202514, -0.1319068122595335, 0.2320382791056885]
      orientation:
        - [-0.9808257669959046, 0.1448606594549878, 0.1303695225699809]
        - [0.1948866441618476, 0.729506045526166, 0.6556218976641204]
        - [-0.0001315344184128947, 0.6684581297235691, -0.7437497341094599]
  tf_mat_link3_0_flan3:
    target_pose:
      position: [0.4603567933996712, 0.006786856036788913, -0.05456773324818737]
      orientation:
        - [-0.9808244613571325, -0.1448676407462459, -0.1303715879322782]
        - [-0.0001284847724090162, -0.6684575985474055, 0.7437502119644694]
        - [-0.1948932171027416, 0.7295051458438518, 0.6556209447942599]
step_23:
  tf_mat_link2_0_flan2:
    target_pose:
      position: [0.4029944550254205, -0.1318922239498737, 0.2320516379606782]
      orientation:
        - [-0.9808257669959046, 0.1448606594549878, 0.1303695225699809]
        - [0.1948866441618476, 0.729506045526166, 0.6556218976641204]
        - [-0.0001315344184128947, 0.6684581297235691, -0.7437497341094599]
  tf_mat_link3_0_flan3:
    target_pose:
      position: [0.4603596652180617, 0.006800214881229727, -0.05458232156839593]
      orientation:
        - [-0.9808244613571325, -0.1448676407462459, -0.1303715879322782]
        - [-0.0001284847724090162, -0.6684575985474055, 0.7437502119644694]
        - [-0.1948932171027416, 0.7295051458438518, 0.6556209447942599]
step_24:
  tf_mat_link2_0_flan2:
    target_pose:
      position: [0.4029973681316668, -0.1318776589746875, 0.2320649912513929]
      orientation:
        - [-0.9808257669959046, 0.1448606594549878, 0.1303695225699809]
        - [0.1948866441618476, 0.729506045526166, 0.6556218976641204]
        - [-0.0001315344184128947, 0.6684581297235691, -0.7437497341094599]
  tf_mat_link3_0_flan3:
    target_pose:
      position: [0.4603625783198571, 0.006813568161244066, -0.05459688655428246]
      orientation:
        - [-0.9808244613571325, -0.1448676407462459, -0.1303715879322782]
        - [-0.0001284847724090162, -0.6684575985474055, 0.7437502119644694]
        - [-0.1948932171027416, 0.7295051458438518, 0.6556209447942599]
step_25:
  tf_mat_link2_0_flan2:
    target_pose:
      position: [0.4030002399545733, -0.1318630706650278, 0.2320783501063825]
      orientation:
        - [-0.9808257669959046, 0.1448606594549878, 0.1303695225699809]
        - [0.1948866441618476, 0.729506045526166, 0.6556218976641204]
        - [-0.0001315344184128947, 0.6684581297235691, -0.7437497341094599]
  tf_mat_link3_0_flan3:
    target_pose:
      position: [0.4603654501382476, 0.006826927005684824, -0.05461147487449103]
      orientation:
        - [-0.9808244613571325, -0.1448676407462459, -0.1303715879322782]
        - [-0.0001284847724090162, -0.6684575985474055, 0.7437502119644694]
        - [-0.1948932171027416, 0.7295051458438518, 0.6556209447942599]
step_26:
  tf_mat_link2_0_flan2:
    target_pose:
      position: [0.403003154398111, -0.1318485064145138, 0.2320917032433097]
      orientation:
        - [-0.9808257669959046, 0.1448606594549878, 0.1303695225699809]
        - [0.1948866441618476, 0.729506045526166, 0.6556218976641204]
        - [-0.0001315344184128947, 0.6684581297235691, -0.7437497341094599]
  tf_mat_link3_0_flan3:
    target_pose:
      position: [0.4603683645773365, 0.006840280131906795, -0.0546260391357104]
      orientation:
        - [-0.9808244613571325, -0.1448676407462459, -0.1303715879322782]
        - [-0.0001284847724090162, -0.6684575985474055, 0.7437502119644694]
        - [-0.1948932171027416, 0.7295051458438518, 0.6556209447942599]
step_27:
  tf_mat_link2_0_flan2:
    target_pose:
      position: [0.4030060248837261, -0.1318339173801819, 0.2321050622520868]
      orientation:
        - [-0.9808257669959046, 0.1448606594549878, 0.1303695225699809]
        - [0.1948866441618476, 0.729506045526166, 0.6556218976641204]
        - [-0.0001315344184128947, 0.6684581297235691, -0.7437497341094599]
  tf_mat_link3_0_flan3:
    target_pose:
      position: [0.4603712350584335, 0.006853639130139977, -0.05464062818058618]
      orientation:
        - [-0.9808244613571325, -0.1448676407462459, -0.1303715879322782]
        - [-0.0001284847724090162, -0.6684575985474055, 0.7437502119644694]
        - [-0.1948932171027416, 0.7295051458438518, 0.6556209447942599]
step_28:
  tf_mat_link2_0_flan2:
    target_pose:
      position: [0.4030089393272637, -0.1318193531296679, 0.2321184153890141]
      orientation:
        - [-0.9808257669959051, 0.1448606594549878, 0.1303695225699809]
        - [0.1948866441618477, 0.729506045526166, 0.6556218976641206]
        - [-0.0001315344184128948, 0.6684581297235694, -0.7437497341094601]
  tf_mat_link3_0_flan3:
    target_pose:
      position: [0.4603741494975222, 0.006866992256361837, -0.05465519244180556]
      orientation:
        - [-0.980824461357133, -0.1448676407462458, -0.1303715879322783]
        - [-0.0001284847724090163, -0.6684575985474059, 0.7437502119644696]
        - [-0.1948932171027417, 0.7295051458438517, 0.65562094479426]
step_29:
  tf_mat_link2_0_flan2:
    target_pose:
      position: [0.4030118098128787, -0.1318047640953359, 0.2321317743977911]
      orientation:
        - [-0.9808257669959046, 0.1448606594549878, 0.1303695225699809]
        - [0.1948866441618476, 0.729506045526166, 0.6556218976641204]
        - [-0.0001315344184128947, 0.6684581297235691, -0.7437497341094599]
  tf_mat_link3_0_flan3:
    target_pose:
      position: [0.4603770199786191, 0.006880351254595074, -0.05466978148668133]
      orientation:
        - [-0.9808244613571325, -0.1448676407462459, -0.1303715879322782]
        - [-0.0001284847724090162, -0.6684575985474055, 0.7437502119644694]
        - [-0.1948932171027416, 0.7295051458438518, 0.6556209447942599]
step_30:
  tf_mat_link2_0_flan2:
    target_pose:
      position: [0.4030147242564164, -0.131790199844822, 0.2321451275347183]
      orientation:
        - [-0.9808257669959046, 0.1448606594549878, 0.1303695225699809]
        - [0.1948866441618476, 0.729506045526166, 0.6556218976641204]
        - [-0.0001315344184128947, 0.6684581297235691, -0.7437497341094599]
  tf_mat_link3_0_flan3:
    target_pose:
      position: [0.4603799344177082, 0.00689370438081699, -0.05468434574790065]
      orientation:
        - [-0.9808244613571325, -0.1448676407462459, -0.1303715879322782]
        - [-0.0001284847724090162, -0.6684575985474055, 0.7437502119644694]
        - [-0.1948932171027416, 0.7295051458438518, 0.6556209447942599]
step_31:
  tf_mat_link2_0_flan2:
    target_pose:
      position: [0.4030175947420315, -0.1317756108104901, 0.2321584865434953]
      orientation:
        - [-0.9808257669959046, 0.1448606594549878, 0.1303695225699809]
        - [0.1948866441618476, 0.729506045526166, 0.6556218976641204]
        - [-0.0001315344184128947, 0.6684581297235691, -0.7437497341094599]
  tf_mat_link3_0_flan3:
    target_pose:
      position: [0.460382804898805, 0.006907063379050171, -0.05469893479277643]
      orientation:
        - [-0.9808244613571325, -0.1448676407462459, -0.1303715879322782]
        - [-0.0001284847724090162, -0.6684575985474055, 0.7437502119644694]
        - [-0.1948932171027416, 0.7295051458438518, 0.6556209447942599]
step_32:
  tf_mat_link2_0_flan2:
    target_pose:
      position: [0.4030205105228607, -0.1317610472846482, 0.2321718395266352]
      orientation:
        - [-0.9808257669959046, 0.1448606594549878, 0.1303695225699809]
        - [0.1948866441618476, 0.729506045526166, 0.6556218976641204]
        - [-0.0001315344184128947, 0.6684581297235691, -0.7437497341094599]
  tf_mat_link3_0_flan3:
    target_pose:
      position: [0.4603857206751876, 0.006920416351479719, -0.05471349832932859]
      orientation:
        - [-0.9808244613571325, -0.1448676407462459, -0.1303715879322782]
        - [-0.0001284847724090162, -0.6684575985474055, 0.7437502119644694]
        - [-0.1948932171027416, 0.7295051458438518, 0.6556209447942599]
step_33:
  tf_mat_link2_0_flan2:
    target_pose:
      position: [0.4030233810084757, -0.1317464582503163, 0.2321851985354123]
      orientation:
        - [-0.9808257669959046, 0.1448606594549878, 0.1303695225699809]
        - [0.1948866441618476, 0.729506045526166, 0.6556218976641204]
        - [-0.0001315344184128947, 0.6684581297235691, -0.7437497341094599]
  tf_mat_link3_0_flan3:
    target_pose:
      position: [0.4603885911562845, 0.006933775349712901, -0.05472808737420437]
      orientation:
        - [-0.9808244613571325, -0.1448676407462459, -0.1303715879322782]
        - [-0.0001284847724090162, -0.6684575985474055, 0.7437502119644694]
        - [-0.1948932171027416, 0.7295051458438518, 0.6556209447942599]
step_34:
  tf_mat_link2_0_flan2:
    target_pose:
      position: [0.4030262941147218, -0.1317318932751301, 0.2321985518261269]
      orientation:
        - [-0.9808257669959046, 0.1448606594549878, 0.1303695225699809]
        - [0.1948866441618476, 0.729506045526166, 0.6556218976641204]
        - [-0.0001315344184128947, 0.6684581297235691, -0.7437497341094599]
  tf_mat_link3_0_flan3:
    target_pose:
      position: [0.4603915042580798, 0.006947128629727184, -0.0547426523600909]
      orientation:
        - [-0.9808244613571325, -0.1448676407462459, -0.1303715879322782]
        - [-0.0001284847724090162, -0.6684575985474055, 0.7437502119644694]
        - [-0.1948932171027416, 0.7295051458438518, 0.6556209447942599]
step_35:
  tf_mat_link2_0_flan2:
    target_pose:
      position: [0.403029207220968, -0.1317173282999441, 0.2322119051168416]
      orientation:
        - [-0.9808257669959046, 0.1448606594549878, 0.1303695225699809]
        - [0.1948866441618476, 0.729506045526166, 0.6556218976641204]
        - [-0.0001315344184128947, 0.6684581297235691, -0.7437497341094599]
  tf_mat_link3_0_flan3:
    target_pose:
      position: [0.4603944173598753, 0.006960481909741467, -0.05475721734597744]
      orientation:
        - [-0.9808244613571325, -0.1448676407462459, -0.1303715879322782]
        - [-0.0001284847724090162, -0.6684575985474055, 0.7437502119644694]
        - [-0.1948932171027416, 0.7295051458438518, 0.6556209447942599]
step_36:
  tf_mat_link2_0_flan2:
    target_pose:
      position: [0.403032080381166, -0.1317027407149565, 0.2322252638180438]
      orientation:
        - [-0.9808257669959046, 0.1448606594549878, 0.1303695225699809]
        - [0.1948866441618476, 0.729506045526166, 0.6556218976641204]
        - [-0.0001315344184128947, 0.6684581297235691, -0.7437497341094599]
  tf_mat_link3_0_flan3:
    target_pose:
      position: [0.4603972905155592, 0.006973840600389913, -0.05477180494151879]
      orientation:
        - [-0.9808244613571325, -0.1448676407462459, -0.1303715879322782]
        - [-0.0001284847724090162, -0.6684575985474055, 0.7437502119644694]
        - [-0.1948932171027416, 0.7295051458438518, 0.6556209447942599]
step_37:
  tf_mat_link2_0_flan2:
    target_pose:
      position: [0.4030349934874121, -0.1316881757397703, 0.2322386171087585]
      orientation:
        - [-0.9808257669959046, 0.1448606594549878, 0.1303695225699809]
        - [0.1948866441618476, 0.729506045526166, 0.6556218976641204]
        - [-0.0001315344184128947, 0.6684581297235691, -0.7437497341094599]
  tf_mat_link3_0_flan3:
    target_pose:
      position: [0.4604002036173546, 0.006987193880404197, -0.05478636992740538]
      orientation:
        - [-0.9808244613571325, -0.1448676407462459, -0.1303715879322782]
        - [-0.0001284847724090162, -0.6684575985474055, 0.7437502119644694]
        - [-0.1948932171027416, 0.7295051458438518, 0.6556209447942599]
step_38:
  tf_mat_link2_0_flan2:
    target_pose:
      position: [0.4030378639730273, -0.1316735867054384, 0.2322519761175355]
      orientation:
        - [-0.9808257669959046, 0.1448606594549878, 0.1303695225699809]
        - [0.1948866441618476, 0.729506045526166, 0.6556218976641204]
        - [-0.0001315344184128947, 0.6684581297235691, -0.7437497341094599]
  tf_mat_link3_0_flan3:
    target_pose:
      position: [0.4604030740984515, 0.007000552878637434, -0.05480095897228121]
      orientation:
        - [-0.9808244613571325, -0.1448676407462459, -0.1303715879322782]
        - [-0.0001284847724090162, -0.6684575985474055, 0.7437502119644694]
        - [-0.1948932171027416, 0.7295051458438518, 0.6556209447942599]
step_39:
  tf_mat_link2_0_flan2:
    target_pose:
      position: [0.4030407797538563, -0.1316590231795964, 0.2322653291006753]
      orientation:
        - [-0.9808257669959046, 0.1448606594549878, 0.1303695225699809]
        - [0.1948866441618476, 0.729506045526166, 0.6556218976641204]
        - [-0.0001315344184128947, 0.6684581297235691, -0.7437497341094599]
  tf_mat_link3_0_flan3:
    target_pose:
      position: [0.4604059898748339, 0.007013905851066982, -0.05481552250883331]
      orientation:
        - [-0.9808244613571325, -0.1448676407462459, -0.1303715879322782]
        - [-0.0001284847724090162, -0.6684575985474055, 0.7437502119644694]
        - [-0.1948932171027416, 0.7295051458438518, 0.6556209447942599]
step_40:
  tf_mat_link2_0_flan2:
    target_pose:
      position: [0.4030436502394714, -0.1316444341452646, 0.2322786881094524]
      orientation:
        - [-0.9808257669959046, 0.1448606594549878, 0.1303695225699809]
        - [0.1948866441618476, 0.729506045526166, 0.6556218976641204]
        - [-0.0001315344184128947, 0.6684581297235691, -0.7437497341094599]
  tf_mat_link3_0_flan3:
    target_pose:
      position: [0.460408860355931, 0.007027264849300163, -0.05483011155370909]
      orientation:
        - [-0.9808244613571325, -0.1448676407462459, -0.1303715879322782]
        - [-0.0001284847724090162, -0.6684575985474055, 0.7437502119644694]
        - [-0.1948932171027416, 0.7295051458438518, 0.6556209447942599]
step_41:
  tf_mat_link2_0_flan2:
    target_pose:
      position: [0.4030465633457176, -0.1316298691700785, 0.2322920414001671]
      orientation:
        - [-0.9808257669959046, 0.1448606594549878, 0.1303695225699809]
        - [0.1948866441618476, 0.729506045526166, 0.6556218976641204]
        - [-0.0001315344184128947, 0.6684581297235691, -0.7437497341094599]
  tf_mat_link3_0_flan3:
    target_pose:
      position: [0.4604117734577263, 0.007040618129314447, -0.05484467653959568]
      orientation:
        - [-0.9808244613571325, -0.1448676407462459, -0.1303715879322782]
        - [-0.0001284847724090162, -0.6684575985474055, 0.7437502119644694]
        - [-0.1948932171027416, 0.7295051458438518, 0.6556209447942599]
step_42:
  tf_mat_link2_0_flan2:
    target_pose:
      position: [0.4030494338313327, -0.1316152801357465, 0.2323054004089442]
      orientation:
        - [-0.9808257669959046, 0.1448606594549878, 0.1303695225699809]
        - [0.1948866441618476, 0.729506045526166, 0.6556218976641204]
        - [-0.0001315344184128947, 0.6684581297235691, -0.7437497341094599]
  tf_mat_link3_0_flan3:
    target_pose:
      position: [0.4604146439388231, 0.007053977127547628, -0.05485926558447146]
      orientation:
        - [-0.9808244613571325, -0.1448676407462459, -0.1303715879322782]
        - [-0.0001284847724090162, -0.6684575985474055, 0.7437502119644694]
        - [-0.1948932171027416, 0.7295051458438518, 0.6556209447942599]
step_43:
  tf_mat_link2_0_flan2:
    target_pose:
      position: [0.4030523496121619, -0.1316007166099047, 0.2323187533920839]
      orientation:
        - [-0.9808257669959046, 0.1448606594549878, 0.1303695225699809]
        - [0.1948866441618476, 0.729506045526166, 0.6556218976641204]
        - [-0.0001315344184128947, 0.6684581297235691, -0.7437497341094599]
  tf_mat_link3_0_flan3:
    target_pose:
      position: [0.4604175597152056, 0.007067330099977176, -0.05487382912102357]
      orientation:
        - [-0.9808244613571325, -0.1448676407462459, -0.1303715879322782]
        - [-0.0001284847724090162, -0.6684575985474055, 0.7437502119644694]
        - [-0.1948932171027416, 0.7295051458438518, 0.6556209447942599]
step_44:
  tf_mat_link2_0_flan2:
    target_pose:
      position: [0.4030552627184079, -0.1315861516347185, 0.2323321066827986]
      orientation:
        - [-0.9808257669959046, 0.1448606594549878, 0.1303695225699809]
        - [0.1948866441618476, 0.729506045526166, 0.6556218976641204]
        - [-0.0001315344184128947, 0.6684581297235691, -0.7437497341094599]
  tf_mat_link3_0_flan3:
    target_pose:
      position: [0.4604204728170009, 0.007080683379991404, -0.0548883941069101]
      orientation:
        - [-0.9808244613571325, -0.1448676407462459, -0.1303715879322782]
        - [-0.0001284847724090162, -0.6684575985474055, 0.7437502119644694]
        - [-0.1948932171027416, 0.7295051458438518, 0.6556209447942599]
step_45:
  tf_mat_link2_0_flan2:
    target_pose:
      position: [0.403058133204023, -0.1315715626003866, 0.2323454656915756]
      orientation:
        - [-0.9808257669959046, 0.1448606594549878, 0.1303695225699809]
        - [0.1948866441618476, 0.729506045526166, 0.6556218976641204]
        - [-0.0001315344184128947, 0.6684581297235691, -0.7437497341094599]
  tf_mat_link3_0_flan3:
    target_pose:
      position: [0.4604233432980978, 0.007094042378224641, -0.05490298315178593]
      orientation:
        - [-0.9808244613571325, -0.1448676407462459, -0.1303715879322782]
        - [-0.0001284847724090162, -0.6684575985474055, 0.7437502119644694]
        - [-0.1948932171027416, 0.7295051458438518, 0.6556209447942599]
step_46:
  tf_mat_link2_0_flan2:
    target_pose:
      position: [0.4030610489848522, -0.1315569990745449, 0.2323588186747155]
      orientation:
        - [-0.9808257669959046, 0.1448606594549878, 0.1303695225699809]
        - [0.1948866441618476, 0.729506045526166, 0.6556218976641204]
        - [-0.0001315344184128947, 0.6684581297235691, -0.7437497341094599]
  tf_mat_link3_0_flan3:
    target_pose:
      position: [0.4604262590744803, 0.007107395350654189, -0.05491754668833804]
      orientation:
        - [-0.9808244613571325, -0.1448676407462459, -0.1303715879322782]
        - [-0.0001284847724090162, -0.6684575985474055, 0.7437502119644694]
        - [-0.1948932171027416, 0.7295051458438518, 0.6556209447942599]
step_47:
  tf_mat_link2_0_flan2:
    target_pose:
      position: [0.4030639194704672, -0.1315424100402128, 0.2323721776834926]
      orientation:
        - [-0.9808257669959046, 0.1448606594549878, 0.1303695225699809]
        - [0.1948866441618476, 0.729506045526166, 0.6556218976641204]
        - [-0.0001315344184128947, 0.6684581297235691, -0.7437497341094599]
  tf_mat_link3_0_flan3:
    target_pose:
      position: [0.4604291295555772, 0.007120754348887426, -0.05493213573321387]
      orientation:
        - [-0.9808244613571325, -0.1448676407462459, -0.1303715879322782]
        - [-0.0001284847724090162, -0.6684575985474055, 0.7437502119644694]
        - [-0.1948932171027416, 0.7295051458438518, 0.6556209447942599]
step_48:
  tf_mat_link2_0_flan2:
    target_pose:
      position: [0.4030668325767134, -0.1315278450650267, 0.2323855309742072]
      orientation:
        - [-0.9808257669959046, 0.1448606594549878, 0.1303695225699809]
        - [0.1948866441618476, 0.729506045526166, 0.6556218976641204]
        - [-0.0001315344184128947, 0.6684581297235691, -0.7437497341094599]
  tf_mat_link3_0_flan3:
    target_pose:
      position: [0.4604320426573727, 0.007134107628901654, -0.05494670071910041]
      orientation:
        - [-0.9808244613571325, -0.1448676407462459, -0.1303715879322782]
        - [-0.0001284847724090162, -0.6684575985474055, 0.7437502119644694]
        - [-0.1948932171027416, 0.7295051458438518, 0.6556209447942599]
step_49:
  tf_mat_link2_0_flan2:
    target_pose:
      position: [0.4030697030623285, -0.1315132560306947, 0.2323988899829843]
      orientation:
        - [-0.9808257669959046, 0.1448606594549878, 0.1303695225699809]
        - [0.1948866441618476, 0.729506045526166, 0.6556218976641204]
        - [-0.0001315344184128947, 0.6684581297235691, -0.7437497341094599]
  tf_mat_link3_0_flan3:
    target_pose:
      position: [0.4604349131384695, 0.007147466627134835, -0.05496128976397624]
      orientation:
        - [-0.9808244613571325, -0.1448676407462459, -0.1303715879322782]
        - [-0.0001284847724090162, -0.6684575985474055, 0.7437502119644694]
        - [-0.1948932171027416, 0.7295051458438518, 0.6556209447942599]
step_50:
  tf_mat_link2_0_flan2:
    target_pose:
      position: [0.4030726188431576, -0.131498692504853, 0.2324122429661241]
      orientation:
        - [-0.9808257669959046, 0.1448606594549878, 0.1303695225699809]
        - [0.1948866441618476, 0.729506045526166, 0.6556218976641204]
        - [-0.0001315344184128947, 0.6684581297235691, -0.7437497341094599]
  tf_mat_link3_0_flan3:
    target_pose:
      position: [0.4604378289148521, 0.007160819599564383, -0.05497585330052829]
      orientation:
        - [-0.9808244613571325, -0.1448676407462459, -0.1303715879322782]
        - [-0.0001284847724090162, -0.6684575985474055, 0.7437502119644694]
        - [-0.1948932171027416, 0.7295051458438518, 0.6556209447942599]
step_51:
  tf_mat_link2_0_flan2:
    target_pose:
      position: [0.4030754893287726, -0.1314841034705211, 0.2324256019749011]
      orientation:
        - [-0.9808257669959046, 0.1448606594549878, 0.1303695225699809]
        - [0.1948866441618476, 0.729506045526166, 0.6556218976641204]
        - [-0.0001315344184128947, 0.6684581297235691, -0.7437497341094599]
  tf_mat_link3_0_flan3:
    target_pose:
      position: [0.460440699395949, 0.007174178597797565, -0.05499044234540412]
      orientation:
        - [-0.9808244613571325, -0.1448676407462459, -0.1303715879322782]
        - [-0.0001284847724090162, -0.6684575985474055, 0.7437502119644694]
        - [-0.1948932171027416, 0.7295051458438518, 0.6556209447942599]
step_52:
  tf_mat_link2_0_flan2:
    target_pose:
      position: [0.4030784024350189, -0.1314695384953349, 0.2324389552656158]
      orientation:
        - [-0.9808257669959046, 0.1448606594549878, 0.1303695225699809]
        - [0.1948866441618476, 0.729506045526166, 0.6556218976641204]
        - [-0.0001315344184128947, 0.6684581297235691, -0.7437497341094599]
  tf_mat_link3_0_flan3:
    target_pose:
      position: [0.4604436124977445, 0.007187531877811848, -0.05500500733129066]
      orientation:
        - [-0.9808244613571325, -0.1448676407462459, -0.1303715879322782]
        - [-0.0001284847724090162, -0.6684575985474055, 0.7437502119644694]
        - [-0.1948932171027416, 0.7295051458438518, 0.6556209447942599]
step_53:
  tf_mat_link2_0_flan2:
    target_pose:
      position: [0.4030812755952168, -0.1314549509103473, 0.232452313966818]
      orientation:
        - [-0.9808257669959046, 0.1448606594549878, 0.1303695225699809]
        - [0.1948866441618476, 0.729506045526166, 0.6556218976641204]
        - [-0.0001315344184128947, 0.6684581297235691, -0.7437497341094599]
  tf_mat_link3_0_flan3:
    target_pose:
      position: [0.4604464856534283, 0.00720089056846035, -0.05501959492683201]
      orientation:
        - [-0.9808244613571325, -0.1448676407462459, -0.1303715879322782]
        - [-0.0001284847724090162, -0.6684575985474055, 0.7437502119644694]
        - [-0.1948932171027416, 0.7295051458438518, 0.6556209447942599]
step_54:
  tf_mat_link2_0_flan2:
    target_pose:
      position: [0.4030841887014629, -0.1314403859351612, 0.2324656672575327]
      orientation:
        - [-0.9808257669959046, 0.1448606594549878, 0.1303695225699809]
        - [0.1948866441618476, 0.729506045526166, 0.6556218976641204]
        - [-0.0001315344184128947, 0.6684581297235691, -0.7437497341094599]
  tf_mat_link3_0_flan3:
    target_pose:
      position: [0.4604493987552237, 0.007214243848474633, -0.05503415991271854]
      orientation:
        - [-0.9808244613571325, -0.1448676407462459, -0.1303715879322782]
        - [-0.0001284847724090162, -0.6684575985474055, 0.7437502119644694]
        - [-0.1948932171027416, 0.7295051458438518, 0.6556209447942599]
step_55:
