step_0:
  tf_mat_link2_0_flan2:
    target_pose:
      position: [0.4034757835913447, -0.1294809297011347, 0.2510683200019435]
      orientation:
        - [-0.9808257669959046, 0.1448606594549878, 0.1303695225699809]
        - [0.1948866441618476, 0.729506045526166, 0.6556218976641204]
        - [-0.0001315344184128947, 0.6684581297235691, -0.7437497341094599]
  tf_mat_link3_0_flan3:
    target_pose:
      position: [0.46410034447728, 0.007223139855140864, -0.07338414120500969]
      orientation:
        - [-0.9808244613571325, -0.1448676407462459, -0.1303715879322782]
        - [-0.0001284847724090162, -0.6684575985474055, 0.7437502119644694]
        - [-0.1948932171027416, 0.7295051458438518, 0.6556209447942599]
step_1:
  tf_mat_link2_0_flan2:
    target_pose:
      position: [0.403478654970338, -0.1294663403651207, 0.2510816773906986]
      orientation:
        - [-0.9808257669959046, 0.1448606594549878, 0.1303695225699809]
        - [0.1948866441618476, 0.729506045526166, 0.6556218976641204]
        - [-0.0001315344184128947, 0.6684581297235691, -0.7437497341094599]
  tf_mat_link3_0_flan3:
    target_pose:
      position: [0.4641032158517482, 0.007236497233348876, -0.07339873055157087]
      orientation:
        - [-0.9808244613571325, -0.1448676407462459, -0.1303715879322782]
        - [-0.0001284847724090162, -0.6684575985474055, 0.7437502119644694]
        - [-0.1948932171027416, 0.7295051458438518, 0.6556209447942599]
step_2:
  tf_mat_link2_0_flan2:
    target_pose:
      position: [0.403481568794006, -0.1294517764377599, 0.2510950318714713]
      orientation:
        - [-0.9808257669959046, 0.1448606594549878, 0.1303695225699809]
        - [0.1948866441618476, 0.729506045526166, 0.6556218976641204]
        - [-0.0001315344184128947, 0.6684581297235691, -0.7437497341094599]
  tf_mat_link3_0_flan3:
    target_pose:
      position: [0.4641061296709737, 0.007249851703418436, -0.07341329448963463]
      orientation:
        - [-0.9808244613571325, -0.1448676407462459, -0.1303715879322782]
        - [-0.0001284847724090162, -0.6684575985474055, 0.7437502119644694]
        - [-0.1948932171027416, 0.7295051458438518, 0.6556209447942599]
step_3:
  tf_mat_link2_0_flan2:
    target_pose:
      position: [0.4034844400899244, -0.1294371870539116, 0.2511083892643416]
      orientation:
        - [-0.9808257669959046, 0.1448606594549878, 0.1303695225699809]
        - [0.1948866441618476, 0.729506045526166, 0.6556218976641204]
        - [-0.0001315344184128947, 0.6684581297235691, -0.7437497341094599]
  tf_mat_link3_0_flan3:
    target_pose:
      position: [0.4641090009623666, 0.007263209085742017, -0.07342788388402993]
      orientation:
        - [-0.9808244613571325, -0.1448676407462459, -0.1303715879322782]
        - [-0.0001284847724090162, -0.6684575985474055, 0.7437502119644694]
        - [-0.1948932171027416, 0.7295051458438518, 0.6556209447942599]
step_4:
  tf_mat_link2_0_flan2:
    target_pose:
      position: [0.4034873540797422, -0.1294226232222196, 0.2511217437368838]
      orientation:
        - [-0.9808257669959046, 0.1448606594549878, 0.1303695225699809]
        - [0.1948866441618476, 0.729506045526166, 0.6556218976641204]
        - [-0.0001315344184128947, 0.6684581297235691, -0.7437497341094599]
  tf_mat_link3_0_flan3:
    target_pose:
      position: [0.464111914947742, 0.007276563547580495, -0.07344244772642561]
      orientation:
        - [-0.9808244613571325, -0.1448676407462459, -0.1303715879322782]
        - [-0.0001284847724090162, -0.6684575985474055, 0.7437502119644694]
        - [-0.1948932171027416, 0.7295051458438518, 0.6556209447942599]
step_5:
  tf_mat_link2_0_flan2:
    target_pose:
      position: [0.4034902253756604, -0.1294080338383711, 0.2511351011297542]
      orientation:
        - [-0.9808257669959046, 0.1448606594549878, 0.1303695225699809]
        - [0.1948866441618476, 0.729506045526166, 0.6556218976641204]
        - [-0.0001315344184128947, 0.6684581297235691, -0.7437497341094599]
  tf_mat_link3_0_flan3:
    target_pose:
      position: [0.4641147862391349, 0.007289920929904076, -0.07345703712082091]
      orientation:
        - [-0.9808244613571325, -0.1448676407462459, -0.1303715879322782]
        - [-0.0001284847724090162, -0.6684575985474055, 0.7437502119644694]
        - [-0.1948932171027416, 0.7295051458438518, 0.6556209447942599]
step_6:
  tf_mat_link2_0_flan2:
    target_pose:
      position: [0.403493139033179, -0.1293934698153418, 0.2511484556187574]
      orientation:
        - [-0.9808257669959046, 0.1448606594549878, 0.1303695225699809]
        - [0.1948866441618476, 0.729506045526166, 0.6556218976641204]
        - [-0.0001315344184128947, 0.6684581297235691, -0.7437497341094599]
  tf_mat_link3_0_flan3:
    target_pose:
      position: [0.4641176998922106, 0.007303275408204718, -0.0734716011545527]
      orientation:
        - [-0.9808244613571325, -0.1448676407462459, -0.1303715879322782]
        - [-0.0001284847724090162, -0.6684575985474055, 0.7437502119644694]
        - [-0.1948932171027416, 0.7295051458438518, 0.6556209447942599]
step_7:
  tf_mat_link2_0_flan2:
    target_pose:
      position: [0.4034960103290974, -0.1293788804314933, 0.2511618130116278]
      orientation:
        - [-0.9808257669959046, 0.1448606594549878, 0.1303695225699809]
        - [0.1948866441618476, 0.729506045526166, 0.6556218976641204]
        - [-0.0001315344184128947, 0.6684581297235691, -0.7437497341094599]
  tf_mat_link3_0_flan3:
    target_pose:
      position: [0.4641205711836037, 0.007316632790528299, -0.073486190548948]
      orientation:
        - [-0.9808244613571325, -0.1448676407462459, -0.1303715879322782]
        - [-0.0001284847724090162, -0.6684575985474055, 0.7437502119644694]
        - [-0.1948932171027416, 0.7295051458438518, 0.6556209447942599]
step_8:
  tf_mat_link2_0_flan2:
    target_pose:
      position: [0.4034989239866159, -0.129364316408464, 0.2511751675006308]
      orientation:
        - [-0.9808257669959046, 0.1448606594549878, 0.1303695225699809]
        - [0.1948866441618476, 0.729506045526166, 0.6556218976641204]
        - [-0.0001315344184128947, 0.6684581297235691, -0.7437497341094599]
  tf_mat_link3_0_flan3:
    target_pose:
      position: [0.4641234848366791, 0.007329987268828941, -0.07350075458267979]
      orientation:
        - [-0.9808244613571325, -0.1448676407462459, -0.1303715879322782]
        - [-0.0001284847724090162, -0.6684575985474055, 0.7437502119644694]
        - [-0.1948932171027416, 0.7295051458438518, 0.6556209447942599]
step_9:
  tf_mat_link2_0_flan2:
    target_pose:
      position: [0.4035017959471327, -0.1293497274072903, 0.2511885248605794]
      orientation:
        - [-0.9808257669959046, 0.1448606594549878, 0.1303695225699809]
        - [0.1948866441618476, 0.729506045526166, 0.6556218976641204]
        - [-0.0001315344184128947, 0.6684581297235691, -0.7437497341094599]
  tf_mat_link3_0_flan3:
    target_pose:
      position: [0.4641263567926718, 0.007343344618228165, -0.07351534359440282]
      orientation:
        - [-0.9808244613571325, -0.1448676407462459, -0.1303715879322782]
        - [-0.0001284847724090162, -0.6684575985474055, 0.7437502119644694]
        - [-0.1948932171027416, 0.7295051458438518, 0.6556209447942599]
step_10:
  tf_mat_link2_0_flan2:
    target_pose:
      position: [0.4035047096046511, -0.129335163384261, 0.2512018793495824]
      orientation:
        - [-0.9808257669959046, 0.1448606594549878, 0.1303695225699809]
        - [0.1948866441618476, 0.729506045526166, 0.6556218976641204]
        - [-0.0001315344184128947, 0.6684581297235691, -0.7437497341094599]
  tf_mat_link3_0_flan3:
    target_pose:
      position: [0.4641292704457473, 0.007356699096528807, -0.07352990762813461]
      orientation:
        - [-0.9808244613571325, -0.1448676407462459, -0.1303715879322782]
        - [-0.0001284847724090162, -0.6684575985474055, 0.7437502119644694]
        - [-0.1948932171027416, 0.7295051458438518, 0.6556209447942599]
step_11:
  tf_mat_link2_0_flan2:
    target_pose:
      position: [0.4035076232621695, -0.1293205993612316, 0.2512152338385856]
      orientation:
        - [-0.9808257669959046, 0.1448606594549878, 0.1303695225699809]
        - [0.1948866441618476, 0.729506045526166, 0.6556218976641204]
        - [-0.0001315344184128947, 0.6684581297235691, -0.7437497341094599]
  tf_mat_link3_0_flan3:
    target_pose:
      position: [0.464132184098823, 0.007370053574829477, -0.0735444716618664]
      orientation:
        - [-0.9808244613571325, -0.1448676407462459, -0.1303715879322782]
        - [-0.0001284847724090162, -0.6684575985474055, 0.7437502119644694]
        - [-0.1948932171027416, 0.7295051458438518, 0.6556209447942599]
step_12:
  tf_mat_link2_0_flan2:
    target_pose:
      position: [0.4035104945580879, -0.1293060099773832, 0.2512285912314559]
      orientation:
        - [-0.9808257669959046, 0.1448606594549878, 0.1303695225699809]
        - [0.1948866441618476, 0.729506045526166, 0.6556218976641204]
        - [-0.0001315344184128947, 0.6684581297235691, -0.7437497341094599]
  tf_mat_link3_0_flan3:
    target_pose:
      position: [0.4641350553902158, 0.00738341095715303, -0.0735590610562617]
      orientation:
        - [-0.9808244613571325, -0.1448676407462459, -0.1303715879322782]
        - [-0.0001284847724090162, -0.6684575985474055, 0.7437502119644694]
        - [-0.1948932171027416, 0.7295051458438518, 0.6556209447942599]
step_13:
  tf_mat_link2_0_flan2:
    target_pose:
      position: [0.4035134082156065, -0.1292914459543539, 0.2512419457204591]
      orientation:
        - [-0.9808257669959046, 0.1448606594549878, 0.1303695225699809]
        - [0.1948866441618476, 0.729506045526166, 0.6556218976641204]
        - [-0.0001315344184128947, 0.6684581297235691, -0.7437497341094599]
  tf_mat_link3_0_flan3:
    target_pose:
      position: [0.4641379690432916, 0.0073967654354537, -0.07357362508999354]
      orientation:
        - [-0.9808244613571325, -0.1448676407462459, -0.1303715879322782]
        - [-0.0001284847724090162, -0.6684575985474055, 0.7437502119644694]
        - [-0.1948932171027416, 0.7295051458438518, 0.6556209447942599]
step_14:
  tf_mat_link2_0_flan2:
    target_pose:
      position: [0.4035162795115249, -0.1292768565705054, 0.2512553031133294]
      orientation:
        - [-0.9808257669959046, 0.1448606594549878, 0.1303695225699809]
        - [0.1948866441618476, 0.729506045526166, 0.6556218976641204]
        - [-0.0001315344184128947, 0.6684581297235691, -0.7437497341094599]
  tf_mat_link3_0_flan3:
    target_pose:
      position: [0.4641408403346844, 0.007410122817777254, -0.07358821448438879]
      orientation:
        - [-0.9808244613571325, -0.1448676407462459, -0.1303715879322782]
        - [-0.0001284847724090162, -0.6684575985474055, 0.7437502119644694]
        - [-0.1948932171027416, 0.7295051458438518, 0.6556209447942599]
step_15:
  tf_mat_link2_0_flan2:
    target_pose:
      position: [0.4035191931690432, -0.1292622925474761, 0.2512686576023325]
      orientation:
        - [-0.9808257669959046, 0.1448606594549878, 0.1303695225699809]
        - [0.1948866441618476, 0.729506045526166, 0.6556218976641204]
        - [-0.0001315344184128947, 0.6684581297235691, -0.7437497341094599]
  tf_mat_link3_0_flan3:
    target_pose:
      position: [0.4641437539877599, 0.007423477296077924, -0.07360277851812058]
      orientation:
        - [-0.9808244613571325, -0.1448676407462459, -0.1303715879322782]
        - [-0.0001284847724090162, -0.6684575985474055, 0.7437502119644694]
        - [-0.1948932171027416, 0.7295051458438518, 0.6556209447942599]
step_16:
  tf_mat_link2_0_flan2:
    target_pose:
      position: [0.4035220651295601, -0.1292477035463023, 0.2512820149622811]
      orientation:
        - [-0.9808257669959046, 0.1448606594549878, 0.1303695225699809]
        - [0.1948866441618476, 0.729506045526166, 0.6556218976641204]
        - [-0.0001315344184128947, 0.6684581297235691, -0.7437497341094599]
  tf_mat_link3_0_flan3:
    target_pose:
      position: [0.4641466259437528, 0.007436834645477147, -0.0736173675298436]
      orientation:
        - [-0.9808244613571325, -0.1448676407462459, -0.1303715879322782]
        - [-0.0001284847724090162, -0.6684575985474055, 0.7437502119644694]
        - [-0.1948932171027416, 0.7295051458438518, 0.6556209447942599]
step_17:
  tf_mat_link2_0_flan2:
    target_pose:
      position: [0.4035249781224802, -0.1292331391405983, 0.2512953694842061]
      orientation:
        - [-0.9808257669959046, 0.1448606594549878, 0.1303695225699809]
        - [0.1948866441618476, 0.729506045526166, 0.6556218976641204]
        - [-0.0001315344184128947, 0.6684581297235691, -0.7437497341094599]
  tf_mat_link3_0_flan3:
    target_pose:
      position: [0.4641495389322286, 0.007450189156702147, -0.07363193194624773]
      orientation:
        - [-0.9808244613571325, -0.1448676407462459, -0.1303715879322782]
        - [-0.0001284847724090162, -0.6684575985474055, 0.7437502119644694]
        - [-0.1948932171027416, 0.7295051458438518, 0.6556209447942599]
step_18:
  tf_mat_link2_0_flan2:
    target_pose:
      position: [0.403527850082997, -0.1292185501394246, 0.2513087268441545]
      orientation:
        - [-0.9808257669959046, 0.1448606594549878, 0.1303695225699809]
        - [0.1948866441618476, 0.729506045526166, 0.6556218976641204]
        - [-0.0001315344184128947, 0.6684581297235691, -0.7437497341094599]
  tf_mat_link3_0_flan3:
    target_pose:
      position: [0.4641524108882214, 0.007463546506101343, -0.07364652095797075]
      orientation:
        - [-0.9808244613571325, -0.1448676407462459, -0.1303715879322782]
        - [-0.0001284847724090162, -0.6684575985474055, 0.7437502119644694]
        - [-0.1948932171027416, 0.7295051458438518, 0.6556209447942599]
step_19:
  tf_mat_link2_0_flan2:
    target_pose:
      position: [0.4035307644051138, -0.12920398649907, 0.2513220813002358]
      orientation:
        - [-0.9808257669959046, 0.1448606594549878, 0.1303695225699809]
        - [0.1948866441618476, 0.729506045526166, 0.6556218976641204]
        - [-0.0001315344184128947, 0.6684581297235691, -0.7437497341094599]
  tf_mat_link3_0_flan3:
    target_pose:
      position: [0.4641553252058966, 0.007476900951477683, -0.07366108460903026]
      orientation:
        - [-0.9808244613571325, -0.1448676407462459, -0.1303715879322782]
        - [-0.0001284847724090162, -0.6684575985474055, 0.7437502119644694]
        - [-0.1948932171027416, 0.7295051458438518, 0.6556209447942599]
step_20:
  tf_mat_link2_0_flan2:
    target_pose:
      position: [0.4035336350364337, -0.1291893967325468, 0.2513354387260281]
      orientation:
        - [-0.9808257669959046, 0.1448606594549878, 0.1303695225699809]
        - [0.1948866441618476, 0.729506045526166, 0.6556218976641204]
        - [-0.0001315344184128947, 0.6684581297235691, -0.7437497341094599]
  tf_mat_link3_0_flan3:
    target_pose:
      position: [0.4641581958326897, 0.007490258366725622, -0.07367567438609779]
      orientation:
        - [-0.9808244613571325, -0.1448676407462459, -0.1303715879322782]
        - [-0.0001284847724090162, -0.6684575985474055, 0.7437502119644694]
        - [-0.1948932171027416, 0.7295051458438518, 0.6556209447942599]
step_21:
  tf_mat_link2_0_flan2:
    target_pose:
      position: [0.4035365493585508, -0.1291748330921922, 0.2513487931821093]
      orientation:
        - [-0.9808257669959046, 0.1448606594549878, 0.1303695225699809]
        - [0.1948866441618476, 0.729506045526166, 0.6556218976641204]
        - [-0.0001315344184128947, 0.6684581297235691, -0.7437497341094599]
  tf_mat_link3_0_flan3:
    target_pose:
      position: [0.4641611101503652, 0.007503612812101934, -0.07369023803715735]
      orientation:
        - [-0.9808244613571325, -0.1448676407462459, -0.1303715879322782]
        - [-0.0001284847724090162, -0.6684575985474055, 0.7437502119644694]
        - [-0.1948932171027416, 0.7295051458438518, 0.6556209447942599]
step_22:
  tf_mat_link2_0_flan2:
    target_pose:
      position: [0.4035394623514708, -0.1291602686864881, 0.2513621477040343]
      orientation:
        - [-0.9808257669959046, 0.1448606594549878, 0.1303695225699809]
        - [0.1948866441618476, 0.729506045526166, 0.6556218976641204]
        - [-0.0001315344184128947, 0.6684581297235691, -0.7437497341094599]
  tf_mat_link3_0_flan3:
    target_pose:
      position: [0.4641640231388411, 0.007516967323326934, -0.07370480245356137]
      orientation:
        - [-0.9808244613571325, -0.1448676407462459, -0.1303715879322782]
        - [-0.0001284847724090162, -0.6684575985474055, 0.7437502119644694]
        - [-0.1948932171027416, 0.7295051458438518, 0.6556209447942599]
step_23:
  tf_mat_link2_0_flan2:
    target_pose:
      position: [0.4035423343119874, -0.1291456796853144, 0.2513755050639828]
      orientation:
        - [-0.9808257669959046, 0.1448606594549878, 0.1303695225699809]
        - [0.1948866441618476, 0.729506045526166, 0.6556218976641204]
        - [-0.0001315344184128947, 0.6684581297235691, -0.7437497341094599]
  tf_mat_link3_0_flan3:
    target_pose:
      position: [0.4641668950948335, 0.00753032467272613, -0.07371939146528445]
      orientation:
        - [-0.9808244613571325, -0.1448676407462459, -0.1303715879322782]
        - [-0.0001284847724090162, -0.6684575985474055, 0.7437502119644694]
        - [-0.1948932171027416, 0.7295051458438518, 0.6556209447942599]
step_24:
  tf_mat_link2_0_flan2:
    target_pose:
      position: [0.4035452473049077, -0.1291311152796104, 0.2513888595859078]
      orientation:
        - [-0.9808257669959046, 0.1448606594549878, 0.1303695225699809]
        - [0.1948866441618476, 0.729506045526166, 0.6556218976641204]
        - [-0.0001315344184128947, 0.6684581297235691, -0.7437497341094599]
  tf_mat_link3_0_flan3:
    target_pose:
      position: [0.4641698080833096, 0.007543679183951157, -0.07373395588168852]
      orientation:
        - [-0.9808244613571325, -0.1448676407462459, -0.1303715879322782]
        - [-0.0001284847724090162, -0.6684575985474055, 0.7437502119644694]
        - [-0.1948932171027416, 0.7295051458438518, 0.6556209447942599]
step_25:
  tf_mat_link2_0_flan2:
    target_pose:
      position: [0.4035481192654244, -0.1291165262784367, 0.2514022169458562]
      orientation:
        - [-0.9808257669959046, 0.1448606594549878, 0.1303695225699809]
        - [0.1948866441618476, 0.729506045526166, 0.6556218976641204]
        - [-0.0001315344184128947, 0.6684581297235691, -0.7437497341094599]
  tf_mat_link3_0_flan3:
    target_pose:
      position: [0.4641726800393022, 0.007557036533350325, -0.07374854489341148]
      orientation:
        - [-0.9808244613571325, -0.1448676407462459, -0.1303715879322782]
        - [-0.0001284847724090162, -0.6684575985474055, 0.7437502119644694]
        - [-0.1948932171027416, 0.7295051458438518, 0.6556209447942599]
step_26:
  tf_mat_link2_0_flan2:
    target_pose:
      position: [0.4035510335875414, -0.129101962638082, 0.2514155714019375]
      orientation:
        - [-0.9808257669959046, 0.1448606594549878, 0.1303695225699809]
        - [0.1948866441618476, 0.729506045526166, 0.6556218976641204]
        - [-0.0001315344184128947, 0.6684581297235691, -0.7437497341094599]
  tf_mat_link3_0_flan3:
    target_pose:
      position: [0.4641755943569775, 0.007570390978726638, -0.07376310854447099]
      orientation:
        - [-0.9808244613571325, -0.1448676407462459, -0.1303715879322782]
        - [-0.0001284847724090162, -0.6684575985474055, 0.7437502119644694]
        - [-0.1948932171027416, 0.7295051458438518, 0.6556209447942599]
step_27:
  tf_mat_link2_0_flan2:
    target_pose:
      position: [0.4035539042188612, -0.1290873728715587, 0.2514289288277298]
      orientation:
        - [-0.9808257669959046, 0.1448606594549878, 0.1303695225699809]
        - [0.1948866441618476, 0.729506045526166, 0.6556218976641204]
        - [-0.0001315344184128947, 0.6684581297235691, -0.7437497341094599]
  tf_mat_link3_0_flan3:
    target_pose:
      position: [0.4641784649837709, 0.007583748393974576, -0.07377769832153858]
      orientation:
        - [-0.9808244613571325, -0.1448676407462459, -0.1303715879322782]
        - [-0.0001284847724090162, -0.6684575985474055, 0.7437502119644694]
        - [-0.1948932171027416, 0.7295051458438518, 0.6556209447942599]
step_28:
  tf_mat_link2_0_flan2:
    target_pose:
      position: [0.4035568185409781, -0.1290728092312043, 0.251442283283811]
      orientation:
        - [-0.9808257669959051, 0.1448606594549878, 0.1303695225699809]
        - [0.1948866441618477, 0.729506045526166, 0.6556218976641206]
        - [-0.0001315344184128948, 0.6684581297235694, -0.7437497341094601]
  tf_mat_link3_0_flan3:
    target_pose:
      position: [0.464181379301446, 0.007597102839350833, -0.07379226197259819]
      orientation:
        - [-0.980824461357133, -0.1448676407462458, -0.1303715879322783]
        - [-0.0001284847724090163, -0.6684575985474059, 0.7437502119644696]
        - [-0.1948932171027417, 0.7295051458438517, 0.65562094479426]
step_29:
  tf_mat_link2_0_flan2:
    target_pose:
      position: [0.4035596891722982, -0.129058219464681, 0.2514556407096034]
      orientation:
        - [-0.9808257669959046, 0.1448606594549878, 0.1303695225699809]
        - [0.1948866441618476, 0.729506045526166, 0.6556218976641204]
        - [-0.0001315344184128947, 0.6684581297235691, -0.7437497341094599]
  tf_mat_link3_0_flan3:
    target_pose:
      position: [0.4641842499282392, 0.007610460254598828, -0.07380685174966573]
      orientation:
        - [-0.9808244613571325, -0.1448676407462459, -0.1303715879322782]
        - [-0.0001284847724090162, -0.6684575985474055, 0.7437502119644694]
        - [-0.1948932171027416, 0.7295051458438518, 0.6556209447942599]
step_30:
  tf_mat_link2_0_flan2:
    target_pose:
      position: [0.4035626034944149, -0.1290436558243265, 0.2514689951656845]
      orientation:
        - [-0.9808257669959046, 0.1448606594549878, 0.1303695225699809]
        - [0.1948866441618476, 0.729506045526166, 0.6556218976641204]
        - [-0.0001315344184128947, 0.6684581297235691, -0.7437497341094599]
  tf_mat_link3_0_flan3:
    target_pose:
      position: [0.4641871642459146, 0.007623814699975112, -0.07382141540072523]
      orientation:
        - [-0.9808244613571325, -0.1448676407462459, -0.1303715879322782]
        - [-0.0001284847724090162, -0.6684575985474055, 0.7437502119644694]
        - [-0.1948932171027416, 0.7295051458438518, 0.6556209447942599]
step_31:
  tf_mat_link2_0_flan2:
    target_pose:
      position: [0.403565474125735, -0.1290290660578032, 0.2514823525914768]
      orientation:
        - [-0.9808257669959046, 0.1448606594549878, 0.1303695225699809]
        - [0.1948866441618476, 0.729506045526166, 0.6556218976641204]
        - [-0.0001315344184128947, 0.6684581297235691, -0.7437497341094599]
  tf_mat_link3_0_flan3:
    target_pose:
      position: [0.4641900348727079, 0.007637172115223023, -0.07383600517779276]
      orientation:
        - [-0.9808244613571325, -0.1448676407462459, -0.1303715879322782]
        - [-0.0001284847724090162, -0.6684575985474055, 0.7437502119644694]
        - [-0.1948932171027416, 0.7295051458438518, 0.6556209447942599]
step_32:
  tf_mat_link2_0_flan2:
    target_pose:
      position: [0.4035683897770487, -0.1290145031827981, 0.2514957069817142]
      orientation:
        - [-0.9808257669959046, 0.1448606594549878, 0.1303695225699809]
        - [0.1948866441618476, 0.729506045526166, 0.6556218976641204]
        - [-0.0001315344184128947, 0.6684581297235691, -0.7437497341094599]
  tf_mat_link3_0_flan3:
    target_pose:
      position: [0.4641929505195825, 0.00765052649475062, -0.07385056806350776]
      orientation:
        - [-0.9808244613571325, -0.1448676407462459, -0.1303715879322782]
        - [-0.0001284847724090162, -0.6684575985474055, 0.7437502119644694]
        - [-0.1948932171027416, 0.7295051458438518, 0.6556209447942599]
step_33:
  tf_mat_link2_0_flan2:
    target_pose:
      position: [0.4035712604083685, -0.128999913416275, 0.2515090644075065]
      orientation:
        - [-0.9808257669959046, 0.1448606594549878, 0.1303695225699809]
        - [0.1948866441618476, 0.729506045526166, 0.6556218976641204]
        - [-0.0001315344184128947, 0.6684581297235691, -0.7437497341094599]
  tf_mat_link3_0_flan3:
    target_pose:
      position: [0.4641958211463759, 0.007663883909998531, -0.07386515784057535]
      orientation:
        - [-0.9808244613571325, -0.1448676407462459, -0.1303715879322782]
        - [-0.0001284847724090162, -0.6684575985474055, 0.7437502119644694]
        - [-0.1948932171027416, 0.7295051458438518, 0.6556209447942599]
step_34:
  tf_mat_link2_0_flan2:
    target_pose:
      position: [0.4035741734012888, -0.1289853490105708, 0.2515224189294315]
      orientation:
        - [-0.9808257669959046, 0.1448606594549878, 0.1303695225699809]
        - [0.1948866441618476, 0.729506045526166, 0.6556218976641204]
        - [-0.0001315344184128947, 0.6684581297235691, -0.7437497341094599]
  tf_mat_link3_0_flan3:
    target_pose:
      position: [0.4641987341348517, 0.007677238421223587, -0.07387972225697947]
      orientation:
        - [-0.9808244613571325, -0.1448676407462459, -0.1303715879322782]
        - [-0.0001284847724090162, -0.6684575985474055, 0.7437502119644694]
        - [-0.1948932171027416, 0.7295051458438518, 0.6556209447942599]
step_35:
  tf_mat_link2_0_flan2:
    target_pose:
      position: [0.4035770863942089, -0.1289707846048668, 0.2515357734513566]
      orientation:
        - [-0.9808257669959046, 0.1448606594549878, 0.1303695225699809]
        - [0.1948866441618476, 0.729506045526166, 0.6556218976641204]
        - [-0.0001315344184128947, 0.6684581297235691, -0.7437497341094599]
  tf_mat_link3_0_flan3:
    target_pose:
      position: [0.4642016471233277, 0.007690592932448587, -0.07389428667338349]
      orientation:
        - [-0.9808244613571325, -0.1448676407462459, -0.1303715879322782]
        - [-0.0001284847724090162, -0.6684575985474055, 0.7437502119644694]
        - [-0.1948932171027416, 0.7295051458438518, 0.6556209447942599]
step_36:
  tf_mat_link2_0_flan2:
    target_pose:
      position: [0.4035799596839224, -0.1289561963690426, 0.2515491307454612]
      orientation:
        - [-0.9808257669959046, 0.1448606594549878, 0.1303695225699809]
        - [0.1948866441618476, 0.729506045526166, 0.6556218976641204]
        - [-0.0001315344184128947, 0.6684581297235691, -0.7437497341094599]
  tf_mat_link3_0_flan3:
    target_pose:
      position: [0.4642045204085197, 0.007703950215999039, -0.07390887491976195]
      orientation:
        - [-0.9808244613571325, -0.1448676407462459, -0.1303715879322782]
        - [-0.0001284847724090162, -0.6684575985474055, 0.7437502119644694]
        - [-0.1948932171027416, 0.7295051458438518, 0.6556209447942599]
step_37:
  tf_mat_link2_0_flan2:
    target_pose:
      position: [0.4035828726768425, -0.1289416319633385, 0.2515624852673862]
      orientation:
        - [-0.9808257669959046, 0.1448606594549878, 0.1303695225699809]
        - [0.1948866441618476, 0.729506045526166, 0.6556218976641204]
        - [-0.0001315344184128947, 0.6684581297235691, -0.7437497341094599]
  tf_mat_link3_0_flan3:
    target_pose:
      position: [0.4642074333969956, 0.007717304727224067, -0.07392343933616607]
      orientation:
        - [-0.9808244613571325, -0.1448676407462459, -0.1303715879322782]
        - [-0.0001284847724090162, -0.6684575985474055, 0.7437502119644694]
        - [-0.1948932171027416, 0.7295051458438518, 0.6556209447942599]
step_38:
  tf_mat_link2_0_flan2:
    target_pose:
      position: [0.4035857433081625, -0.1289270421968153, 0.2515758426931786]
      orientation:
        - [-0.9808257669959046, 0.1448606594549878, 0.1303695225699809]
        - [0.1948866441618476, 0.729506045526166, 0.6556218976641204]
        - [-0.0001315344184128947, 0.6684581297235691, -0.7437497341094599]
  tf_mat_link3_0_flan3:
    target_pose:
      position: [0.4642103040237889, 0.007730662142472006, -0.07393802911323361]
      orientation:
        - [-0.9808244613571325, -0.1448676407462459, -0.1303715879322782]
        - [-0.0001284847724090162, -0.6684575985474055, 0.7437502119644694]
        - [-0.1948932171027416, 0.7295051458438518, 0.6556209447942599]
step_39:
  tf_mat_link2_0_flan2:
    target_pose:
      position: [0.4035886589594762, -0.1289124793218102, 0.2515891970834159]
      orientation:
        - [-0.9808257669959046, 0.1448606594549878, 0.1303695225699809]
        - [0.1948866441618476, 0.729506045526166, 0.6556218976641204]
        - [-0.0001315344184128947, 0.6684581297235691, -0.7437497341094599]
  tf_mat_link3_0_flan3:
    target_pose:
      position: [0.4642132196706635, 0.007744016521999575, -0.07395259199894855]
      orientation:
        - [-0.9808244613571325, -0.1448676407462459, -0.1303715879322782]
        - [-0.0001284847724090162, -0.6684575985474055, 0.7437502119644694]
        - [-0.1948932171027416, 0.7295051458438518, 0.6556209447942599]
step_40:
  tf_mat_link2_0_flan2:
    target_pose:
      position: [0.4035915295907961, -0.128897889555287, 0.2516025545092082]
      orientation:
        - [-0.9808257669959046, 0.1448606594549878, 0.1303695225699809]
        - [0.1948866441618476, 0.729506045526166, 0.6556218976641204]
        - [-0.0001315344184128947, 0.6684581297235691, -0.7437497341094599]
  tf_mat_link3_0_flan3:
    target_pose:
      position: [0.4642160902974568, 0.007757373937247514, -0.07396718177601619]
      orientation:
        - [-0.9808244613571325, -0.1448676407462459, -0.1303715879322782]
        - [-0.0001284847724090162, -0.6684575985474055, 0.7437502119644694]
        - [-0.1948932171027416, 0.7295051458438518, 0.6556209447942599]
step_41:
  tf_mat_link2_0_flan2:
    target_pose:
      position: [0.4035944425837162, -0.128883325149583, 0.2516159090311332]
      orientation:
        - [-0.9808257669959046, 0.1448606594549878, 0.1303695225699809]
        - [0.1948866441618476, 0.729506045526166, 0.6556218976641204]
        - [-0.0001315344184128947, 0.6684581297235691, -0.7437497341094599]
  tf_mat_link3_0_flan3:
    target_pose:
      position: [0.4642190032859326, 0.007770728448472541, -0.07398174619242021]
      orientation:
        - [-0.9808244613571325, -0.1448676407462459, -0.1303715879322782]
        - [-0.0001284847724090162, -0.6684575985474055, 0.7437502119644694]
        - [-0.1948932171027416, 0.7295051458438518, 0.6556209447942599]
step_42:
  tf_mat_link2_0_flan2:
    target_pose:
      position: [0.4035973132150363, -0.1288687353830598, 0.2516292664569256]
      orientation:
        - [-0.9808257669959046, 0.1448606594549878, 0.1303695225699809]
        - [0.1948866441618476, 0.729506045526166, 0.6556218976641204]
        - [-0.0001315344184128947, 0.6684581297235691, -0.7437497341094599]
  tf_mat_link3_0_flan3:
    target_pose:
      position: [0.464221873912726, 0.00778408586372048, -0.07399633596948785]
      orientation:
        - [-0.9808244613571325, -0.1448676407462459, -0.1303715879322782]
        - [-0.0001284847724090162, -0.6684575985474055, 0.7437502119644694]
        - [-0.1948932171027416, 0.7295051458438518, 0.6556209447942599]
step_43:
  tf_mat_link2_0_flan2:
    target_pose:
      position: [0.4036002288663499, -0.1288541725080546, 0.251642620847163]
      orientation:
        - [-0.9808257669959046, 0.1448606594549878, 0.1303695225699809]
        - [0.1948866441618476, 0.729506045526166, 0.6556218976641204]
        - [-0.0001315344184128947, 0.6684581297235691, -0.7437497341094599]
  tf_mat_link3_0_flan3:
    target_pose:
      position: [0.4642247895596005, 0.007797440243248077, -0.07401089885520279]
      orientation:
        - [-0.9808244613571325, -0.1448676407462459, -0.1303715879322782]
        - [-0.0001284847724090162, -0.6684575985474055, 0.7437502119644694]
        - [-0.1948932171027416, 0.7295051458438518, 0.6556209447942599]
step_44:
  tf_mat_link2_0_flan2:
    target_pose:
      position: [0.40360314185927, -0.1288396081023506, 0.2516559753690879]
      orientation:
        - [-0.9808257669959046, 0.1448606594549878, 0.1303695225699809]
        - [0.1948866441618476, 0.729506045526166, 0.6556218976641204]
        - [-0.0001315344184128947, 0.6684581297235691, -0.7437497341094599]
  tf_mat_link3_0_flan3:
    target_pose:
      position: [0.4642277025480765, 0.007810794754473077, -0.07402546327160686]
      orientation:
        - [-0.9808244613571325, -0.1448676407462459, -0.1303715879322782]
        - [-0.0001284847724090162, -0.6684575985474055, 0.7437502119644694]
        - [-0.1948932171027416, 0.7295051458438518, 0.6556209447942599]
step_45:
  tf_mat_link2_0_flan2:
    target_pose:
      position: [0.40360601249059, -0.1288250183358273, 0.2516693327948802]
      orientation:
        - [-0.9808257669959046, 0.1448606594549878, 0.1303695225699809]
        - [0.1948866441618476, 0.729506045526166, 0.6556218976641204]
        - [-0.0001315344184128947, 0.6684581297235691, -0.7437497341094599]
  tf_mat_link3_0_flan3:
    target_pose:
      position: [0.4642305731748699, 0.007824152169720988, -0.07404005304867445]
      orientation:
        - [-0.9808244613571325, -0.1448676407462459, -0.1303715879322782]
        - [-0.0001284847724090162, -0.6684575985474055, 0.7437502119644694]
        - [-0.1948932171027416, 0.7295051458438518, 0.6556209447942599]
step_46:
  tf_mat_link2_0_flan2:
    target_pose:
      position: [0.4036089281419036, -0.1288104554608222, 0.2516826871851175]
      orientation:
        - [-0.9808257669959046, 0.1448606594549878, 0.1303695225699809]
        - [0.1948866441618476, 0.729506045526166, 0.6556218976641204]
        - [-0.0001315344184128947, 0.6684581297235691, -0.7437497341094599]
  tf_mat_link3_0_flan3:
    target_pose:
      position: [0.4642334888217444, 0.00783750654924853, -0.07405461593438939]
      orientation:
        - [-0.9808244613571325, -0.1448676407462459, -0.1303715879322782]
        - [-0.0001284847724090162, -0.6684575985474055, 0.7437502119644694]
        - [-0.1948932171027416, 0.7295051458438518, 0.6556209447942599]
step_47:
  tf_mat_link2_0_flan2:
    target_pose:
      position: [0.4036117987732236, -0.1287958656942991, 0.2516960446109099]
      orientation:
        - [-0.9808257669959046, 0.1448606594549878, 0.1303695225699809]
        - [0.1948866441618476, 0.729506045526166, 0.6556218976641204]
        - [-0.0001315344184128947, 0.6684581297235691, -0.7437497341094599]
  tf_mat_link3_0_flan3:
    target_pose:
      position: [0.4642363594485377, 0.007850863964496468, -0.07406920571145692]
      orientation:
        - [-0.9808244613571325, -0.1448676407462459, -0.1303715879322782]
        - [-0.0001284847724090162, -0.6684575985474055, 0.7437502119644694]
        - [-0.1948932171027416, 0.7295051458438518, 0.6556209447942599]
step_48:
  tf_mat_link2_0_flan2:
    target_pose:
      position: [0.4036147117661438, -0.1287813012885951, 0.2517093991328349]
      orientation:
        - [-0.9808257669959046, 0.1448606594549878, 0.1303695225699809]
        - [0.1948866441618476, 0.729506045526166, 0.6556218976641204]
        - [-0.0001315344184128947, 0.6684581297235691, -0.7437497341094599]
  tf_mat_link3_0_flan3:
    target_pose:
      position: [0.4642392724370137, 0.007864218475721496, -0.07408377012786099]
      orientation:
        - [-0.9808244613571325, -0.1448676407462459, -0.1303715879322782]
        - [-0.0001284847724090162, -0.6684575985474055, 0.7437502119644694]
        - [-0.1948932171027416, 0.7295051458438518, 0.6556209447942599]
step_49:
  tf_mat_link2_0_flan2:
    target_pose:
      position: [0.4036175823974636, -0.1287667115220717, 0.2517227565586273]
      orientation:
        - [-0.9808257669959046, 0.1448606594549878, 0.1303695225699809]
        - [0.1948866441618476, 0.729506045526166, 0.6556218976641204]
        - [-0.0001315344184128947, 0.6684581297235691, -0.7437497341094599]
  tf_mat_link3_0_flan3:
    target_pose:
      position: [0.4642421430638069, 0.007877575890969435, -0.07409835990492863]
      orientation:
        - [-0.9808244613571325, -0.1448676407462459, -0.1303715879322782]
        - [-0.0001284847724090162, -0.6684575985474055, 0.7437502119644694]
        - [-0.1948932171027416, 0.7295051458438518, 0.6556209447942599]
step_50:
  tf_mat_link2_0_flan2:
    target_pose:
      position: [0.4036204980487774, -0.1287521486470667, 0.2517361109488647]
      orientation:
        - [-0.9808257669959046, 0.1448606594549878, 0.1303695225699809]
        - [0.1948866441618476, 0.729506045526166, 0.6556218976641204]
        - [-0.0001315344184128947, 0.6684581297235691, -0.7437497341094599]
  tf_mat_link3_0_flan3:
    target_pose:
      position: [0.4642450587106815, 0.007890930270497004, -0.07411292279064358]
      orientation:
        - [-0.9808244613571325, -0.1448676407462459, -0.1303715879322782]
        - [-0.0001284847724090162, -0.6684575985474055, 0.7437502119644694]
        - [-0.1948932171027416, 0.7295051458438518, 0.6556209447942599]
step_51:
  tf_mat_link2_0_flan2:
    target_pose:
      position: [0.4036233686800973, -0.1287375588805436, 0.2517494683746569]
      orientation:
        - [-0.9808257669959046, 0.1448606594549878, 0.1303695225699809]
        - [0.1948866441618476, 0.729506045526166, 0.6556218976641204]
        - [-0.0001315344184128947, 0.6684581297235691, -0.7437497341094599]
  tf_mat_link3_0_flan3:
    target_pose:
      position: [0.4642479293374749, 0.007904287685744971, -0.07412751256771111]
      orientation:
        - [-0.9808244613571325, -0.1448676407462459, -0.1303715879322782]
        - [-0.0001284847724090162, -0.6684575985474055, 0.7437502119644694]
        - [-0.1948932171027416, 0.7295051458438518, 0.6556209447942599]
step_52:
  tf_mat_link2_0_flan2:
    target_pose:
      position: [0.4036262816730173, -0.1287229944748394, 0.251762822896582]
      orientation:
        - [-0.9808257669959046, 0.1448606594549878, 0.1303695225699809]
        - [0.1948866441618476, 0.729506045526166, 0.6556218976641204]
        - [-0.0001315344184128947, 0.6684581297235691, -0.7437497341094599]
  tf_mat_link3_0_flan3:
    target_pose:
      position: [0.4642508423259508, 0.007917642196969998, -0.07414207698411523]
      orientation:
        - [-0.9808244613571325, -0.1448676407462459, -0.1303715879322782]
        - [-0.0001284847724090162, -0.6684575985474055, 0.7437502119644694]
        - [-0.1948932171027416, 0.7295051458438518, 0.6556209447942599]
step_53:
  tf_mat_link2_0_flan2:
    target_pose:
      position: [0.4036291549627309, -0.1287084062390151, 0.2517761801906866]
      orientation:
        - [-0.9808257669959046, 0.1448606594549878, 0.1303695225699809]
        - [0.1948866441618476, 0.729506045526166, 0.6556218976641204]
        - [-0.0001315344184128947, 0.6684581297235691, -0.7437497341094599]
  tf_mat_link3_0_flan3:
    target_pose:
      position: [0.4642537156111429, 0.007930999480520451, -0.07415666523049369]
      orientation:
        - [-0.9808244613571325, -0.1448676407462459, -0.1303715879322782]
        - [-0.0001284847724090162, -0.6684575985474055, 0.7437502119644694]
        - [-0.1948932171027416, 0.7295051458438518, 0.6556209447942599]
step_54:
  tf_mat_link2_0_flan2:
    target_pose:
      position: [0.4036320679556512, -0.1286938418333111, 0.2517895347126116]
      orientation:
        - [-0.9808257669959046, 0.1448606594549878, 0.1303695225699809]
        - [0.1948866441618476, 0.729506045526166, 0.6556218976641204]
        - [-0.0001315344184128947, 0.6684581297235691, -0.7437497341094599]
  tf_mat_link3_0_flan3:
    target_pose:
      position: [0.4642566285996187, 0.007944353991745479, -0.07417122964689776]
      orientation:
        - [-0.9808244613571325, -0.1448676407462459, -0.1303715879322782]
        - [-0.0001284847724090162, -0.6684575985474055, 0.7437502119644694]
        - [-0.1948932171027416, 0.7295051458438518, 0.6556209447942599]
step_55:
