step_0:
  tf_mat_link2_0_flan2:
    target_pose:
      position: [0.4455603746876904, -0.07028632810359964, 0.1388389554289695]
      orientation:
        - [-0.9892042437145599, 0.1465332324724487, -0.001727572984091277]
        - [0.102145328978817, 0.6979113339662673, 0.7088625033534514]
        - [0.1050776067508195, 0.7010333330446044, -0.7053445385240862]
  tf_mat_link3_0_flan3:
    target_pose:
      position: [0.4448022972643463, -0.06951446452905996, -0.1396143265517786]
      orientation:
        - [-0.989203169113302, -0.1465405110263138, 0.001725500556436836]
        - [0.105081208618966, -0.7010320228094493, 0.7053453040720492]
        - [-0.10215203016495, 0.6979111217432918, 0.708861746575564]
step_1:
  tf_mat_link2_0_flan2:
    target_pose:
      position: [0.4455632782351131, -0.07027237311463275, 0.1388529683002077]
      orientation:
        - [-0.9892042437145599, 0.1465332324724487, -0.001727572984091277]
        - [0.102145328978817, 0.6979113339662673, 0.7088625033534514]
        - [0.1050776067508195, 0.7010333330446044, -0.7053445385240862]
  tf_mat_link3_0_flan3:
    target_pose:
      position: [0.4448052008119814, -0.06950045166848706, -0.1396282815514109]
      orientation:
        - [-0.989203169113302, -0.1465405110263138, 0.001725500556436836]
        - [0.105081208618966, -0.7010320228094493, 0.7053453040720492]
        - [-0.10215203016495, 0.6979111217432918, 0.708861746575564]
step_2:
  tf_mat_link2_0_flan2:
    target_pose:
      position: [0.445566226527139, -0.07025843783859814, 0.1388669697232283]
      orientation:
        - [-0.9892042437145599, 0.1465332324724487, -0.001727572984091277]
        - [0.102145328978817, 0.6979113339662673, 0.7088625033534514]
        - [0.1050776067508195, 0.7010333330446044, -0.7053445385240862]
  tf_mat_link3_0_flan3:
    target_pose:
      position: [0.4448081491042503, -0.06948645025629618, -0.139642216838275]
      orientation:
        - [-0.989203169113302, -0.1465405110263138, 0.001725500556436836]
        - [0.105081208618966, -0.7010320228094493, 0.7053453040720492]
        - [-0.10215203016495, 0.6979111217432918, 0.708861746575564]
step_3:
  tf_mat_link2_0_flan2:
    target_pose:
      position: [0.4455691299869994, -0.0702444828128263, 0.1388809826151537]
      orientation:
        - [-0.9892042437145599, 0.1465332324724487, -0.001727572984091277]
        - [0.102145328978817, 0.6979113339662673, 0.7088625033534514]
        - [0.1050776067508195, 0.7010333330446044, -0.7053445385240862]
  tf_mat_link3_0_flan3:
    target_pose:
      position: [0.4448110525643232, -0.06947243737503583, -0.139656171874712]
      orientation:
        - [-0.989203169113302, -0.1465405110263138, 0.001725500556436836]
        - [0.105081208618966, -0.7010320228094493, 0.7053453040720492]
        - [-0.10215203016495, 0.6979111217432918, 0.708861746575564]
step_4:
  tf_mat_link2_0_flan2:
    target_pose:
      position: [0.4455720784541494, -0.07023054761040165, 0.1388949839967999]
      orientation:
        - [-0.9892042437145599, 0.1465332324724487, -0.001727572984091277]
        - [0.102145328978817, 0.6979113339662673, 0.7088625033534514]
        - [0.1050776067508195, 0.7010333330446044, -0.7053445385240862]
  tf_mat_link3_0_flan3:
    target_pose:
      position: [0.4448140010317163, -0.06945843600421991, -0.1396701070879669]
      orientation:
        - [-0.989203169113302, -0.1465405110263138, 0.001725500556436836]
        - [0.105081208618966, -0.7010320228094493, 0.7053453040720492]
        - [-0.10215203016495, 0.6979111217432918, 0.708861746575564]
step_5:
  tf_mat_link2_0_flan2:
    target_pose:
      position: [0.44557498191401, -0.07021659258462976, 0.1389089968887253]
      orientation:
        - [-0.9892042437145599, 0.1465332324724487, -0.001727572984091277]
        - [0.102145328978817, 0.6979113339662673, 0.7088625033534514]
        - [0.1050776067508195, 0.7010333330446044, -0.7053445385240862]
  tf_mat_link3_0_flan3:
    target_pose:
      position: [0.4448169044917894, -0.06944442312295962, -0.1396840621244038]
      orientation:
        - [-0.989203169113302, -0.1465405110263138, 0.001725500556436836]
        - [0.105081208618966, -0.7010320228094493, 0.7053453040720492]
        - [-0.10215203016495, 0.6979111217432918, 0.708861746575564]
step_6:
  tf_mat_link2_0_flan2:
    target_pose:
      position: [0.4455779300309118, -0.07020265723498531, 0.1389229983531202]
      orientation:
        - [-0.9892042437145599, 0.1465332324724487, -0.001727572984091277]
        - [0.102145328978817, 0.6979113339662673, 0.7088625033534514]
        - [0.1050776067508195, 0.7010333330446044, -0.7053445385240862]
  tf_mat_link3_0_flan3:
    target_pose:
      position: [0.4448198526089341, -0.06943042166939373, -0.1396979974848773]
      orientation:
        - [-0.989203169113302, -0.1465405110263138, 0.001725500556436836]
        - [0.105081208618966, -0.7010320228094493, 0.7053453040720492]
        - [-0.10215203016495, 0.6979111217432918, 0.708861746575564]
step_7:
  tf_mat_link2_0_flan2:
    target_pose:
      position: [0.4455808334907724, -0.07018870220921342, 0.1389370112450456]
      orientation:
        - [-0.9892042437145599, 0.1465332324724487, -0.001727572984091277]
        - [0.102145328978817, 0.6979113339662673, 0.7088625033534514]
        - [0.1050776067508195, 0.7010333330446044, -0.7053445385240862]
  tf_mat_link3_0_flan3:
    target_pose:
      position: [0.4448227560690072, -0.06941640878813338, -0.1397119525213142]
      orientation:
        - [-0.989203169113302, -0.1465405110263138, 0.001725500556436836]
        - [0.105081208618966, -0.7010320228094493, 0.7053453040720492]
        - [-0.10215203016495, 0.6979111217432918, 0.708861746575564]
step_8:
  tf_mat_link2_0_flan2:
    target_pose:
      position: [0.4455837816076746, -0.07017476685956892, 0.1389510127094405]
      orientation:
        - [-0.9892042437145599, 0.1465332324724487, -0.001727572984091277]
        - [0.102145328978817, 0.6979113339662673, 0.7088625033534514]
        - [0.1050776067508195, 0.7010333330446044, -0.7053445385240862]
  tf_mat_link3_0_flan3:
    target_pose:
      position: [0.4448257041861521, -0.06940240733456748, -0.1397258878817877]
      orientation:
        - [-0.989203169113302, -0.1465405110263138, 0.001725500556436836]
        - [0.105081208618966, -0.7010320228094493, 0.7053453040720492]
        - [-0.10215203016495, 0.6979111217432918, 0.708861746575564]
step_9:
  tf_mat_link2_0_flan2:
    target_pose:
      position: [0.4455866857680308, -0.07016081212823688, 0.1389650254358684]
      orientation:
        - [-0.9892042437145599, 0.1465332324724487, -0.001727572984091277]
        - [0.102145328978817, 0.6979113339662673, 0.7088625033534514]
        - [0.1050776067508195, 0.7010333330446044, -0.7053445385240862]
  tf_mat_link3_0_flan3:
    target_pose:
      position: [0.4448286083467213, -0.06938839461880708, -0.1397398426237873]
      orientation:
        - [-0.989203169113302, -0.1465405110263138, 0.001725500556436836]
        - [0.105081208618966, -0.7010320228094493, 0.7053453040720492]
        - [-0.10215203016495, 0.6979111217432918, 0.708861746575564]
step_10:
  tf_mat_link2_0_flan2:
    target_pose:
      position: [0.4455896338849328, -0.07014687677859233, 0.1389790269002634]
      orientation:
        - [-0.9892042437145599, 0.1465332324724487, -0.001727572984091277]
        - [0.102145328978817, 0.6979113339662673, 0.7088625033534514]
        - [0.1050776067508195, 0.7010333330446044, -0.7053445385240862]
  tf_mat_link3_0_flan3:
    target_pose:
      position: [0.4448315564638662, -0.06937439316524119, -0.1397537779842609]
      orientation:
        - [-0.989203169113302, -0.1465405110263138, 0.001725500556436836]
        - [0.105081208618966, -0.7010320228094493, 0.7053453040720492]
        - [-0.10215203016495, 0.6979111217432918, 0.708861746575564]
step_11:
  tf_mat_link2_0_flan2:
    target_pose:
      position: [0.4455925820018348, -0.07013294142894788, 0.1389930283646583]
      orientation:
        - [-0.9892042437145599, 0.1465332324724487, -0.001727572984091277]
        - [0.102145328978817, 0.6979113339662673, 0.7088625033534514]
        - [0.1050776067508195, 0.7010333330446044, -0.7053445385240862]
  tf_mat_link3_0_flan3:
    target_pose:
      position: [0.444834504581011, -0.06936039171167535, -0.1397677133447345]
      orientation:
        - [-0.989203169113302, -0.1465405110263138, 0.001725500556436836]
        - [0.105081208618966, -0.7010320228094493, 0.7053453040720492]
        - [-0.10215203016495, 0.6979111217432918, 0.708861746575564]
step_12:
  tf_mat_link2_0_flan2:
    target_pose:
      position: [0.4455954854616954, -0.07011898640317599, 0.1390070412565836]
      orientation:
        - [-0.9892042437145599, 0.1465332324724487, -0.001727572984091277]
        - [0.102145328978817, 0.6979113339662673, 0.7088625033534514]
        - [0.1050776067508195, 0.7010333330446044, -0.7053445385240862]
  tf_mat_link3_0_flan3:
    target_pose:
      position: [0.444837408041084, -0.06934637883041495, -0.1397816683811713]
      orientation:
        - [-0.989203169113302, -0.1465405110263138, 0.001725500556436836]
        - [0.105081208618966, -0.7010320228094493, 0.7053453040720492]
        - [-0.10215203016495, 0.6979111217432918, 0.708861746575564]
step_13:
  tf_mat_link2_0_flan2:
    target_pose:
      position: [0.4455984335785973, -0.07010505105353143, 0.1390210427209785]
      orientation:
        - [-0.9892042437145599, 0.1465332324724487, -0.001727572984091277]
        - [0.102145328978817, 0.6979113339662673, 0.7088625033534514]
        - [0.1050776067508195, 0.7010333330446044, -0.7053445385240862]
  tf_mat_link3_0_flan3:
    target_pose:
      position: [0.4448403561582289, -0.06933237737684905, -0.1397956037416449]
      orientation:
        - [-0.989203169113302, -0.1465405110263138, 0.001725500556436836]
        - [0.105081208618966, -0.7010320228094493, 0.7053453040720492]
        - [-0.10215203016495, 0.6979111217432918, 0.708861746575564]
step_14:
  tf_mat_link2_0_flan2:
    target_pose:
      position: [0.4456013370384579, -0.07009109602775959, 0.1390350556129039]
      orientation:
        - [-0.9892042437145599, 0.1465332324724487, -0.001727572984091277]
        - [0.102145328978817, 0.6979113339662673, 0.7088625033534514]
        - [0.1050776067508195, 0.7010333330446044, -0.7053445385240862]
  tf_mat_link3_0_flan3:
    target_pose:
      position: [0.444843259618302, -0.0693183644955887, -0.1398095587780818]
      orientation:
        - [-0.989203169113302, -0.1465405110263138, 0.001725500556436836]
        - [0.105081208618966, -0.7010320228094493, 0.7053453040720492]
        - [-0.10215203016495, 0.6979111217432918, 0.708861746575564]
step_15:
  tf_mat_link2_0_flan2:
    target_pose:
      position: [0.44560428515536, -0.07007716067811504, 0.1390490570772988]
      orientation:
        - [-0.9892042437145599, 0.1465332324724487, -0.001727572984091277]
        - [0.102145328978817, 0.6979113339662673, 0.7088625033534514]
        - [0.1050776067508195, 0.7010333330446044, -0.7053445385240862]
  tf_mat_link3_0_flan3:
    target_pose:
      position: [0.4448462077354468, -0.06930436304202292, -0.1398234941385553]
      orientation:
        - [-0.989203169113302, -0.1465405110263138, 0.001725500556436836]
        - [0.105081208618966, -0.7010320228094493, 0.7053453040720492]
        - [-0.10215203016495, 0.6979111217432918, 0.708861746575564]
step_16:
  tf_mat_link2_0_flan2:
    target_pose:
      position: [0.4456071893157162, -0.070063205946783, 0.1390630698037268]
      orientation:
        - [-0.9892042437145599, 0.1465332324724487, -0.001727572984091277]
        - [0.102145328978817, 0.6979113339662673, 0.7088625033534514]
        - [0.1050776067508195, 0.7010333330446044, -0.7053445385240862]
  tf_mat_link3_0_flan3:
    target_pose:
      position: [0.4448491118960161, -0.06929035032626246, -0.1398374488805549]
      orientation:
        - [-0.989203169113302, -0.1465405110263138, 0.001725500556436836]
        - [0.105081208618966, -0.7010320228094493, 0.7053453040720492]
        - [-0.10215203016495, 0.6979111217432918, 0.708861746575564]
step_17:
  tf_mat_link2_0_flan2:
    target_pose:
      position: [0.4456101367321225, -0.07004927030269864, 0.1390770714336191]
      orientation:
        - [-0.9892042437145599, 0.1465332324724487, -0.001727572984091277]
        - [0.102145328978817, 0.6979113339662673, 0.7088625033534514]
        - [0.1050776067508195, 0.7010333330446044, -0.7053445385240862]
  tf_mat_link3_0_flan3:
    target_pose:
      position: [0.4448520593126645, -0.06927634870719657, -0.1398513845354658]
      orientation:
        - [-0.989203169113302, -0.1465405110263138, 0.001725500556436836]
        - [0.105081208618966, -0.7010320228094493, 0.7053453040720492]
        - [-0.10215203016495, 0.6979111217432918, 0.708861746575564]
step_18:
  tf_mat_link2_0_flan2:
    target_pose:
      position: [0.4456130408924789, -0.07003531557136661, 0.1390910841600471]
      orientation:
        - [-0.9892042437145599, 0.1465332324724487, -0.001727572984091277]
        - [0.102145328978817, 0.6979113339662673, 0.7088625033534514]
        - [0.1050776067508195, 0.7010333330446044, -0.7053445385240862]
  tf_mat_link3_0_flan3:
    target_pose:
      position: [0.444854963473234, -0.06926233599143622, -0.1398653392774654]
      orientation:
        - [-0.989203169113302, -0.1465405110263138, 0.001725500556436836]
        - [0.105081208618966, -0.7010320228094493, 0.7053453040720492]
        - [-0.10215203016495, 0.6979111217432918, 0.708861746575564]
step_19:
  tf_mat_link2_0_flan2:
    target_pose:
      position: [0.4456159897098767, -0.07002138051616197, 0.1391050854589445]
      orientation:
        - [-0.9892042437145599, 0.1465332324724487, -0.001727572984091277]
        - [0.102145328978817, 0.6979113339662673, 0.7088625033534514]
        - [0.1050776067508195, 0.7010333330446044, -0.7053445385240862]
  tf_mat_link3_0_flan3:
    target_pose:
      position: [0.4448579122908752, -0.06924833470337033, -0.1398792743435016]
      orientation:
        - [-0.989203169113302, -0.1465405110263138, 0.001725500556436836]
        - [0.105081208618966, -0.7010320228094493, 0.7053453040720492]
        - [-0.10215203016495, 0.6979111217432918, 0.708861746575564]
step_20:
  tf_mat_link2_0_flan2:
    target_pose:
      position: [0.4456188924692415, -0.07000742519595027, 0.1391190985163673]
      orientation:
        - [-0.9892042437145599, 0.1465332324724487, -0.001727572984091277]
        - [0.102145328978817, 0.6979113339662673, 0.7088625033534514]
        - [0.1050776067508195, 0.7010333330446044, -0.7053445385240862]
  tf_mat_link3_0_flan3:
    target_pose:
      position: [0.444860815050452, -0.06923432165661003, -0.1398932296743758]
      orientation:
        - [-0.989203169113302, -0.1465405110263138, 0.001725500556436836]
        - [0.105081208618966, -0.7010320228094493, 0.7053453040720492]
        - [-0.10215203016495, 0.6979111217432918, 0.708861746575564]
step_21:
  tf_mat_link2_0_flan2:
    target_pose:
      position: [0.4456218412866392, -0.06999349014074557, 0.1391330998152648]
      orientation:
        - [-0.9892042437145599, 0.1465332324724487, -0.001727572984091277]
        - [0.102145328978817, 0.6979113339662673, 0.7088625033534514]
        - [0.1050776067508195, 0.7010333330446044, -0.7053445385240862]
  tf_mat_link3_0_flan3:
    target_pose:
      position: [0.4448637638680931, -0.06922032036854409, -0.139907164740412]
      orientation:
        - [-0.989203169113302, -0.1465405110263138, 0.001725500556436836]
        - [0.105081208618966, -0.7010320228094493, 0.7053453040720492]
        - [-0.10215203016495, 0.6979111217432918, 0.708861746575564]
step_22:
  tf_mat_link2_0_flan2:
    target_pose:
      position: [0.4456247887030454, -0.06997955449666116, 0.1391471014451571]
      orientation:
        - [-0.9892042437145599, 0.1465332324724487, -0.001727572984091277]
        - [0.102145328978817, 0.6979113339662673, 0.7088625033534514]
        - [0.1050776067508195, 0.7010333330446044, -0.7053445385240862]
  tf_mat_link3_0_flan3:
    target_pose:
      position: [0.4448667112847416, -0.06920631874947825, -0.1399211003953229]
      orientation:
        - [-0.989203169113302, -0.1465405110263138, 0.001725500556436836]
        - [0.105081208618966, -0.7010320228094493, 0.7053453040720492]
        - [-0.10215203016495, 0.6979111217432918, 0.708861746575564]
step_23:
  tf_mat_link2_0_flan2:
    target_pose:
      position: [0.4456276928634018, -0.06996559976532918, 0.1391611141715851]
      orientation:
        - [-0.9892042437145599, 0.1465332324724487, -0.001727572984091277]
        - [0.102145328978817, 0.6979113339662673, 0.7088625033534514]
        - [0.1050776067508195, 0.7010333330446044, -0.7053445385240862]
  tf_mat_link3_0_flan3:
    target_pose:
      position: [0.4448696154453108, -0.06919230603371784, -0.1399350551373225]
      orientation:
        - [-0.989203169113302, -0.1465405110263138, 0.001725500556436836]
        - [0.105081208618966, -0.7010320228094493, 0.7053453040720492]
        - [-0.10215203016495, 0.6979111217432918, 0.708861746575564]
step_24:
  tf_mat_link2_0_flan2:
    target_pose:
      position: [0.4456306402798079, -0.06995166412124476, 0.1391751158014775]
      orientation:
        - [-0.9892042437145599, 0.1465332324724487, -0.001727572984091277]
        - [0.102145328978817, 0.6979113339662673, 0.7088625033534514]
        - [0.1050776067508195, 0.7010333330446044, -0.7053445385240862]
  tf_mat_link3_0_flan3:
    target_pose:
      position: [0.4448725628619594, -0.06917830441465195, -0.1399489907922334]
      orientation:
        - [-0.989203169113302, -0.1465405110263138, 0.001725500556436836]
        - [0.105081208618966, -0.7010320228094493, 0.7053453040720492]
        - [-0.10215203016495, 0.6979111217432918, 0.708861746575564]
step_25:
  tf_mat_link2_0_flan2:
    target_pose:
      position: [0.4456335444401645, -0.06993770938991278, 0.1391891285279054]
      orientation:
        - [-0.9892042437145599, 0.1465332324724487, -0.001727572984091277]
        - [0.102145328978817, 0.6979113339662673, 0.7088625033534514]
        - [0.1050776067508195, 0.7010333330446044, -0.7053445385240862]
  tf_mat_link3_0_flan3:
    target_pose:
      position: [0.4448754670225288, -0.0691642916988916, -0.1399629455342329]
      orientation:
        - [-0.989203169113302, -0.1465405110263138, 0.001725500556436836]
        - [0.105081208618966, -0.7010320228094493, 0.7053453040720492]
        - [-0.10215203016495, 0.6979111217432918, 0.708861746575564]
step_26:
  tf_mat_link2_0_flan2:
    target_pose:
      position: [0.4456364932575622, -0.06992377433470814, 0.1392031298268029]
      orientation:
        - [-0.9892042437145599, 0.1465332324724487, -0.001727572984091277]
        - [0.102145328978817, 0.6979113339662673, 0.7088625033534514]
        - [0.1050776067508195, 0.7010333330446044, -0.7053445385240862]
  tf_mat_link3_0_flan3:
    target_pose:
      position: [0.4448784158401699, -0.06915029041082577, -0.1399768806002692]
      orientation:
        - [-0.989203169113302, -0.1465405110263138, 0.001725500556436836]
        - [0.105081208618966, -0.7010320228094493, 0.7053453040720492]
        - [-0.10215203016495, 0.6979111217432918, 0.708861746575564]
step_27:
  tf_mat_link2_0_flan2:
    target_pose:
      position: [0.4456393960169268, -0.06990981901449633, 0.1392171428842257]
      orientation:
        - [-0.9892042437145599, 0.1465332324724487, -0.001727572984091277]
        - [0.102145328978817, 0.6979113339662673, 0.7088625033534514]
        - [0.1050776067508195, 0.7010333330446044, -0.7053445385240862]
  tf_mat_link3_0_flan3:
    target_pose:
      position: [0.4448813185997466, -0.06913627736406536, -0.1399908359311434]
      orientation:
        - [-0.989203169113302, -0.1465405110263138, 0.001725500556436836]
        - [0.105081208618966, -0.7010320228094493, 0.7053453040720492]
        - [-0.10215203016495, 0.6979111217432918, 0.708861746575564]
step_28:
  tf_mat_link2_0_flan2:
    target_pose:
      position: [0.4456423448343246, -0.06989588395929175, 0.1392311441831232]
      orientation:
        - [-0.9892042437145604, 0.1465332324724488, -0.001727572984091278]
        - [0.1021453289788171, 0.6979113339662673, 0.7088625033534515]
        - [0.1050776067508195, 0.7010333330446047, -0.7053445385240864]
  tf_mat_link3_0_flan3:
    target_pose:
      position: [0.4448842674173878, -0.06912227607599952, -0.1400047709971797]
      orientation:
        - [-0.9892031691133024, -0.1465405110263139, 0.001725500556436837]
        - [0.1050812086189661, -0.7010320228094497, 0.7053453040720493]
        - [-0.1021520301649501, 0.6979111217432918, 0.7088617465755642]
step_29:
  tf_mat_link2_0_flan2:
    target_pose:
      position: [0.4456452475936894, -0.06988192863907999, 0.139245157240546]
      orientation:
        - [-0.9892042437145599, 0.1465332324724487, -0.001727572984091277]
        - [0.102145328978817, 0.6979113339662673, 0.7088625033534514]
        - [0.1050776067508195, 0.7010333330446044, -0.7053445385240862]
  tf_mat_link3_0_flan3:
    target_pose:
      position: [0.4448871701769645, -0.06910826302923911, -0.1400187263280538]
      orientation:
        - [-0.989203169113302, -0.1465405110263138, 0.001725500556436836]
        - [0.105081208618966, -0.7010320228094493, 0.7053453040720492]
        - [-0.10215203016495, 0.6979111217432918, 0.708861746575564]
step_30:
  tf_mat_link2_0_flan2:
    target_pose:
      position: [0.4456481964110872, -0.06986799358387535, 0.1392591585394435]
      orientation:
        - [-0.9892042437145599, 0.1465332324724487, -0.001727572984091277]
        - [0.102145328978817, 0.6979113339662673, 0.7088625033534514]
        - [0.1050776067508195, 0.7010333330446044, -0.7053445385240862]
  tf_mat_link3_0_flan3:
    target_pose:
      position: [0.4448901189946056, -0.06909426174117322, -0.1400326613940901]
      orientation:
        - [-0.989203169113302, -0.1465405110263138, 0.001725500556436836]
        - [0.105081208618966, -0.7010320228094493, 0.7053453040720492]
        - [-0.10215203016495, 0.6979111217432918, 0.708861746575564]
step_31:
  tf_mat_link2_0_flan2:
    target_pose:
      position: [0.445651099170452, -0.06985403826366354, 0.1392731715968662]
      orientation:
        - [-0.9892042437145599, 0.1465332324724487, -0.001727572984091277]
        - [0.102145328978817, 0.6979113339662673, 0.7088625033534514]
        - [0.1050776067508195, 0.7010333330446044, -0.7053445385240862]
  tf_mat_link3_0_flan3:
    target_pose:
      position: [0.4448930217541824, -0.06908024869441293, -0.1400466167249643]
      orientation:
        - [-0.989203169113302, -0.1465405110263138, 0.001725500556436836]
        - [0.105081208618966, -0.7010320228094493, 0.7053453040720492]
        - [-0.10215203016495, 0.6979111217432918, 0.708861746575564]
step_32:
  tf_mat_link2_0_flan2:
    target_pose:
      position: [0.4456540493888413, -0.06984010379733868, 0.1392871725647689]
      orientation:
        - [-0.9892042437145599, 0.1465332324724487, -0.001727572984091277]
        - [0.102145328978817, 0.6979113339662673, 0.7088625033534514]
        - [0.1050776067508195, 0.7010333330446044, -0.7053445385240862]
  tf_mat_link3_0_flan3:
    target_pose:
      position: [0.4448959719728161, -0.06906624773734699, -0.1400605512021259]
      orientation:
        - [-0.989203169113302, -0.1465405110263138, 0.001725500556436836]
        - [0.105081208618966, -0.7010320228094493, 0.7053453040720492]
        - [-0.10215203016495, 0.6979111217432918, 0.708861746575564]
step_33:
  tf_mat_link2_0_flan2:
    target_pose:
      position: [0.4456569521482061, -0.06982614847712693, 0.1393011856221917]
      orientation:
        - [-0.9892042437145599, 0.1465332324724487, -0.001727572984091277]
        - [0.102145328978817, 0.6979113339662673, 0.7088625033534514]
        - [0.1050776067508195, 0.7010333330446044, -0.7053445385240862]
  tf_mat_link3_0_flan3:
    target_pose:
      position: [0.4448988747323928, -0.06905223469058663, -0.1400745065330001]
      orientation:
        - [-0.989203169113302, -0.1465405110263138, 0.001725500556436836]
        - [0.105081208618966, -0.7010320228094493, 0.7053453040720492]
        - [-0.10215203016495, 0.6979111217432918, 0.708861746575564]
step_34:
  tf_mat_link2_0_flan2:
    target_pose:
      position: [0.4456598995646123, -0.06981221283304251, 0.1393151872520841]
      orientation:
        - [-0.9892042437145599, 0.1465332324724487, -0.001727572984091277]
        - [0.102145328978817, 0.6979113339662673, 0.7088625033534514]
        - [0.1050776067508195, 0.7010333330446044, -0.7053445385240862]
  tf_mat_link3_0_flan3:
    target_pose:
      position: [0.4449018221490413, -0.06903823307152079, -0.140088442187911]
      orientation:
        - [-0.989203169113302, -0.1465405110263138, 0.001725500556436836]
        - [0.105081208618966, -0.7010320228094493, 0.7053453040720492]
        - [-0.10215203016495, 0.6979111217432918, 0.708861746575564]
step_35:
  tf_mat_link2_0_flan2:
    target_pose:
      position: [0.4456628469810185, -0.06979827718895804, 0.1393291888819763]
      orientation:
        - [-0.9892042437145599, 0.1465332324724487, -0.001727572984091277]
        - [0.102145328978817, 0.6979113339662673, 0.7088625033534514]
        - [0.1050776067508195, 0.7010333330446044, -0.7053445385240862]
  tf_mat_link3_0_flan3:
    target_pose:
      position: [0.4449047695656899, -0.0690242314524549, -0.1401023778428219]
      orientation:
        - [-0.989203169113302, -0.1465405110263138, 0.001725500556436836]
        - [0.105081208618966, -0.7010320228094493, 0.7053453040720492]
        - [-0.10215203016495, 0.6979111217432918, 0.708861746575564]
step_36:
  tf_mat_link2_0_flan2:
    target_pose:
      position: [0.4456657525423665, -0.06978432304650589, 0.1393432012774095]
      orientation:
        - [-0.9892042437145599, 0.1465332324724487, -0.001727572984091277]
        - [0.102145328978817, 0.6979113339662673, 0.7088625033534514]
        - [0.1050776067508195, 0.7010333330446044, -0.7053445385240862]
  tf_mat_link3_0_flan3:
    target_pose:
      position: [0.444907675127252, -0.0690102190676945, -0.1401163319959468]
      orientation:
        - [-0.989203169113302, -0.1465405110263138, 0.001725500556436836]
        - [0.105081208618966, -0.7010320228094493, 0.7053453040720492]
        - [-0.10215203016495, 0.6979111217432918, 0.708861746575564]
step_37:
  tf_mat_link2_0_flan2:
    target_pose:
      position: [0.4456686999587728, -0.06977038740242147, 0.1393572029073017]
      orientation:
        - [-0.9892042437145599, 0.1465332324724487, -0.001727572984091277]
        - [0.102145328978817, 0.6979113339662673, 0.7088625033534514]
        - [0.1050776067508195, 0.7010333330446044, -0.7053445385240862]
  tf_mat_link3_0_flan3:
    target_pose:
      position: [0.4449106225439004, -0.06899621744862866, -0.1401302676508576]
      orientation:
        - [-0.989203169113302, -0.1465405110263138, 0.001725500556436836]
        - [0.105081208618966, -0.7010320228094493, 0.7053453040720492]
        - [-0.10215203016495, 0.6979111217432918, 0.708861746575564]
step_38:
  tf_mat_link2_0_flan2:
    target_pose:
      position: [0.4456716027181374, -0.06975643208220966, 0.1393712159647246]
      orientation:
        - [-0.9892042437145599, 0.1465332324724487, -0.001727572984091277]
        - [0.102145328978817, 0.6979113339662673, 0.7088625033534514]
        - [0.1050776067508195, 0.7010333330446044, -0.7053445385240862]
  tf_mat_link3_0_flan3:
    target_pose:
      position: [0.4449135253034771, -0.06898220440186825, -0.1401442229817319]
      orientation:
        - [-0.989203169113302, -0.1465405110263138, 0.001725500556436836]
        - [0.105081208618966, -0.7010320228094493, 0.7053453040720492]
        - [-0.10215203016495, 0.6979111217432918, 0.708861746575564]
step_39:
  tf_mat_link2_0_flan2:
    target_pose:
      position: [0.4456745529365268, -0.06974249761588486, 0.1393852169326273]
      orientation:
        - [-0.9892042437145599, 0.1465332324724487, -0.001727572984091277]
        - [0.102145328978817, 0.6979113339662673, 0.7088625033534514]
        - [0.1050776067508195, 0.7010333330446044, -0.7053445385240862]
  tf_mat_link3_0_flan3:
    target_pose:
      position: [0.4449164755221107, -0.06896820344480237, -0.1401581574588935]
      orientation:
        - [-0.989203169113302, -0.1465405110263138, 0.001725500556436836]
        - [0.105081208618966, -0.7010320228094493, 0.7053453040720492]
        - [-0.10215203016495, 0.6979111217432918, 0.708861746575564]
step_40:
  tf_mat_link2_0_flan2:
    target_pose:
      position: [0.4456774556958917, -0.0697285422956731, 0.1393992299900501]
      orientation:
        - [-0.9892042437145599, 0.1465332324724487, -0.001727572984091277]
        - [0.102145328978817, 0.6979113339662673, 0.7088625033534514]
        - [0.1050776067508195, 0.7010333330446044, -0.7053445385240862]
  tf_mat_link3_0_flan3:
    target_pose:
      position: [0.4449193782816876, -0.06895419039804196, -0.1401721127897677]
      orientation:
        - [-0.989203169113302, -0.1465405110263138, 0.001725500556436836]
        - [0.105081208618966, -0.7010320228094493, 0.7053453040720492]
        - [-0.10215203016495, 0.6979111217432918, 0.708861746575564]
step_41:
  tf_mat_link2_0_flan2:
    target_pose:
      position: [0.4456804031122977, -0.06971460665158863, 0.1394132316199424]
      orientation:
        - [-0.9892042437145599, 0.1465332324724487, -0.001727572984091277]
        - [0.102145328978817, 0.6979113339662673, 0.7088625033534514]
        - [0.1050776067508195, 0.7010333330446044, -0.7053445385240862]
  tf_mat_link3_0_flan3:
    target_pose:
      position: [0.4449223256983361, -0.06894018877897612, -0.1401860484446786]
      orientation:
        - [-0.989203169113302, -0.1465405110263138, 0.001725500556436836]
        - [0.105081208618966, -0.7010320228094493, 0.7053453040720492]
        - [-0.10215203016495, 0.6979111217432918, 0.708861746575564]
step_42:
  tf_mat_link2_0_flan2:
    target_pose:
      position: [0.4456833058716625, -0.06970065133137687, 0.1394272446773652]
      orientation:
        - [-0.9892042437145599, 0.1465332324724487, -0.001727572984091277]
        - [0.102145328978817, 0.6979113339662673, 0.7088625033534514]
        - [0.1050776067508195, 0.7010333330446044, -0.7053445385240862]
  tf_mat_link3_0_flan3:
    target_pose:
      position: [0.4449252284579129, -0.06892617573221582, -0.1402000037755528]
      orientation:
        - [-0.989203169113302, -0.1465405110263138, 0.001725500556436836]
        - [0.105081208618966, -0.7010320228094493, 0.7053453040720492]
        - [-0.10215203016495, 0.6979111217432918, 0.708861746575564]
step_43:
  tf_mat_link2_0_flan2:
    target_pose:
      position: [0.445686256090052, -0.06968671686505201, 0.1394412456452678]
      orientation:
        - [-0.9892042437145599, 0.1465332324724487, -0.001727572984091277]
        - [0.102145328978817, 0.6979113339662673, 0.7088625033534514]
        - [0.1050776067508195, 0.7010333330446044, -0.7053445385240862]
  tf_mat_link3_0_flan3:
    target_pose:
      position: [0.4449281786765467, -0.06891217477514988, -0.1402139382527144]
      orientation:
        - [-0.989203169113302, -0.1465405110263138, 0.001725500556436836]
        - [0.105081208618966, -0.7010320228094493, 0.7053453040720492]
        - [-0.10215203016495, 0.6979111217432918, 0.708861746575564]
step_44:
  tf_mat_link2_0_flan2:
    target_pose:
      position: [0.4456892035064582, -0.06967278122096759, 0.1394552472751601]
      orientation:
        - [-0.9892042437145599, 0.1465332324724487, -0.001727572984091277]
        - [0.102145328978817, 0.6979113339662673, 0.7088625033534514]
        - [0.1050776067508195, 0.7010333330446044, -0.7053445385240862]
  tf_mat_link3_0_flan3:
    target_pose:
      position: [0.4449311260931952, -0.06889817315608404, -0.1402278739076253]
      orientation:
        - [-0.989203169113302, -0.1465405110263138, 0.001725500556436836]
        - [0.105081208618966, -0.7010320228094493, 0.7053453040720492]
        - [-0.10215203016495, 0.6979111217432918, 0.708861746575564]
step_45:
  tf_mat_link2_0_flan2:
    target_pose:
      position: [0.4456921062658228, -0.06965882590075578, 0.1394692603325829]
      orientation:
        - [-0.9892042437145599, 0.1465332324724487, -0.001727572984091277]
        - [0.102145328978817, 0.6979113339662673, 0.7088625033534514]
        - [0.1050776067508195, 0.7010333330446044, -0.7053445385240862]
  tf_mat_link3_0_flan3:
    target_pose:
      position: [0.4449340288527718, -0.06888416010932363, -0.1402418292384995]
      orientation:
        - [-0.989203169113302, -0.1465405110263138, 0.001725500556436836]
        - [0.105081208618966, -0.7010320228094493, 0.7053453040720492]
        - [-0.10215203016495, 0.6979111217432918, 0.708861746575564]
step_46:
  tf_mat_link2_0_flan2:
    target_pose:
      position: [0.4456950564842123, -0.06964489143443092, 0.1394832613004857]
      orientation:
        - [-0.9892042437145599, 0.1465332324724487, -0.001727572984091277]
        - [0.102145328978817, 0.6979113339662673, 0.7088625033534514]
        - [0.1050776067508195, 0.7010333330446044, -0.7053445385240862]
  tf_mat_link3_0_flan3:
    target_pose:
      position: [0.4449369790714056, -0.06887015915225775, -0.1402557637156611]
      orientation:
        - [-0.989203169113302, -0.1465405110263138, 0.001725500556436836]
        - [0.105081208618966, -0.7010320228094493, 0.7053453040720492]
        - [-0.10215203016495, 0.6979111217432918, 0.708861746575564]
step_47:
  tf_mat_link2_0_flan2:
    target_pose:
      position: [0.445697959243577, -0.06963093611421917, 0.1394972743579084]
      orientation:
        - [-0.9892042437145599, 0.1465332324724487, -0.001727572984091277]
        - [0.102145328978817, 0.6979113339662673, 0.7088625033534514]
        - [0.1050776067508195, 0.7010333330446044, -0.7053445385240862]
  tf_mat_link3_0_flan3:
    target_pose:
      position: [0.4449398818309823, -0.0688561461054974, -0.1402697190465353]
      orientation:
        - [-0.989203169113302, -0.1465405110263138, 0.001725500556436836]
        - [0.105081208618966, -0.7010320228094493, 0.7053453040720492]
        - [-0.10215203016495, 0.6979111217432918, 0.708861746575564]
step_48:
  tf_mat_link2_0_flan2:
    target_pose:
      position: [0.4457009066599833, -0.0696170004701348, 0.1395112759878007]
      orientation:
        - [-0.9892042437145599, 0.1465332324724487, -0.001727572984091277]
        - [0.102145328978817, 0.6979113339662673, 0.7088625033534514]
        - [0.1050776067508195, 0.7010333330446044, -0.7053445385240862]
  tf_mat_link3_0_flan3:
    target_pose:
      position: [0.444942829247631, -0.0688421444864315, -0.1402836547014462]
      orientation:
        - [-0.989203169113302, -0.1465405110263138, 0.001725500556436836]
        - [0.105081208618966, -0.7010320228094493, 0.7053453040720492]
        - [-0.10215203016495, 0.6979111217432918, 0.708861746575564]
step_49:
  tf_mat_link2_0_flan2:
    target_pose:
      position: [0.4457038094193482, -0.06960304514992294, 0.1395252890452235]
      orientation:
        - [-0.9892042437145599, 0.1465332324724487, -0.001727572984091277]
        - [0.102145328978817, 0.6979113339662673, 0.7088625033534514]
        - [0.1050776067508195, 0.7010333330446044, -0.7053445385240862]
  tf_mat_link3_0_flan3:
    target_pose:
      position: [0.4449457320072076, -0.06882813143967115, -0.1402976100323204]
      orientation:
        - [-0.989203169113302, -0.1465405110263138, 0.001725500556436836]
        - [0.105081208618966, -0.7010320228094493, 0.7053453040720492]
        - [-0.10215203016495, 0.6979111217432918, 0.708861746575564]
step_50:
  tf_mat_link2_0_flan2:
    target_pose:
      position: [0.4457067596377374, -0.06958911068359813, 0.1395392900131262]
      orientation:
        - [-0.9892042437145599, 0.1465332324724487, -0.001727572984091277]
        - [0.102145328978817, 0.6979113339662673, 0.7088625033534514]
        - [0.1050776067508195, 0.7010333330446044, -0.7053445385240862]
  tf_mat_link3_0_flan3:
    target_pose:
      position: [0.4449486822258413, -0.06881413048260526, -0.140311544509482]
      orientation:
        - [-0.989203169113302, -0.1465405110263138, 0.001725500556436836]
        - [0.105081208618966, -0.7010320228094493, 0.7053453040720492]
        - [-0.10215203016495, 0.6979111217432918, 0.708861746575564]
step_51:
  tf_mat_link2_0_flan2:
    target_pose:
      position: [0.4457096623971022, -0.06957515536338638, 0.1395533030705489]
      orientation:
        - [-0.9892042437145599, 0.1465332324724487, -0.001727572984091277]
        - [0.102145328978817, 0.6979113339662673, 0.7088625033534514]
        - [0.1050776067508195, 0.7010333330446044, -0.7053445385240862]
  tf_mat_link3_0_flan3:
    target_pose:
      position: [0.444951584985418, -0.06880011743584491, -0.1403254998403562]
      orientation:
        - [-0.989203169113302, -0.1465405110263138, 0.001725500556436836]
        - [0.105081208618966, -0.7010320228094493, 0.7053453040720492]
        - [-0.10215203016495, 0.6979111217432918, 0.708861746575564]
step_52:
  tf_mat_link2_0_flan2:
    target_pose:
      position: [0.4457126098135085, -0.0695612197193019, 0.1395673047004413]
      orientation:
        - [-0.9892042437145599, 0.1465332324724487, -0.001727572984091277]
        - [0.102145328978817, 0.6979113339662673, 0.7088625033534514]
        - [0.1050776067508195, 0.7010333330446044, -0.7053445385240862]
  tf_mat_link3_0_flan3:
    target_pose:
      position: [0.4449545324020666, -0.06878611581677901, -0.1403394354952671]
      orientation:
        - [-0.989203169113302, -0.1465405110263138, 0.001725500556436836]
        - [0.105081208618966, -0.7010320228094493, 0.7053453040720492]
        - [-0.10215203016495, 0.6979111217432918, 0.708861746575564]
step_53:
  tf_mat_link2_0_flan2:
    target_pose:
      position: [0.4457155153748563, -0.06954726557684981, 0.1395813170958744]
      orientation:
        - [-0.9892042437145599, 0.1465332324724487, -0.001727572984091277]
        - [0.102145328978817, 0.6979113339662673, 0.7088625033534514]
        - [0.1050776067508195, 0.7010333330446044, -0.7053445385240862]
  tf_mat_link3_0_flan3:
    target_pose:
      position: [0.4449574379636286, -0.06877210343201867, -0.1403533896483919]
      orientation:
        - [-0.989203169113302, -0.1465405110263138, 0.001725500556436836]
        - [0.105081208618966, -0.7010320228094493, 0.7053453040720492]
        - [-0.10215203016495, 0.6979111217432918, 0.708861746575564]
step_54:
  tf_mat_link2_0_flan2:
    target_pose:
      position: [0.4457184627912626, -0.06953332993276534, 0.1395953187257668]
      orientation:
        - [-0.9892042437145599, 0.1465332324724487, -0.001727572984091277]
        - [0.102145328978817, 0.6979113339662673, 0.7088625033534514]
        - [0.1050776067508195, 0.7010333330446044, -0.7053445385240862]
  tf_mat_link3_0_flan3:
    target_pose:
      position: [0.4449603853802771, -0.06875810181295272, -0.1403673253033029]
      orientation:
        - [-0.989203169113302, -0.1465405110263138, 0.001725500556436836]
        - [0.105081208618966, -0.7010320228094493, 0.7053453040720492]
        - [-0.10215203016495, 0.6979111217432918, 0.708861746575564]
step_55:
  tf_mat_link2_0_flan2:
    target_pose:
      position: [0.4457213655506274, -0.06951937461255359, 0.1396093317831895]
      orientation:
        - [-0.9892042437145599, 0.1465332324724487, -0.001727572984091277]
        - [0.102145328978817, 0.6979113339662673, 0.7088625033534514]
        - [0.1050776067508195, 0.7010333330446044, -0.7053445385240862]
  tf_mat_link3_0_flan3:
    target_pose:
      position: [0.4449632881398539, -0.06874408876619242, -0.140381280634177]
