step_0:
  tf_mat_link2_0_flan2:
    target_pose:
      position: [0.4069477809864342, -0.1120280706575235, 0.1863894669298351]
      orientation:
        - [-0.9808257669959046, 0.1448606594549878, 0.1303695225699809]
        - [0.1948866441618476, 0.729506045526166, 0.6556218976641204]
        - [-0.0001315344184128947, 0.6684581297235691, -0.7437497341094599]
  tf_mat_link3_0_flan3:
    target_pose:
      position: [0.4519274496338337, 0.03179429946652013, -0.01216249962666671]
      orientation:
        - [-0.9808244613571325, -0.1448676407462459, -0.1303715879322782]
        - [-0.0001284847724090162, -0.6684575985474055, 0.7437502119644694]
        - [-0.1948932171027416, 0.7295051458438518, 0.6556209447942599]
step_1:
  tf_mat_link2_0_flan2:
    target_pose:
      position: [0.4069506522948552, -0.1120134816754064, 0.1864028261777783]
      orientation:
        - [-0.9808257669959046, 0.1448606594549878, 0.1303695225699809]
        - [0.1948866441618476, 0.729506045526166, 0.6556218976641204]
        - [-0.0001315344184128947, 0.6684581297235691, -0.7437497341094599]
  tf_mat_link3_0_flan3:
    target_pose:
      position: [0.4519303209377374, 0.03180765870391639, -0.01217708861933076]
      orientation:
        - [-0.9808244613571325, -0.1448676407462459, -0.1303715879322782]
        - [-0.0001284847724090162, -0.6684575985474055, 0.7437502119644694]
        - [-0.1948932171027416, 0.7295051458438518, 0.6556209447942599]
step_2:
  tf_mat_link2_0_flan2:
    target_pose:
      position: [0.4069535661777128, -0.1119989174512289, 0.1864161790992319]
      orientation:
        - [-0.9808257669959046, 0.1448606594549878, 0.1303695225699809]
        - [0.1948866441618476, 0.729506045526166, 0.6556218976641204]
        - [-0.0001315344184128947, 0.6684581297235691, -0.7437497341094599]
  tf_mat_link3_0_flan3:
    target_pose:
      position: [0.4519332348161459, 0.03182101161466677, -0.01219165285421153]
      orientation:
        - [-0.9808244613571325, -0.1448676407462459, -0.1303715879322782]
        - [-0.0001284847724090162, -0.6684575985474055, 0.7437502119644694]
        - [-0.1948932171027416, 0.7295051458438518, 0.6556209447942599]
step_3:
  tf_mat_link2_0_flan2:
    target_pose:
      position: [0.4069564374028061, -0.1119843284225459, 0.1864295383579541]
      orientation:
        - [-0.9808257669959046, 0.1448606594549878, 0.1303695225699809]
        - [0.1948866441618476, 0.729506045526166, 0.6556218976641204]
        - [-0.0001315344184128947, 0.6684581297235691, -0.7437497341094599]
  tf_mat_link3_0_flan3:
    target_pose:
      position: [0.4519361060367217, 0.03183437086284235, -0.01220624189344111]
      orientation:
        - [-0.9808244613571325, -0.1448676407462459, -0.1303715879322782]
        - [-0.0001284847724090162, -0.6684575985474055, 0.7437502119644694]
        - [-0.1948932171027416, 0.7295051458438518, 0.6556209447942599]
step_4:
  tf_mat_link2_0_flan2:
    target_pose:
      position: [0.4069593514523192, -0.1119697642915003, 0.1864428912578497]
      orientation:
        - [-0.9808257669959046, 0.1448606594549878, 0.1303695225699809]
        - [0.1948866441618476, 0.729506045526166, 0.6556218976641204]
        - [-0.0001315344184128947, 0.6684581297235691, -0.7437497341094599]
  tf_mat_link3_0_flan3:
    target_pose:
      position: [0.4519390200817858, 0.03184772375203412, -0.01222080603519071]
      orientation:
        - [-0.9808244613571325, -0.1448676407462459, -0.1303715879322782]
        - [-0.0001284847724090162, -0.6684575985474055, 0.7437502119644694]
        - [-0.1948932171027416, 0.7295051458438518, 0.6556209447942599]
step_5:
  tf_mat_link2_0_flan2:
    target_pose:
      position: [0.4069622226774123, -0.1119551752628172, 0.1864562505165719]
      orientation:
        - [-0.9808257669959046, 0.1448606594549878, 0.1303695225699809]
        - [0.1948866441618476, 0.729506045526166, 0.6556218976641204]
        - [-0.0001315344184128947, 0.6684581297235691, -0.7437497341094599]
  tf_mat_link3_0_flan3:
    target_pose:
      position: [0.4519418913023616, 0.03186108300020979, -0.0122353950744204]
      orientation:
        - [-0.9808244613571325, -0.1448676407462459, -0.1303715879322782]
        - [-0.0001284847724090162, -0.6684575985474055, 0.7437502119644694]
        - [-0.1948932171027416, 0.7295051458438518, 0.6556209447942599]
step_6:
  tf_mat_link2_0_flan2:
    target_pose:
      position: [0.4069651363936145, -0.1119406109455079, 0.1864696034595836]
      orientation:
        - [-0.9808257669959046, 0.1448606594549878, 0.1303695225699809]
        - [0.1948866441618476, 0.729506045526166, 0.6556218976641204]
        - [-0.0001315344184128947, 0.6684581297235691, -0.7437497341094599]
  tf_mat_link3_0_flan3:
    target_pose:
      position: [0.4519448050141144, 0.03187443593251874, -0.01224995940243229]
      orientation:
        - [-0.9808244613571325, -0.1448676407462459, -0.1303715879322782]
        - [-0.0001284847724090162, -0.6684575985474055, 0.7437502119644694]
        - [-0.1948932171027416, 0.7295051458438518, 0.6556209447942599]
step_7:
  tf_mat_link2_0_flan2:
    target_pose:
      position: [0.4069680076187077, -0.1119260219168248, 0.1864829627183058]
      orientation:
        - [-0.9808257669959046, 0.1448606594549878, 0.1303695225699809]
        - [0.1948866441618476, 0.729506045526166, 0.6556218976641204]
        - [-0.0001315344184128947, 0.6684581297235691, -0.7437497341094599]
  tf_mat_link3_0_flan3:
    target_pose:
      position: [0.4519476762346902, 0.03188779518069434, -0.01226454844166192]
      orientation:
        - [-0.9808244613571325, -0.1448676407462459, -0.1303715879322782]
        - [-0.0001284847724090162, -0.6684575985474055, 0.7437502119644694]
        - [-0.1948932171027416, 0.7295051458438518, 0.6556209447942599]
step_8:
  tf_mat_link2_0_flan2:
    target_pose:
      position: [0.4069709213349101, -0.1119114575995156, 0.1864963156613174]
      orientation:
        - [-0.9808257669959046, 0.1448606594549878, 0.1303695225699809]
        - [0.1948866441618476, 0.729506045526166, 0.6556218976641204]
        - [-0.0001315344184128947, 0.6684581297235691, -0.7437497341094599]
  tf_mat_link3_0_flan3:
    target_pose:
      position: [0.4519505899464428, 0.03190114811300332, -0.01227911276967381]
      orientation:
        - [-0.9808244613571325, -0.1448676407462459, -0.1303715879322782]
        - [-0.0001284847724090162, -0.6684575985474055, 0.7437502119644694]
        - [-0.1948932171027416, 0.7295051458438518, 0.6556209447942599]
step_9:
  tf_mat_link2_0_flan2:
    target_pose:
      position: [0.4069737932266252, -0.1118968689433597, 0.1865096748338076]
      orientation:
        - [-0.9808257669959046, 0.1448606594549878, 0.1303695225699809]
        - [0.1948866441618476, 0.729506045526166, 0.6556218976641204]
        - [-0.0001315344184128947, 0.6684581297235691, -0.7437497341094599]
  tf_mat_link3_0_flan3:
    target_pose:
      position: [0.4519534618336418, 0.03191450727494449, -0.01229370143637876]
      orientation:
        - [-0.9808244613571325, -0.1448676407462459, -0.1303715879322782]
        - [-0.0001284847724090162, -0.6684575985474055, 0.7437502119644694]
        - [-0.1948932171027416, 0.7295051458438518, 0.6556209447942599]
step_10:
  tf_mat_link2_0_flan2:
    target_pose:
      position: [0.4069767069428273, -0.1118823046260505, 0.1865230277768192]
      orientation:
        - [-0.9808257669959046, 0.1448606594549878, 0.1303695225699809]
        - [0.1948866441618476, 0.729506045526166, 0.6556218976641204]
        - [-0.0001315344184128947, 0.6684581297235691, -0.7437497341094599]
  tf_mat_link3_0_flan3:
    target_pose:
      position: [0.4519563755453943, 0.03192786020725347, -0.0123082657643907]
      orientation:
        - [-0.9808244613571325, -0.1448676407462459, -0.1303715879322782]
        - [-0.0001284847724090162, -0.6684575985474055, 0.7437502119644694]
        - [-0.1948932171027416, 0.7295051458438518, 0.6556209447942599]
step_11:
  tf_mat_link2_0_flan2:
    target_pose:
      position: [0.4069796206590296, -0.1118677403087411, 0.1865363807198309]
      orientation:
        - [-0.9808257669959046, 0.1448606594549878, 0.1303695225699809]
        - [0.1948866441618476, 0.729506045526166, 0.6556218976641204]
        - [-0.0001315344184128947, 0.6684581297235691, -0.7437497341094599]
  tf_mat_link3_0_flan3:
    target_pose:
      position: [0.4519592892571469, 0.03194121313956247, -0.01232283009240265]
      orientation:
        - [-0.9808244613571325, -0.1448676407462459, -0.1303715879322782]
        - [-0.0001284847724090162, -0.6684575985474055, 0.7437502119644694]
        - [-0.1948932171027416, 0.7295051458438518, 0.6556209447942599]
step_12:
  tf_mat_link2_0_flan2:
    target_pose:
      position: [0.4069824918841228, -0.1118531512800582, 0.1865497399785531]
      orientation:
        - [-0.9808257669959046, 0.1448606594549878, 0.1303695225699809]
        - [0.1948866441618476, 0.729506045526166, 0.6556218976641204]
        - [-0.0001315344184128947, 0.6684581297235691, -0.7437497341094599]
  tf_mat_link3_0_flan3:
    target_pose:
      position: [0.4519621604777229, 0.03195457238773802, -0.01233741913163222]
      orientation:
        - [-0.9808244613571325, -0.1448676407462459, -0.1303715879322782]
        - [-0.0001284847724090162, -0.6684575985474055, 0.7437502119644694]
        - [-0.1948932171027416, 0.7295051458438518, 0.6556209447942599]
step_13:
  tf_mat_link2_0_flan2:
    target_pose:
      position: [0.4069854056003249, -0.111838586962749, 0.1865630929215648]
      orientation:
        - [-0.9808257669959046, 0.1448606594549878, 0.1303695225699809]
        - [0.1948866441618476, 0.729506045526166, 0.6556218976641204]
        - [-0.0001315344184128947, 0.6684581297235691, -0.7437497341094599]
  tf_mat_link3_0_flan3:
    target_pose:
      position: [0.4519650741894753, 0.03196792532004702, -0.01235198345964422]
      orientation:
        - [-0.9808244613571325, -0.1448676407462459, -0.1303715879322782]
        - [-0.0001284847724090162, -0.6684575985474055, 0.7437502119644694]
        - [-0.1948932171027416, 0.7295051458438518, 0.6556209447942599]
step_14:
  tf_mat_link2_0_flan2:
    target_pose:
      position: [0.4069882768254182, -0.1118239979340659, 0.1865764521802869]
      orientation:
        - [-0.9808257669959046, 0.1448606594549878, 0.1303695225699809]
        - [0.1948866441618476, 0.729506045526166, 0.6556218976641204]
        - [-0.0001315344184128947, 0.6684581297235691, -0.7437497341094599]
  tf_mat_link3_0_flan3:
    target_pose:
      position: [0.4519679454100513, 0.03198128456822258, -0.01236657249887374]
      orientation:
        - [-0.9808244613571325, -0.1448676407462459, -0.1303715879322782]
        - [-0.0001284847724090162, -0.6684575985474055, 0.7437502119644694]
        - [-0.1948932171027416, 0.7295051458438518, 0.6556209447942599]
step_15:
  tf_mat_link2_0_flan2:
    target_pose:
      position: [0.4069911905416204, -0.1118094336167567, 0.1865898051232985]
      orientation:
        - [-0.9808257669959046, 0.1448606594549878, 0.1303695225699809]
        - [0.1948866441618476, 0.729506045526166, 0.6556218976641204]
        - [-0.0001315344184128947, 0.6684581297235691, -0.7437497341094599]
  tf_mat_link3_0_flan3:
    target_pose:
      position: [0.4519708591218039, 0.03199463750053161, -0.01238113682688574]
      orientation:
        - [-0.9808244613571325, -0.1448676407462459, -0.1303715879322782]
        - [-0.0001284847724090162, -0.6684575985474055, 0.7437502119644694]
        - [-0.1948932171027416, 0.7295051458438518, 0.6556209447942599]
step_16:
  tf_mat_link2_0_flan2:
    target_pose:
      position: [0.4069940624333355, -0.1117948449606008, 0.1866031642957887]
      orientation:
        - [-0.9808257669959046, 0.1448606594549878, 0.1303695225699809]
        - [0.1948866441618476, 0.729506045526166, 0.6556218976641204]
        - [-0.0001315344184128947, 0.6684581297235691, -0.7437497341094599]
  tf_mat_link3_0_flan3:
    target_pose:
      position: [0.4519737310090028, 0.03200799666247273, -0.01239572549359064]
      orientation:
        - [-0.9808244613571325, -0.1448676407462459, -0.1303715879322782]
        - [-0.0001284847724090162, -0.6684575985474055, 0.7437502119644694]
        - [-0.1948932171027416, 0.7295051458438518, 0.6556209447942599]
step_17:
  tf_mat_link2_0_flan2:
    target_pose:
      position: [0.4069969754829158, -0.1117802802707644, 0.1866165173250323]
      orientation:
        - [-0.9808257669959046, 0.1448606594549878, 0.1303695225699809]
        - [0.1948866441618476, 0.729506045526166, 0.6556218976641204]
        - [-0.0001315344184128947, 0.6684581297235691, -0.7437497341094599]
  tf_mat_link3_0_flan3:
    target_pose:
      position: [0.4519766440541323, 0.03202134968101619, -0.0124102901941272]
      orientation:
        - [-0.9808244613571325, -0.1448676407462459, -0.1303715879322782]
        - [-0.0001284847724090162, -0.6684575985474055, 0.7437502119644694]
        - [-0.1948932171027416, 0.7295051458438518, 0.6556209447942599]
step_18:
  tf_mat_link2_0_flan2:
    target_pose:
      position: [0.4069998473746308, -0.1117656916146086, 0.1866298764975226]
      orientation:
        - [-0.9808257669959046, 0.1448606594549878, 0.1303695225699809]
        - [0.1948866441618476, 0.729506045526166, 0.6556218976641204]
        - [-0.0001315344184128947, 0.6684581297235691, -0.7437497341094599]
  tf_mat_link3_0_flan3:
    target_pose:
      position: [0.4519795159413312, 0.03203470884295734, -0.01242487886083221]
      orientation:
        - [-0.9808244613571325, -0.1448676407462459, -0.1303715879322782]
        - [-0.0001284847724090162, -0.6684575985474055, 0.7437502119644694]
        - [-0.1948932171027416, 0.7295051458438518, 0.6556209447942599]
step_19:
  tf_mat_link2_0_flan2:
    target_pose:
      position: [0.4070027617574552, -0.1117511276698264, 0.1866432293543022]
      orientation:
        - [-0.9808257669959046, 0.1448606594549878, 0.1303695225699809]
        - [0.1948866441618476, 0.729506045526166, 0.6556218976641204]
        - [-0.0001315344184128947, 0.6684581297235691, -0.7437497341094599]
  tf_mat_link3_0_flan3:
    target_pose:
      position: [0.451982430319707, 0.03204806168903193, -0.01243944281631948]
      orientation:
        - [-0.9808244613571325, -0.1448676407462459, -0.1303715879322782]
        - [-0.0001284847724090162, -0.6684575985474055, 0.7437502119644694]
        - [-0.1948932171027416, 0.7295051458438518, 0.6556209447942599]
step_20:
  tf_mat_link2_0_flan2:
    target_pose:
      position: [0.4070056323159261, -0.1117365382686162, 0.1866565886992564]
      orientation:
        - [-0.9808257669959046, 0.1448606594549878, 0.1303695225699809]
        - [0.1948866441618476, 0.729506045526166, 0.6556218976641204]
        - [-0.0001315344184128947, 0.6684581297235691, -0.7437497341094599]
  tf_mat_link3_0_flan3:
    target_pose:
      position: [0.4519853008736598, 0.03206142102344189, -0.01245403222807373]
      orientation:
        - [-0.9808244613571325, -0.1448676407462459, -0.1303715879322782]
        - [-0.0001284847724090162, -0.6684575985474055, 0.7437502119644694]
        - [-0.1948932171027416, 0.7295051458438518, 0.6556209447942599]
step_21:
  tf_mat_link2_0_flan2:
    target_pose:
      position: [0.4070085466987504, -0.1117219743238341, 0.186669941556036]
      orientation:
        - [-0.9808257669959046, 0.1448606594549878, 0.1303695225699809]
        - [0.1948866441618476, 0.729506045526166, 0.6556218976641204]
        - [-0.0001315344184128947, 0.6684581297235691, -0.7437497341094599]
  tf_mat_link3_0_flan3:
    target_pose:
      position: [0.4519882152520354, 0.03207477386951649, -0.012468596183561]
      orientation:
        - [-0.9808244613571325, -0.1448676407462459, -0.1303715879322782]
        - [-0.0001284847724090162, -0.6684575985474055, 0.7437502119644694]
        - [-0.1948932171027416, 0.7295051458438518, 0.6556209447942599]
step_22:
  tf_mat_link2_0_flan2:
    target_pose:
      position: [0.4070114597483308, -0.1117074096339977, 0.1866832945852796]
      orientation:
        - [-0.9808257669959046, 0.1448606594549878, 0.1303695225699809]
        - [0.1948866441618476, 0.729506045526166, 0.6556218976641204]
        - [-0.0001315344184128947, 0.6684581297235691, -0.7437497341094599]
  tf_mat_link3_0_flan3:
    target_pose:
      position: [0.4519911282971649, 0.0320881268880599, -0.01248316088409762]
      orientation:
        - [-0.9808244613571325, -0.1448676407462459, -0.1303715879322782]
        - [-0.0001284847724090162, -0.6684575985474055, 0.7437502119644694]
        - [-0.1948932171027416, 0.7295051458438518, 0.6556209447942599]
step_23:
  tf_mat_link2_0_flan2:
    target_pose:
      position: [0.4070143316400459, -0.1116928209778418, 0.1866966537577699]
      orientation:
        - [-0.9808257669959046, 0.1448606594549878, 0.1303695225699809]
        - [0.1948866441618476, 0.729506045526166, 0.6556218976641204]
        - [-0.0001315344184128947, 0.6684581297235691, -0.7437497341094599]
  tf_mat_link3_0_flan3:
    target_pose:
      position: [0.4519940001843639, 0.03210148605000107, -0.01249774955080252]
      orientation:
        - [-0.9808244613571325, -0.1448676407462459, -0.1303715879322782]
        - [-0.0001284847724090162, -0.6684575985474055, 0.7437502119644694]
        - [-0.1948932171027416, 0.7295051458438518, 0.6556209447942599]
step_24:
  tf_mat_link2_0_flan2:
    target_pose:
      position: [0.4070172446896261, -0.1116782562880054, 0.1867100067870134]
      orientation:
        - [-0.9808257669959046, 0.1448606594549878, 0.1303695225699809]
        - [0.1948866441618476, 0.729506045526166, 0.6556218976641204]
        - [-0.0001315344184128947, 0.6684581297235691, -0.7437497341094599]
  tf_mat_link3_0_flan3:
    target_pose:
      position: [0.4519969132294934, 0.03211483906854445, -0.01251231425133914]
      orientation:
        - [-0.9808244613571325, -0.1448676407462459, -0.1303715879322782]
        - [-0.0001284847724090162, -0.6684575985474055, 0.7437502119644694]
        - [-0.1948932171027416, 0.7295051458438518, 0.6556209447942599]
step_25:
  tf_mat_link2_0_flan2:
    target_pose:
      position: [0.4070201165813413, -0.1116636676318495, 0.1867233659595036]
      orientation:
        - [-0.9808257669959046, 0.1448606594549878, 0.1303695225699809]
        - [0.1948866441618476, 0.729506045526166, 0.6556218976641204]
        - [-0.0001315344184128947, 0.6684581297235691, -0.7437497341094599]
  tf_mat_link3_0_flan3:
    target_pose:
      position: [0.4519997851166925, 0.03212819823048563, -0.01252690291804409]
      orientation:
        - [-0.9808244613571325, -0.1448676407462459, -0.1303715879322782]
        - [-0.0001284847724090162, -0.6684575985474055, 0.7437502119644694]
        - [-0.1948932171027416, 0.7295051458438518, 0.6556209447942599]
step_26:
  tf_mat_link2_0_flan2:
    target_pose:
      position: [0.4070230309641656, -0.1116491036870675, 0.1867367188162833]
      orientation:
        - [-0.9808257669959046, 0.1448606594549878, 0.1303695225699809]
        - [0.1948866441618476, 0.729506045526166, 0.6556218976641204]
        - [-0.0001315344184128947, 0.6684581297235691, -0.7437497341094599]
  tf_mat_link3_0_flan3:
    target_pose:
      position: [0.4520026994950681, 0.03214155107656017, -0.0125414668735313]
      orientation:
        - [-0.9808244613571325, -0.1448676407462459, -0.1303715879322782]
        - [-0.0001284847724090162, -0.6684575985474055, 0.7437502119644694]
        - [-0.1948932171027416, 0.7295051458438518, 0.6556209447942599]
step_27:
  tf_mat_link2_0_flan2:
    target_pose:
      position: [0.4070259015226367, -0.1116345142858572, 0.1867500781612375]
      orientation:
        - [-0.9808257669959046, 0.1448606594549878, 0.1303695225699809]
        - [0.1948866441618476, 0.729506045526166, 0.6556218976641204]
        - [-0.0001315344184128947, 0.6684581297235691, -0.7437497341094599]
  tf_mat_link3_0_flan3:
    target_pose:
      position: [0.452005570049021, 0.03215491041097018, -0.01255605628528561]
      orientation:
        - [-0.9808244613571325, -0.1448676407462459, -0.1303715879322782]
        - [-0.0001284847724090162, -0.6684575985474055, 0.7437502119644694]
        - [-0.1948932171027416, 0.7295051458438518, 0.6556209447942599]
step_28:
  tf_mat_link2_0_flan2:
    target_pose:
      position: [0.4070288159054608, -0.1116199503410752, 0.1867634310180171]
      orientation:
        - [-0.9808257669959051, 0.1448606594549878, 0.1303695225699809]
        - [0.1948866441618477, 0.729506045526166, 0.6556218976641206]
        - [-0.0001315344184128948, 0.6684581297235694, -0.7437497341094601]
  tf_mat_link3_0_flan3:
    target_pose:
      position: [0.4520084844273964, 0.03216826325704469, -0.01257062024077293]
      orientation:
        - [-0.980824461357133, -0.1448676407462458, -0.1303715879322783]
        - [-0.0001284847724090163, -0.6684575985474059, 0.7437502119644696]
        - [-0.1948932171027417, 0.7295051458438517, 0.65562094479426]
step_29:
  tf_mat_link2_0_flan2:
    target_pose:
      position: [0.407031686463932, -0.111605360939865, 0.1867767903629713]
      orientation:
        - [-0.9808257669959046, 0.1448606594549878, 0.1303695225699809]
        - [0.1948866441618476, 0.729506045526166, 0.6556218976641204]
        - [-0.0001315344184128947, 0.6684581297235691, -0.7437497341094599]
  tf_mat_link3_0_flan3:
    target_pose:
      position: [0.4520113549813494, 0.03218162259145482, -0.01258520965252724]
      orientation:
        - [-0.9808244613571325, -0.1448676407462459, -0.1303715879322782]
        - [-0.0001284847724090162, -0.6684575985474055, 0.7437502119644694]
        - [-0.1948932171027416, 0.7295051458438518, 0.6556209447942599]
step_30:
  tf_mat_link2_0_flan2:
    target_pose:
      position: [0.4070346008467562, -0.1115907969950829, 0.186790143219751]
      orientation:
        - [-0.9808257669959046, 0.1448606594549878, 0.1303695225699809]
        - [0.1948866441618476, 0.729506045526166, 0.6556218976641204]
        - [-0.0001315344184128947, 0.6684581297235691, -0.7437497341094599]
  tf_mat_link3_0_flan3:
    target_pose:
      position: [0.4520142693597251, 0.03219497543752936, -0.01259977360801445]
      orientation:
        - [-0.9808244613571325, -0.1448676407462459, -0.1303715879322782]
        - [-0.0001284847724090162, -0.6684575985474055, 0.7437502119644694]
        - [-0.1948932171027416, 0.7295051458438518, 0.6556209447942599]
step_31:
  tf_mat_link2_0_flan2:
    target_pose:
      position: [0.4070374714052275, -0.1115762075938727, 0.1868035025647051]
      orientation:
        - [-0.9808257669959046, 0.1448606594549878, 0.1303695225699809]
        - [0.1948866441618476, 0.729506045526166, 0.6556218976641204]
        - [-0.0001315344184128947, 0.6684581297235691, -0.7437497341094599]
  tf_mat_link3_0_flan3:
    target_pose:
      position: [0.4520171399136779, 0.03220833477193935, -0.01261436301976882]
      orientation:
        - [-0.9808244613571325, -0.1448676407462459, -0.1303715879322782]
        - [-0.0001284847724090162, -0.6684575985474055, 0.7437502119644694]
        - [-0.1948932171027416, 0.7295051458438518, 0.6556209447942599]
step_32:
  tf_mat_link2_0_flan2:
    target_pose:
      position: [0.4070403871212955, -0.111561644394145, 0.1868168552490208]
      orientation:
        - [-0.9808257669959046, 0.1448606594549878, 0.1303695225699809]
        - [0.1948866441618476, 0.729506045526166, 0.6556218976641204]
        - [-0.0001315344184128947, 0.6684581297235691, -0.7437497341094599]
  tf_mat_link3_0_flan3:
    target_pose:
      position: [0.4520200556252995, 0.03222168744554507, -0.01262892623020662]
      orientation:
        - [-0.9808244613571325, -0.1448676407462459, -0.1303715879322782]
        - [-0.0001284847724090162, -0.6684575985474055, 0.7437502119644694]
        - [-0.1948932171027416, 0.7295051458438518, 0.6556209447942599]
step_33:
  tf_mat_link2_0_flan2:
    target_pose:
      position: [0.4070432576797668, -0.1115470549929347, 0.186830214593975]
      orientation:
        - [-0.9808257669959046, 0.1448606594549878, 0.1303695225699809]
        - [0.1948866441618476, 0.729506045526166, 0.6556218976641204]
        - [-0.0001315344184128947, 0.6684581297235691, -0.7437497341094599]
  tf_mat_link3_0_flan3:
    target_pose:
      position: [0.4520229261792524, 0.03223504677995509, -0.01264351564196092]
      orientation:
        - [-0.9808244613571325, -0.1448676407462459, -0.1303715879322782]
        - [-0.0001284847724090162, -0.6684575985474055, 0.7437502119644694]
        - [-0.1948932171027416, 0.7295051458438518, 0.6556209447942599]
step_34:
  tf_mat_link2_0_flan2:
    target_pose:
      position: [0.4070461707293472, -0.1115324903030983, 0.1868435676232186]
      orientation:
        - [-0.9808257669959046, 0.1448606594549878, 0.1303695225699809]
        - [0.1948866441618476, 0.729506045526166, 0.6556218976641204]
        - [-0.0001315344184128947, 0.6684581297235691, -0.7437497341094599]
  tf_mat_link3_0_flan3:
    target_pose:
      position: [0.4520258392243821, 0.0322483997984985, -0.01265808034249755]
      orientation:
        - [-0.9808244613571325, -0.1448676407462459, -0.1303715879322782]
        - [-0.0001284847724090162, -0.6684575985474055, 0.7437502119644694]
        - [-0.1948932171027416, 0.7295051458438518, 0.6556209447942599]
step_35:
  tf_mat_link2_0_flan2:
    target_pose:
      position: [0.4070490837789275, -0.111517925613262, 0.1868569206524622]
      orientation:
        - [-0.9808257669959046, 0.1448606594549878, 0.1303695225699809]
        - [0.1948866441618476, 0.729506045526166, 0.6556218976641204]
        - [-0.0001315344184128947, 0.6684581297235691, -0.7437497341094599]
  tf_mat_link3_0_flan3:
    target_pose:
      position: [0.4520287522695117, 0.03226175281704191, -0.01267264504303411]
      orientation:
        - [-0.9808244613571325, -0.1448676407462459, -0.1303715879322782]
        - [-0.0001284847724090162, -0.6684575985474055, 0.7437502119644694]
        - [-0.1948932171027416, 0.7295051458438518, 0.6556209447942599]
step_36:
  tf_mat_link2_0_flan2:
    target_pose:
      position: [0.4070519570038864, -0.1115033377021604, 0.1868702796524885]
      orientation:
        - [-0.9808257669959046, 0.1448606594549878, 0.1303695225699809]
        - [0.1948866441618476, 0.729506045526166, 0.6556218976641204]
        - [-0.0001315344184128947, 0.6684581297235691, -0.7437497341094599]
  tf_mat_link3_0_flan3:
    target_pose:
      position: [0.4520316254899566, 0.03227511180651421, -0.01268723296468971]
      orientation:
        - [-0.9808244613571325, -0.1448676407462459, -0.1303715879322782]
        - [-0.0001284847724090162, -0.6684575985474055, 0.7437502119644694]
        - [-0.1948932171027416, 0.7295051458438518, 0.6556209447942599]
step_37:
  tf_mat_link2_0_flan2:
    target_pose:
      position: [0.4070548700534667, -0.111488773012324, 0.1868836326817321]
      orientation:
        - [-0.9808257669959046, 0.1448606594549878, 0.1303695225699809]
        - [0.1948866441618476, 0.729506045526166, 0.6556218976641204]
        - [-0.0001315344184128947, 0.6684581297235691, -0.7437497341094599]
  tf_mat_link3_0_flan3:
    target_pose:
      position: [0.4520345385350861, 0.03228846482505765, -0.01270179766522633]
      orientation:
        - [-0.9808244613571325, -0.1448676407462459, -0.1303715879322782]
        - [-0.0001284847724090162, -0.6684575985474055, 0.7437502119644694]
        - [-0.1948932171027416, 0.7295051458438518, 0.6556209447942599]
step_38:
  tf_mat_link2_0_flan2:
    target_pose:
      position: [0.4070577406119378, -0.1114741836111138, 0.1868969920266862]
      orientation:
        - [-0.9808257669959046, 0.1448606594549878, 0.1303695225699809]
        - [0.1948866441618476, 0.729506045526166, 0.6556218976641204]
        - [-0.0001315344184128947, 0.6684581297235691, -0.7437497341094599]
  tf_mat_link3_0_flan3:
    target_pose:
      position: [0.452037409089039, 0.03230182415946764, -0.01271638707698064]
      orientation:
        - [-0.9808244613571325, -0.1448676407462459, -0.1303715879322782]
        - [-0.0001284847724090162, -0.6684575985474055, 0.7437502119644694]
        - [-0.1948932171027416, 0.7295051458438518, 0.6556209447942599]
step_39:
  tf_mat_link2_0_flan2:
    target_pose:
      position: [0.4070606563280059, -0.1114596204113859, 0.186910344711002]
      orientation:
        - [-0.9808257669959046, 0.1448606594549878, 0.1303695225699809]
        - [0.1948866441618476, 0.729506045526166, 0.6556218976641204]
        - [-0.0001315344184128947, 0.6684581297235691, -0.7437497341094599]
  tf_mat_link3_0_flan3:
    target_pose:
      position: [0.4520403248006606, 0.03231517683307336, -0.0127309502874185]
      orientation:
        - [-0.9808244613571325, -0.1448676407462459, -0.1303715879322782]
        - [-0.0001284847724090162, -0.6684575985474055, 0.7437502119644694]
        - [-0.1948932171027416, 0.7295051458438518, 0.6556209447942599]
step_40:
  tf_mat_link2_0_flan2:
    target_pose:
      position: [0.4070635268864773, -0.1114450310101759, 0.1869237040559561]
      orientation:
        - [-0.9808257669959046, 0.1448606594549878, 0.1303695225699809]
        - [0.1948866441618476, 0.729506045526166, 0.6556218976641204]
        - [-0.0001315344184128947, 0.6684581297235691, -0.7437497341094599]
  tf_mat_link3_0_flan3:
    target_pose:
      position: [0.4520431953546136, 0.03232853616748335, -0.01274553969917275]
      orientation:
        - [-0.9808244613571325, -0.1448676407462459, -0.1303715879322782]
        - [-0.0001284847724090162, -0.6684575985474055, 0.7437502119644694]
        - [-0.1948932171027416, 0.7295051458438518, 0.6556209447942599]
step_41:
  tf_mat_link2_0_flan2:
    target_pose:
      position: [0.4070664399360574, -0.1114304663203394, 0.1869370570851997]
      orientation:
        - [-0.9808257669959046, 0.1448606594549878, 0.1303695225699809]
        - [0.1948866441618476, 0.729506045526166, 0.6556218976641204]
        - [-0.0001315344184128947, 0.6684581297235691, -0.7437497341094599]
  tf_mat_link3_0_flan3:
    target_pose:
      position: [0.452046108399743, 0.03234188918602679, -0.01276010439970943]
      orientation:
        - [-0.9808244613571325, -0.1448676407462459, -0.1303715879322782]
        - [-0.0001284847724090162, -0.6684575985474055, 0.7437502119644694]
        - [-0.1948932171027416, 0.7295051458438518, 0.6556209447942599]
step_42:
  tf_mat_link2_0_flan2:
    target_pose:
      position: [0.4070693104945288, -0.1114158769191292, 0.1869504164301539]
      orientation:
        - [-0.9808257669959046, 0.1448606594549878, 0.1303695225699809]
        - [0.1948866441618476, 0.729506045526166, 0.6556218976641204]
        - [-0.0001315344184128947, 0.6684581297235691, -0.7437497341094599]
  tf_mat_link3_0_flan3:
    target_pose:
      position: [0.452048978953696, 0.03235524852043681, -0.01277469381146373]
      orientation:
        - [-0.9808244613571325, -0.1448676407462459, -0.1303715879322782]
        - [-0.0001284847724090162, -0.6684575985474055, 0.7437502119644694]
        - [-0.1948932171027416, 0.7295051458438518, 0.6556209447942599]
step_43:
  tf_mat_link2_0_flan2:
    target_pose:
      position: [0.4070722262105968, -0.1114013137194014, 0.1869637691144696]
      orientation:
        - [-0.9808257669959046, 0.1448606594549878, 0.1303695225699809]
        - [0.1948866441618476, 0.729506045526166, 0.6556218976641204]
        - [-0.0001315344184128947, 0.6684581297235691, -0.7437497341094599]
  tf_mat_link3_0_flan3:
    target_pose:
      position: [0.4520518946653176, 0.03236860119404256, -0.01278925702190165]
      orientation:
        - [-0.9808244613571325, -0.1448676407462459, -0.1303715879322782]
        - [-0.0001284847724090162, -0.6684575985474055, 0.7437502119644694]
        - [-0.1948932171027416, 0.7295051458438518, 0.6556209447942599]
step_44:
  tf_mat_link2_0_flan2:
    target_pose:
      position: [0.4070751392601771, -0.111386749029565, 0.1869771221437132]
      orientation:
        - [-0.9808257669959046, 0.1448606594549878, 0.1303695225699809]
        - [0.1948866441618476, 0.729506045526166, 0.6556218976641204]
        - [-0.0001315344184128947, 0.6684581297235691, -0.7437497341094599]
  tf_mat_link3_0_flan3:
    target_pose:
      position: [0.4520548077104471, 0.03238195421258594, -0.01280382172243827]
      orientation:
        - [-0.9808244613571325, -0.1448676407462459, -0.1303715879322782]
        - [-0.0001284847724090162, -0.6684575985474055, 0.7437502119644694]
        - [-0.1948932171027416, 0.7295051458438518, 0.6556209447942599]
step_45:
  tf_mat_link2_0_flan2:
    target_pose:
      position: [0.4070780098186483, -0.1113721596283548, 0.1869904814886673]
      orientation:
        - [-0.9808257669959046, 0.1448606594549878, 0.1303695225699809]
        - [0.1948866441618476, 0.729506045526166, 0.6556218976641204]
        - [-0.0001315344184128947, 0.6684581297235691, -0.7437497341094599]
  tf_mat_link3_0_flan3:
    target_pose:
      position: [0.4520576782643999, 0.0323953135469959, -0.01281841113419258]
      orientation:
        - [-0.9808244613571325, -0.1448676407462459, -0.1303715879322782]
        - [-0.0001284847724090162, -0.6684575985474055, 0.7437502119644694]
        - [-0.1948932171027416, 0.7295051458438518, 0.6556209447942599]
step_46:
  tf_mat_link2_0_flan2:
    target_pose:
      position: [0.4070809255347163, -0.111357596428627, 0.1870038341729831]
      orientation:
        - [-0.9808257669959046, 0.1448606594549878, 0.1303695225699809]
        - [0.1948866441618476, 0.729506045526166, 0.6556218976641204]
        - [-0.0001315344184128947, 0.6684581297235691, -0.7437497341094599]
  tf_mat_link3_0_flan3:
    target_pose:
      position: [0.4520605939760217, 0.03240866622060165, -0.01283297434463038]
      orientation:
        - [-0.9808244613571325, -0.1448676407462459, -0.1303715879322782]
        - [-0.0001284847724090162, -0.6684575985474055, 0.7437502119644694]
        - [-0.1948932171027416, 0.7295051458438518, 0.6556209447942599]
step_47:
  tf_mat_link2_0_flan2:
    target_pose:
      position: [0.4070837960931876, -0.1113430070274167, 0.1870171935179372]
      orientation:
        - [-0.9808257669959046, 0.1448606594549878, 0.1303695225699809]
        - [0.1948866441618476, 0.729506045526166, 0.6556218976641204]
        - [-0.0001315344184128947, 0.6684581297235691, -0.7437497341094599]
  tf_mat_link3_0_flan3:
    target_pose:
      position: [0.4520634645299746, 0.03242202555501167, -0.01284756375638474]
      orientation:
        - [-0.9808244613571325, -0.1448676407462459, -0.1303715879322782]
        - [-0.0001284847724090162, -0.6684575985474055, 0.7437502119644694]
        - [-0.1948932171027416, 0.7295051458438518, 0.6556209447942599]
step_48:
  tf_mat_link2_0_flan2:
    target_pose:
      position: [0.4070867091427679, -0.1113284423375804, 0.1870305465471808]
      orientation:
        - [-0.9808257669959046, 0.1448606594549878, 0.1303695225699809]
        - [0.1948866441618476, 0.729506045526166, 0.6556218976641204]
        - [-0.0001315344184128947, 0.6684581297235691, -0.7437497341094599]
  tf_mat_link3_0_flan3:
    target_pose:
      position: [0.4520663775751042, 0.03243537857355508, -0.01286212845692136]
      orientation:
        - [-0.9808244613571325, -0.1448676407462459, -0.1303715879322782]
        - [-0.0001284847724090162, -0.6684575985474055, 0.7437502119644694]
        - [-0.1948932171027416, 0.7295051458438518, 0.6556209447942599]
step_49:
  tf_mat_link2_0_flan2:
    target_pose:
      position: [0.407089579701239, -0.1113138529363703, 0.187043905892135]
      orientation:
        - [-0.9808257669959046, 0.1448606594549878, 0.1303695225699809]
        - [0.1948866441618476, 0.729506045526166, 0.6556218976641204]
        - [-0.0001315344184128947, 0.6684581297235691, -0.7437497341094599]
  tf_mat_link3_0_flan3:
    target_pose:
      position: [0.452069248129057, 0.03244873790796507, -0.01287671786867561]
      orientation:
        - [-0.9808244613571325, -0.1448676407462459, -0.1303715879322782]
        - [-0.0001284847724090162, -0.6684575985474055, 0.7437502119644694]
        - [-0.1948932171027416, 0.7295051458438518, 0.6556209447942599]
step_50:
  tf_mat_link2_0_flan2:
    target_pose:
      position: [0.4070924954173073, -0.1112992897366425, 0.1870572585764507]
      orientation:
        - [-0.9808257669959046, 0.1448606594549878, 0.1303695225699809]
        - [0.1948866441618476, 0.729506045526166, 0.6556218976641204]
        - [-0.0001315344184128947, 0.6684581297235691, -0.7437497341094599]
  tf_mat_link3_0_flan3:
    target_pose:
      position: [0.4520721638406788, 0.03246209058157079, -0.01289128107911353]
      orientation:
        - [-0.9808244613571325, -0.1448676407462459, -0.1303715879322782]
        - [-0.0001284847724090162, -0.6684575985474055, 0.7437502119644694]
        - [-0.1948932171027416, 0.7295051458438518, 0.6556209447942599]
step_51:
  tf_mat_link2_0_flan2:
    target_pose:
      position: [0.4070953659757784, -0.1112847003354323, 0.1870706179214049]
      orientation:
        - [-0.9808257669959046, 0.1448606594549878, 0.1303695225699809]
        - [0.1948866441618476, 0.729506045526166, 0.6556218976641204]
        - [-0.0001315344184128947, 0.6684581297235691, -0.7437497341094599]
  tf_mat_link3_0_flan3:
    target_pose:
      position: [0.4520750343946316, 0.03247544991598081, -0.01290587049086783]
      orientation:
        - [-0.9808244613571325, -0.1448676407462459, -0.1303715879322782]
        - [-0.0001284847724090162, -0.6684575985474055, 0.7437502119644694]
        - [-0.1948932171027416, 0.7295051458438518, 0.6556209447942599]
step_52:
  tf_mat_link2_0_flan2:
    target_pose:
      position: [0.4070982790253588, -0.1112701356455958, 0.1870839709506484]
      orientation:
        - [-0.9808257669959046, 0.1448606594549878, 0.1303695225699809]
        - [0.1948866441618476, 0.729506045526166, 0.6556218976641204]
        - [-0.0001315344184128947, 0.6684581297235691, -0.7437497341094599]
  tf_mat_link3_0_flan3:
    target_pose:
      position: [0.4520779474397612, 0.03248880293452422, -0.0129204351914044]
      orientation:
        - [-0.9808244613571325, -0.1448676407462459, -0.1303715879322782]
        - [-0.0001284847724090162, -0.6684575985474055, 0.7437502119644694]
        - [-0.1948932171027416, 0.7295051458438518, 0.6556209447942599]
step_53:
  tf_mat_link2_0_flan2:
    target_pose:
      position: [0.4071011522503176, -0.1112555477344943, 0.1870973299506747]
      orientation:
        - [-0.9808257669959046, 0.1448606594549878, 0.1303695225699809]
        - [0.1948866441618476, 0.729506045526166, 0.6556218976641204]
        - [-0.0001315344184128947, 0.6684581297235691, -0.7437497341094599]
  tf_mat_link3_0_flan3:
    target_pose:
      position: [0.4520808206602061, 0.03250216192399658, -0.01293502311306005]
      orientation:
        - [-0.9808244613571325, -0.1448676407462459, -0.1303715879322782]
        - [-0.0001284847724090162, -0.6684575985474055, 0.7437502119644694]
        - [-0.1948932171027416, 0.7295051458438518, 0.6556209447942599]
step_54:
  tf_mat_link2_0_flan2:
    target_pose:
      position: [0.407104065299898, -0.1112409830446578, 0.1871106829799183]
      orientation:
        - [-0.9808257669959046, 0.1448606594549878, 0.1303695225699809]
        - [0.1948866441618476, 0.729506045526166, 0.6556218976641204]
        - [-0.0001315344184128947, 0.6684581297235691, -0.7437497341094599]
  tf_mat_link3_0_flan3:
    target_pose:
      position: [0.4520837337053357, 0.03251551494253996, -0.01294958781359662]
      orientation:
        - [-0.9808244613571325, -0.1448676407462459, -0.1303715879322782]
        - [-0.0001284847724090162, -0.6684575985474055, 0.7437502119644694]
        - [-0.1948932171027416, 0.7295051458438518, 0.6556209447942599]
step_55:
  tf_mat_link2_0_flan2:
    target_pose:
