step_0:
  tf_mat_link2_0_flan2:
    target_pose:
      position: [0.4029292357773758, -0.1322354168241245, 0.2317373803611858]
      orientation:
        - [-0.980825610620547, 0.1448615755070214, 0.1303696811701876]
        - [0.1948874314768788, 0.7295060110857277, 0.6556217019522248]
        - [-0.0001310733955943874, 0.6684579687922936, -0.7437498788306278]
  tf_mat_link3_0_flan3:
    target_pose:
      position: [0.4602945158599709, 0.006485893842240242, -0.0542390423390588]
      orientation:
        - [-0.9808243049750784, -0.144868556796666, -0.1303717465315234]
        - [-0.0001280237524104128, -0.6684574376093784, 0.7437503566896067]
        - [-0.1948940044166565, 0.7295051114009944, 0.6556207490771629]
step_1:
  tf_mat_link2_0_flan2:
    target_pose:
      position: [0.4029306589989637, -0.1322281106319725, 0.2317440640983022]
      orientation:
        - [-0.980825610620547, 0.1448615755070214, 0.1303696811701876]
        - [0.1948874314768788, 0.7295060110857277, 0.6556217019522248]
        - [-0.0001310733955943874, 0.6684579687922936, -0.7437498788306278]
  tf_mat_link3_0_flan3:
    target_pose:
      position: [0.4602959390792722, 0.006492577574128883, -0.05424634853643862]
      orientation:
        - [-0.9808243049750784, -0.144868556796666, -0.1303717465315234]
        - [-0.0001280237524104128, -0.6684574376093784, 0.7437503566896067]
        - [-0.1948940044166565, 0.7295051114009944, 0.6556207490771629]
step_2:
  tf_mat_link2_0_flan2:
    target_pose:
      position: [0.402932124588601, -0.1322208297690367, 0.2317507435580939]
      orientation:
        - [-0.980825610620547, 0.1448615755070214, 0.1303696811701876]
        - [0.1948874314768788, 0.7295060110857277, 0.6556217019522248]
        - [-0.0001310733955943874, 0.6684579687922936, -0.7437498788306278]
  tf_mat_link3_0_flan3:
    target_pose:
      position: [0.4602974046667005, 0.006499257028537181, -0.05425362940475786]
      orientation:
        - [-0.9808243049750784, -0.144868556796666, -0.1303717465315234]
        - [-0.0001280237524104128, -0.6684574376093784, 0.7437503566896067]
        - [-0.1948940044166565, 0.7295051114009944, 0.6556207490771629]
step_3:
  tf_mat_link2_0_flan2:
    target_pose:
      position: [0.4029335478101891, -0.1322135235768847, 0.2317574272952103]
      orientation:
        - [-0.980825610620547, 0.1448615755070214, 0.1303696811701876]
        - [0.1948874314768788, 0.7295060110857277, 0.6556217019522248]
        - [-0.0001310733955943874, 0.6684579687922936, -0.7437498788306278]
  tf_mat_link3_0_flan3:
    target_pose:
      position: [0.4602988278860022, 0.006505940760425766, -0.05426093560213752]
      orientation:
        - [-0.9808243049750784, -0.144868556796666, -0.1303717465315234]
        - [-0.0001280237524104128, -0.6684574376093784, 0.7437503566896067]
        - [-0.1948940044166565, 0.7295051114009944, 0.6556207490771629]
step_4:
  tf_mat_link2_0_flan2:
    target_pose:
      position: [0.4029350133167389, -0.1322062426661763, 0.2317641067617997]
      orientation:
        - [-0.980825610620547, 0.1448615755070214, 0.1303696811701876]
        - [0.1948874314768788, 0.7295060110857277, 0.6556217019522248]
        - [-0.0001310733955943874, 0.6684579687922936, -0.7437498788306278]
  tf_mat_link3_0_flan3:
    target_pose:
      position: [0.4603002933903427, 0.006512620221632126, -0.05426821651822916]
      orientation:
        - [-0.9808243049750784, -0.144868556796666, -0.1303717465315234]
        - [-0.0001280237524104128, -0.6684574376093784, 0.7437503566896067]
        - [-0.1948940044166565, 0.7295051114009944, 0.6556207490771629]
step_5:
  tf_mat_link2_0_flan2:
    target_pose:
      position: [0.4029364789894634, -0.132198961851013, 0.2317707862147937]
      orientation:
        - [-0.980825610620547, 0.1448615755070214, 0.1303696811701876]
        - [0.1948874314768788, 0.7295060110857277, 0.6556217019522248]
        - [-0.0001310733955943874, 0.6684579687922936, -0.7437498788306278]
  tf_mat_link3_0_flan3:
    target_pose:
      position: [0.4603017590608583, 0.006519299669242362, -0.05427549733877607]
      orientation:
        - [-0.9808243049750784, -0.144868556796666, -0.1303717465315234]
        - [-0.0001280237524104128, -0.6684574376093784, 0.7437503566896067]
        - [-0.1948940044166565, 0.7295051114009944, 0.6556207490771629]
step_6:
  tf_mat_link2_0_flan2:
    target_pose:
      position: [0.4029379021279643, -0.1321916556110884, 0.2317774699587079]
      orientation:
        - [-0.980825610620547, 0.1448615755070214, 0.1303696811701876]
        - [0.1948874314768788, 0.7295060110857277, 0.6556217019522248]
        - [-0.0001310733955943874, 0.6684579687922936, -0.7437498788306278]
  tf_mat_link3_0_flan3:
    target_pose:
      position: [0.4603031821970725, 0.006525983407929037, -0.05428280358392812]
      orientation:
        - [-0.9808243049750784, -0.144868556796666, -0.1303717465315234]
        - [-0.0001280237524104128, -0.6684574376093784, 0.7437503566896067]
        - [-0.1948940044166565, 0.7295051114009944, 0.6556207490771629]
step_7:
  tf_mat_link2_0_flan2:
    target_pose:
      position: [0.4029393678006887, -0.1321843747959252, 0.2317841494117017]
      orientation:
        - [-0.980825610620547, 0.1448615755070214, 0.1303696811701876]
        - [0.1948874314768788, 0.7295060110857277, 0.6556217019522248]
        - [-0.0001310733955943874, 0.6684579687922936, -0.7437498788306278]
  tf_mat_link3_0_flan3:
    target_pose:
      position: [0.460304647867588, 0.006532662855539217, -0.05429008440447508]
      orientation:
        - [-0.9808243049750784, -0.144868556796666, -0.1303717465315234]
        - [-0.0001280237524104128, -0.6684574376093784, 0.7437503566896067]
        - [-0.1948940044166565, 0.7295051114009944, 0.6556207490771629]
step_8:
  tf_mat_link2_0_flan2:
    target_pose:
      position: [0.4029407909391894, -0.1321770685560007, 0.2317908331556159]
      orientation:
        - [-0.980825610620547, 0.1448615755070214, 0.1303696811701876]
        - [0.1948874314768788, 0.7295060110857277, 0.6556217019522248]
        - [-0.0001310733955943874, 0.6684579687922936, -0.7437498788306278]
  tf_mat_link3_0_flan3:
    target_pose:
      position: [0.4603060710038021, 0.006539346594225948, -0.05429739064962719]
      orientation:
        - [-0.9808243049750784, -0.144868556796666, -0.1303717465315234]
        - [-0.0001280237524104128, -0.6684574376093784, 0.7437503566896067]
        - [-0.1948940044166565, 0.7295051114009944, 0.6556207490771629]
step_9:
  tf_mat_link2_0_flan2:
    target_pose:
      position: [0.4029422564457392, -0.1321697876452921, 0.2317975126222054]
      orientation:
        - [-0.980825610620547, 0.1448615755070214, 0.1303696811701876]
        - [0.1948874314768788, 0.7295060110857277, 0.6556217019522248]
        - [-0.0001310733955943874, 0.6684579687922936, -0.7437498788306278]
  tf_mat_link3_0_flan3:
    target_pose:
      position: [0.4603075365081427, 0.006546026055432308, -0.05430467156571872]
      orientation:
        - [-0.9808243049750784, -0.144868556796666, -0.1303717465315234]
        - [-0.0001280237524104128, -0.6684574376093784, 0.7437503566896067]
        - [-0.1948940044166565, 0.7295051114009944, 0.6556207490771629]
step_10:
  tf_mat_link2_0_flan2:
    target_pose:
      position: [0.4029436795842397, -0.1321624814053675, 0.2318041963661195]
      orientation:
        - [-0.980825610620547, 0.1448615755070214, 0.1303696811701876]
        - [0.1948874314768788, 0.7295060110857277, 0.6556217019522248]
        - [-0.0001310733955943874, 0.6684579687922936, -0.7437498788306278]
  tf_mat_link3_0_flan3:
    target_pose:
      position: [0.4603089596443566, 0.006552709794118983, -0.05431197781087077]
      orientation:
        - [-0.9808243049750784, -0.144868556796666, -0.1303717465315234]
        - [-0.0001280237524104128, -0.6684574376093784, 0.7437503566896067]
        - [-0.1948940044166565, 0.7295051114009944, 0.6556207490771629]
step_11:
  tf_mat_link2_0_flan2:
    target_pose:
      position: [0.4029451454231391, -0.1321552006857495, 0.2318108758055179]
      orientation:
        - [-0.980825610620547, 0.1448615755070214, 0.1303696811701876]
        - [0.1948874314768788, 0.7295060110857277, 0.6556217019522248]
        - [-0.0001310733955943874, 0.6684579687922936, -0.7437498788306278]
  tf_mat_link3_0_flan3:
    target_pose:
      position: [0.4603104254810474, 0.006559389228133039, -0.05431925853587311]
      orientation:
        - [-0.9808243049750784, -0.144868556796666, -0.1303717465315234]
        - [-0.0001280237524104128, -0.6684574376093784, 0.7437503566896067]
        - [-0.1948940044166565, 0.7295051114009944, 0.6556207490771629]
step_12:
  tf_mat_link2_0_flan2:
    target_pose:
      position: [0.402946610929689, -0.1321479197750411, 0.2318175552721073]
      orientation:
        - [-0.980825610620547, 0.1448615755070214, 0.1303696811701876]
        - [0.1948874314768788, 0.7295060110857277, 0.6556217019522248]
        - [-0.0001310733955943874, 0.6684579687922936, -0.7437498788306278]
  tf_mat_link3_0_flan3:
    target_pose:
      position: [0.4603118909853881, 0.006566068689339399, -0.05432653945196464]
      orientation:
        - [-0.9808243049750784, -0.144868556796666, -0.1303717465315234]
        - [-0.0001280237524104128, -0.6684574376093784, 0.7437503566896067]
        - [-0.1948940044166565, 0.7295051114009944, 0.6556207490771629]
step_13:
  tf_mat_link2_0_flan2:
    target_pose:
      position: [0.4029480340681896, -0.1321406135351165, 0.2318242390160215]
      orientation:
        - [-0.980825610620547, 0.1448615755070214, 0.1303696811701876]
        - [0.1948874314768788, 0.7295060110857277, 0.6556217019522248]
        - [-0.0001310733955943874, 0.6684579687922936, -0.7437498788306278]
  tf_mat_link3_0_flan3:
    target_pose:
      position: [0.4603133141216021, 0.00657275242802613, -0.05433384569711674]
      orientation:
        - [-0.9808243049750784, -0.144868556796666, -0.1303717465315234]
        - [-0.0001280237524104128, -0.6684574376093784, 0.7437503566896067]
        - [-0.1948940044166565, 0.7295051114009944, 0.6556207490771629]
step_14:
  tf_mat_link2_0_flan2:
    target_pose:
      position: [0.4029494995747394, -0.1321333326244081, 0.2318309184826109]
      orientation:
        - [-0.980825610620547, 0.1448615755070214, 0.1303696811701876]
        - [0.1948874314768788, 0.7295060110857277, 0.6556217019522248]
        - [-0.0001310733955943874, 0.6684579687922936, -0.7437498788306278]
  tf_mat_link3_0_flan3:
    target_pose:
      position: [0.4603147796259427, 0.00657943188923249, -0.05434112661320833]
      orientation:
        - [-0.9808243049750784, -0.144868556796666, -0.1303717465315234]
        - [-0.0001280237524104128, -0.6684574376093784, 0.7437503566896067]
        - [-0.1948940044166565, 0.7295051114009944, 0.6556207490771629]
step_15:
  tf_mat_link2_0_flan2:
    target_pose:
      position: [0.4029509230455897, -0.132126026575574, 0.231837602199334]
      orientation:
        - [-0.980825610620547, 0.1448615755070214, 0.1303696811701876]
        - [0.1948874314768788, 0.7295060110857277, 0.6556217019522248]
        - [-0.0001310733955943874, 0.6684579687922936, -0.7437498788306278]
  tf_mat_link3_0_flan3:
    target_pose:
      position: [0.4603162030945069, 0.006586115600726805, -0.05434843266727113]
      orientation:
        - [-0.9808243049750784, -0.144868556796666, -0.1303717465315234]
        - [-0.0001280237524104128, -0.6684574376093784, 0.7437503566896067]
        - [-0.1948940044166565, 0.7295051114009944, 0.6556207490771629]
step_16:
  tf_mat_link2_0_flan2:
    target_pose:
      position: [0.4029523882197899, -0.1321187454737751, 0.2318442816931146]
      orientation:
        - [-0.980825610620547, 0.1448615755070214, 0.1303696811701876]
        - [0.1948874314768788, 0.7295060110857277, 0.6556217019522248]
        - [-0.0001310733955943874, 0.6684579687922936, -0.7437498788306278]
  tf_mat_link3_0_flan3:
    target_pose:
      position: [0.4603176682664973, 0.006592795089125497, -0.05435571377445192]
      orientation:
        - [-0.9808243049750784, -0.144868556796666, -0.1303717465315234]
        - [-0.0001280237524104128, -0.6684574376093784, 0.7437503566896067]
        - [-0.1948940044166565, 0.7295051114009944, 0.6556207490771629]
step_17:
  tf_mat_link2_0_flan2:
    target_pose:
      position: [0.4029538540586893, -0.132111464754157, 0.231850961132513]
      orientation:
        - [-0.980825610620547, 0.1448615755070214, 0.1303696811701876]
        - [0.1948874314768788, 0.7295060110857277, 0.6556217019522248]
        - [-0.0001310733955943874, 0.6684579687922936, -0.7437498788306278]
  tf_mat_link3_0_flan3:
    target_pose:
      position: [0.460319134103188, 0.006599474523139581, -0.05436299449945425]
      orientation:
        - [-0.9808243049750784, -0.144868556796666, -0.1303717465315234]
        - [-0.0001280237524104128, -0.6684574376093784, 0.7437503566896067]
        - [-0.1948940044166565, 0.7295051114009944, 0.6556207490771629]
step_18:
  tf_mat_link2_0_flan2:
    target_pose:
      position: [0.4029552775295395, -0.1321041587053229, 0.2318576448492361]
      orientation:
        - [-0.980825610620547, 0.1448615755070214, 0.1303696811701876]
        - [0.1948874314768788, 0.7295060110857277, 0.6556217019522248]
        - [-0.0001310733955943874, 0.6684579687922936, -0.7437498788306278]
  tf_mat_link3_0_flan3:
    target_pose:
      position: [0.4603205575717524, 0.006606158234633952, -0.0543703005535171]
      orientation:
        - [-0.9808243049750784, -0.144868556796666, -0.1303717465315234]
        - [-0.0001280237524104128, -0.6684574376093784, 0.7437503566896067]
        - [-0.1948940044166565, 0.7295051114009944, 0.6556207490771629]
step_19:
  tf_mat_link2_0_flan2:
    target_pose:
      position: [0.4029567427037395, -0.132096877603524, 0.2318643243430165]
      orientation:
        - [-0.980825610620547, 0.1448615755070214, 0.1303696811701876]
        - [0.1948874314768788, 0.7295060110857277, 0.6556217019522248]
        - [-0.0001310733955943874, 0.6684579687922936, -0.7437498788306278]
  tf_mat_link3_0_flan3:
    target_pose:
      position: [0.4603220227437427, 0.006612837723032616, -0.05437758166069789]
      orientation:
        - [-0.9808243049750784, -0.144868556796666, -0.1303717465315234]
        - [-0.0001280237524104128, -0.6684574376093784, 0.7437503566896067]
        - [-0.1948940044166565, 0.7295051114009944, 0.6556207490771629]
step_20:
  tf_mat_link2_0_flan2:
    target_pose:
      position: [0.4029581661745898, -0.1320895715546898, 0.2318710080597396]
      orientation:
        - [-0.980825610620547, 0.1448615755070214, 0.1303696811701876]
        - [0.1948874314768788, 0.7295060110857277, 0.6556217019522248]
        - [-0.0001310733955943874, 0.6684579687922936, -0.7437498788306278]
  tf_mat_link3_0_flan3:
    target_pose:
      position: [0.4603234462123069, 0.006619521434526987, -0.05438488771476069]
      orientation:
        - [-0.9808243049750784, -0.144868556796666, -0.1303717465315234]
        - [-0.0001280237524104128, -0.6684574376093784, 0.7437503566896067]
        - [-0.1948940044166565, 0.7295051114009944, 0.6556207490771629]
step_21:
  tf_mat_link2_0_flan2:
    target_pose:
      position: [0.4029596313487901, -0.1320822904528909, 0.2318776875535201]
      orientation:
        - [-0.980825610620547, 0.1448615755070214, 0.1303696811701876]
        - [0.1948874314768788, 0.7295060110857277, 0.6556217019522248]
        - [-0.0001310733955943874, 0.6684579687922936, -0.7437498788306278]
  tf_mat_link3_0_flan3:
    target_pose:
      position: [0.4603249113842973, 0.006626200922925651, -0.05439216882194153]
      orientation:
        - [-0.9808243049750784, -0.144868556796666, -0.1303717465315234]
        - [-0.0001280237524104128, -0.6684574376093784, 0.7437503566896067]
        - [-0.1948940044166565, 0.7295051114009944, 0.6556207490771629]
step_22:
  tf_mat_link2_0_flan2:
    target_pose:
      position: [0.4029610548196403, -0.1320749844040568, 0.2318843712702433]
      orientation:
        - [-0.980825610620547, 0.1448615755070214, 0.1303696811701876]
        - [0.1948874314768788, 0.7295060110857277, 0.6556217019522248]
        - [-0.0001310733955943874, 0.6684579687922936, -0.7437498788306278]
  tf_mat_link3_0_flan3:
    target_pose:
      position: [0.4603263348528615, 0.00663288463442005, -0.05439947487600438]
      orientation:
        - [-0.9808243049750784, -0.144868556796666, -0.1303717465315234]
        - [-0.0001280237524104128, -0.6684574376093784, 0.7437503566896067]
        - [-0.1948940044166565, 0.7295051114009944, 0.6556207490771629]
step_23:
  tf_mat_link2_0_flan2:
    target_pose:
      position: [0.4029625206585398, -0.1320677036844387, 0.2318910507096416]
      orientation:
        - [-0.980825610620547, 0.1448615755070214, 0.1303696811701876]
        - [0.1948874314768788, 0.7295060110857277, 0.6556217019522248]
        - [-0.0001310733955943874, 0.6684579687922936, -0.7437498788306278]
  tf_mat_link3_0_flan3:
    target_pose:
      position: [0.4603278006895522, 0.006639564068434078, -0.05440675560100672]
      orientation:
        - [-0.9808243049750784, -0.144868556796666, -0.1303717465315234]
        - [-0.0001280237524104128, -0.6684574376093784, 0.7437503566896067]
        - [-0.1948940044166565, 0.7295051114009944, 0.6556207490771629]
step_24:
  tf_mat_link2_0_flan2:
    target_pose:
      position: [0.4029639858327401, -0.1320604225826399, 0.2318977302034222]
      orientation:
        - [-0.980825610620547, 0.1448615755070214, 0.1303696811701876]
        - [0.1948874314768788, 0.7295060110857277, 0.6556217019522248]
        - [-0.0001310733955943874, 0.6684579687922936, -0.7437498788306278]
  tf_mat_link3_0_flan3:
    target_pose:
      position: [0.4603292658615427, 0.00664624355683277, -0.05441403670818745]
      orientation:
        - [-0.9808243049750784, -0.144868556796666, -0.1303717465315234]
        - [-0.0001280237524104128, -0.6684574376093784, 0.7437503566896067]
        - [-0.1948940044166565, 0.7295051114009944, 0.6556207490771629]
step_25:
  tf_mat_link2_0_flan2:
    target_pose:
      position: [0.4029654093035902, -0.1320531165338057, 0.2319044139201453]
      orientation:
        - [-0.980825610620547, 0.1448615755070214, 0.1303696811701876]
        - [0.1948874314768788, 0.7295060110857277, 0.6556217019522248]
        - [-0.0001310733955943874, 0.6684579687922936, -0.7437498788306278]
  tf_mat_link3_0_flan3:
    target_pose:
      position: [0.460330689330107, 0.006652927268327169, -0.05442134276225036]
      orientation:
        - [-0.9808243049750784, -0.144868556796666, -0.1303717465315234]
        - [-0.0001280237524104128, -0.6684574376093784, 0.7437503566896067]
        - [-0.1948940044166565, 0.7295051114009944, 0.6556207490771629]
step_26:
  tf_mat_link2_0_flan2:
    target_pose:
      position: [0.4029668744777906, -0.1320458354320068, 0.2319110934139258]
      orientation:
        - [-0.980825610620547, 0.1448615755070214, 0.1303696811701876]
        - [0.1948874314768788, 0.7295060110857277, 0.6556217019522248]
        - [-0.0001310733955943874, 0.6684579687922936, -0.7437498788306278]
  tf_mat_link3_0_flan3:
    target_pose:
      position: [0.4603321545020974, 0.006659606756725861, -0.05442862386943115]
      orientation:
        - [-0.9808243049750784, -0.144868556796666, -0.1303717465315234]
        - [-0.0001280237524104128, -0.6684574376093784, 0.7437503566896067]
        - [-0.1948940044166565, 0.7295051114009944, 0.6556207490771629]
step_27:
  tf_mat_link2_0_flan2:
    target_pose:
      position: [0.4029682979486406, -0.1320385293831727, 0.2319177771306489]
      orientation:
        - [-0.980825610620547, 0.1448615755070214, 0.1303696811701876]
        - [0.1948874314768788, 0.7295060110857277, 0.6556217019522248]
        - [-0.0001310733955943874, 0.6684579687922936, -0.7437498788306278]
  tf_mat_link3_0_flan3:
    target_pose:
      position: [0.4603335779706615, 0.006666290468220232, -0.054435929923494]
      orientation:
        - [-0.9808243049750784, -0.144868556796666, -0.1303717465315234]
        - [-0.0001280237524104128, -0.6684574376093784, 0.7437503566896067]
        - [-0.1948940044166565, 0.7295051114009944, 0.6556207490771629]
step_28:
  tf_mat_link2_0_flan2:
    target_pose:
      position: [0.4029697637875401, -0.1320312486635547, 0.2319244565700473]
      orientation:
        - [-0.980825610620547, 0.1448615755070214, 0.1303696811701876]
        - [0.1948874314768788, 0.7295060110857277, 0.6556217019522248]
        - [-0.0001310733955943874, 0.6684579687922936, -0.7437498788306278]
  tf_mat_link3_0_flan3:
    target_pose:
      position: [0.4603350438073522, 0.00667296990223426, -0.05444321064849633]
      orientation:
        - [-0.9808243049750784, -0.144868556796666, -0.1303717465315234]
        - [-0.0001280237524104128, -0.6684574376093784, 0.7437503566896067]
        - [-0.1948940044166565, 0.7295051114009944, 0.6556207490771629]
step_29:
  tf_mat_link2_0_flan2:
    target_pose:
      position: [0.4029712289617403, -0.1320239675617558, 0.2319311360638278]
      orientation:
        - [-0.980825610620547, 0.1448615755070214, 0.1303696811701876]
        - [0.1948874314768788, 0.7295060110857277, 0.6556217019522248]
        - [-0.0001310733955943874, 0.6684579687922936, -0.7437498788306278]
  tf_mat_link3_0_flan3:
    target_pose:
      position: [0.4603365089793426, 0.006679649390632897, -0.05445049175567707]
      orientation:
        - [-0.9808243049750784, -0.144868556796666, -0.1303717465315234]
        - [-0.0001280237524104128, -0.6684574376093784, 0.7437503566896067]
        - [-0.1948940044166565, 0.7295051114009944, 0.6556207490771629]
step_30:
  tf_mat_link2_0_flan2:
    target_pose:
      position: [0.4029726524325906, -0.1320166615129217, 0.2319378197805509]
      orientation:
        - [-0.980825610620547, 0.1448615755070214, 0.1303696811701876]
        - [0.1948874314768788, 0.7295060110857277, 0.6556217019522248]
        - [-0.0001310733955943874, 0.6684579687922936, -0.7437498788306278]
  tf_mat_link3_0_flan3:
    target_pose:
      position: [0.4603379324479069, 0.006686333102127295, -0.05445779780973992]
      orientation:
        - [-0.9808243049750784, -0.144868556796666, -0.1303717465315234]
        - [-0.0001280237524104128, -0.6684574376093784, 0.7437503566896067]
        - [-0.1948940044166565, 0.7295051114009944, 0.6556207490771629]
step_31:
  tf_mat_link2_0_flan2:
    target_pose:
      position: [0.4029741182714898, -0.1320093807933037, 0.2319444992199492]
      orientation:
        - [-0.980825610620547, 0.1448615755070214, 0.1303696811701876]
        - [0.1948874314768788, 0.7295060110857277, 0.6556217019522248]
        - [-0.0001310733955943874, 0.6684579687922936, -0.7437498788306278]
  tf_mat_link3_0_flan3:
    target_pose:
      position: [0.4603393982845977, 0.006693012536141352, -0.05446507853474225]
      orientation:
        - [-0.9808243049750784, -0.144868556796666, -0.1303717465315234]
        - [-0.0001280237524104128, -0.6684574376093784, 0.7437503566896067]
        - [-0.1948940044166565, 0.7295051114009944, 0.6556207490771629]
step_32:
  tf_mat_link2_0_flan2:
    target_pose:
      position: [0.4029755410776409, -0.1320020743622886, 0.2319511829910545]
      orientation:
        - [-0.980825610620547, 0.1448615755070214, 0.1303696811701876]
        - [0.1948874314768788, 0.7295060110857277, 0.6556217019522248]
        - [-0.0001310733955943874, 0.6684579687922936, -0.7437498788306278]
  tf_mat_link3_0_flan3:
    target_pose:
      position: [0.4603408210884615, 0.00669969630202033, -0.05447238497098356]
      orientation:
        - [-0.9808243049750784, -0.144868556796666, -0.1303717465315234]
        - [-0.0001280237524104128, -0.6684574376093784, 0.7437503566896067]
        - [-0.1948940044166565, 0.7295051114009944, 0.6556207490771629]
step_33:
  tf_mat_link2_0_flan2:
    target_pose:
      position: [0.4029770062518411, -0.1319947932604897, 0.2319578624848351]
      orientation:
        - [-0.980825610620547, 0.1448615755070214, 0.1303696811701876]
        - [0.1948874314768788, 0.7295060110857277, 0.6556217019522248]
        - [-0.0001310733955943874, 0.6684579687922936, -0.7437498788306278]
  tf_mat_link3_0_flan3:
    target_pose:
      position: [0.4603422862604519, 0.00670637579041905, -0.05447966607816435]
      orientation:
        - [-0.9808243049750784, -0.144868556796666, -0.1303717465315234]
        - [-0.0001280237524104128, -0.6684574376093784, 0.7437503566896067]
        - [-0.1948940044166565, 0.7295051114009944, 0.6556207490771629]
step_34:
  tf_mat_link2_0_flan2:
    target_pose:
      position: [0.4029784303873905, -0.1319874875938365, 0.2319645461471759]
      orientation:
        - [-0.980825610620547, 0.1448615755070214, 0.1303696811701876]
        - [0.1948874314768788, 0.7295060110857277, 0.6556217019522248]
        - [-0.0001310733955943874, 0.6684579687922936, -0.7437498788306278]
  tf_mat_link3_0_flan3:
    target_pose:
      position: [0.4603437103937164, 0.006713059447528757, -0.05448697175004868]
      orientation:
        - [-0.9808243049750784, -0.144868556796666, -0.1303717465315234]
        - [-0.0001280237524104128, -0.6684574376093784, 0.7437503566896067]
        - [-0.1948940044166565, 0.7295051114009944, 0.6556207490771629]
step_35:
  tf_mat_link2_0_flan2:
    target_pose:
      position: [0.4029798955615908, -0.1319802064920375, 0.2319712256409565]
      orientation:
        - [-0.980825610620547, 0.1448615755070214, 0.1303696811701876]
        - [0.1948874314768788, 0.7295060110857277, 0.6556217019522248]
        - [-0.0001310733955943874, 0.6684579687922936, -0.7437498788306278]
  tf_mat_link3_0_flan3:
    target_pose:
      position: [0.4603451755657069, 0.00671973893592745, -0.05449425285722947]
      orientation:
        - [-0.9808243049750784, -0.144868556796666, -0.1303717465315234]
        - [-0.0001280237524104128, -0.6684574376093784, 0.7437503566896067]
        - [-0.1948940044166565, 0.7295051114009944, 0.6556207490771629]
step_36:
  tf_mat_link2_0_flan2:
    target_pose:
      position: [0.4029813607357911, -0.1319729253902387, 0.231977905134737]
      orientation:
        - [-0.980825610620547, 0.1448615755070214, 0.1303696811701876]
        - [0.1948874314768788, 0.7295060110857277, 0.6556217019522248]
        - [-0.0001310733955943874, 0.6684579687922936, -0.7437498788306278]
  tf_mat_link3_0_flan3:
    target_pose:
      position: [0.4603466407376973, 0.006726418424326086, -0.05450153396441026]
      orientation:
        - [-0.9808243049750784, -0.144868556796666, -0.1303717465315234]
        - [-0.0001280237524104128, -0.6684574376093784, 0.7437503566896067]
        - [-0.1948940044166565, 0.7295051114009944, 0.6556207490771629]
step_37:
  tf_mat_link2_0_flan2:
    target_pose:
      position: [0.4029827848713404, -0.1319656197235855, 0.231984588797078]
      orientation:
        - [-0.980825610620547, 0.1448615755070214, 0.1303696811701876]
        - [0.1948874314768788, 0.7295060110857277, 0.6556217019522248]
        - [-0.0001310733955943874, 0.6684579687922936, -0.7437498788306278]
  tf_mat_link3_0_flan3:
    target_pose:
      position: [0.4603480648709619, 0.006733102081435877, -0.0545088396362946]
      orientation:
        - [-0.9808243049750784, -0.144868556796666, -0.1303717465315234]
        - [-0.0001280237524104128, -0.6684574376093784, 0.7437503566896067]
        - [-0.1948940044166565, 0.7295051114009944, 0.6556207490771629]
step_38:
  tf_mat_link2_0_flan2:
    target_pose:
      position: [0.4029842500455407, -0.1319583386217866, 0.2319912682908585]
      orientation:
        - [-0.980825610620547, 0.1448615755070214, 0.1303696811701876]
        - [0.1948874314768788, 0.7295060110857277, 0.6556217019522248]
        - [-0.0001310733955943874, 0.6684579687922936, -0.7437498788306278]
  tf_mat_link3_0_flan3:
    target_pose:
      position: [0.4603495300429523, 0.006739781569834569, -0.05451612074347545]
      orientation:
        - [-0.9808243049750784, -0.144868556796666, -0.1303717465315234]
        - [-0.0001280237524104128, -0.6684574376093784, 0.7437503566896067]
        - [-0.1948940044166565, 0.7295051114009944, 0.6556207490771629]
step_39:
  tf_mat_link2_0_flan2:
    target_pose:
      position: [0.4029856728516917, -0.1319510321907715, 0.2319979520619637]
      orientation:
        - [-0.980825610620547, 0.1448615755070214, 0.1303696811701876]
        - [0.1948874314768788, 0.7295060110857277, 0.6556217019522248]
        - [-0.0001310733955943874, 0.6684579687922936, -0.7437498788306278]
  tf_mat_link3_0_flan3:
    target_pose:
      position: [0.4603509528468162, 0.006746465335713547, -0.05452342717971675]
      orientation:
        - [-0.9808243049750784, -0.144868556796666, -0.1303717465315234]
        - [-0.0001280237524104128, -0.6684574376093784, 0.7437503566896067]
        - [-0.1948940044166565, 0.7295051114009944, 0.6556207490771629]
step_40:
  tf_mat_link2_0_flan2:
    target_pose:
      position: [0.4029871393552902, -0.1319437518533345, 0.2320046314469799]
      orientation:
        - [-0.980825610620547, 0.1448615755070214, 0.1303696811701876]
        - [0.1948874314768788, 0.7295060110857277, 0.6556217019522248]
        - [-0.0001310733955943874, 0.6684579687922936, -0.7437498788306278]
  tf_mat_link3_0_flan3:
    target_pose:
      position: [0.4603524193482072, 0.006753144715342968, -0.05453070752254063]
      orientation:
        - [-0.9808243049750784, -0.144868556796666, -0.1303717465315234]
        - [-0.0001280237524104128, -0.6684574376093784, 0.7437503566896067]
        - [-0.1948940044166565, 0.7295051114009944, 0.6556207490771629]
step_41:
  tf_mat_link2_0_flan2:
    target_pose:
      position: [0.4029886045294905, -0.1319364707515355, 0.2320113109407605]
      orientation:
        - [-0.980825610620547, 0.1448615755070214, 0.1303696811701876]
        - [0.1948874314768788, 0.7295060110857277, 0.6556217019522248]
        - [-0.0001310733955943874, 0.6684579687922936, -0.7437498788306278]
  tf_mat_link3_0_flan3:
    target_pose:
      position: [0.4603538845201977, 0.00675982420374166, -0.05453798862972137]
      orientation:
        - [-0.9808243049750784, -0.144868556796666, -0.1303717465315234]
        - [-0.0001280237524104128, -0.6684574376093784, 0.7437503566896067]
        - [-0.1948940044166565, 0.7295051114009944, 0.6556207490771629]
step_42:
  tf_mat_link2_0_flan2:
    target_pose:
      position: [0.4029900273356415, -0.1319291643205204, 0.2320179947118657]
      orientation:
        - [-0.980825610620547, 0.1448615755070214, 0.1303696811701876]
        - [0.1948874314768788, 0.7295060110857277, 0.6556217019522248]
        - [-0.0001310733955943874, 0.6684579687922936, -0.7437498788306278]
  tf_mat_link3_0_flan3:
    target_pose:
      position: [0.4603553073240615, 0.006766507969620639, -0.05454529506596273]
      orientation:
        - [-0.9808243049750784, -0.144868556796666, -0.1303717465315234]
        - [-0.0001280237524104128, -0.6684574376093784, 0.7437503566896067]
        - [-0.1948940044166565, 0.7295051114009944, 0.6556207490771629]
step_43:
  tf_mat_link2_0_flan2:
    target_pose:
      position: [0.4029914925098416, -0.1319218832187215, 0.2320246742056463]
      orientation:
        - [-0.980825610620547, 0.1448615755070214, 0.1303696811701876]
        - [0.1948874314768788, 0.7295060110857277, 0.6556217019522248]
        - [-0.0001310733955943874, 0.6684579687922936, -0.7437498788306278]
  tf_mat_link3_0_flan3:
    target_pose:
      position: [0.4603567724960518, 0.006773187458019359, -0.05455257617314357]
      orientation:
        - [-0.9808243049750784, -0.144868556796666, -0.1303717465315234]
        - [-0.0001280237524104128, -0.6684574376093784, 0.7437503566896067]
        - [-0.1948940044166565, 0.7295051114009944, 0.6556207490771629]
step_44:
  tf_mat_link2_0_flan2:
    target_pose:
      position: [0.4029929166453911, -0.1319145775520683, 0.2320313578679872]
      orientation:
        - [-0.980825610620547, 0.1448615755070214, 0.1303696811701876]
        - [0.1948874314768788, 0.7295060110857277, 0.6556217019522248]
        - [-0.0001310733955943874, 0.6684579687922936, -0.7437498788306278]
  tf_mat_link3_0_flan3:
    target_pose:
      position: [0.4603581966293165, 0.006779871115129066, -0.05455988184502791]
      orientation:
        - [-0.9808243049750784, -0.144868556796666, -0.1303717465315234]
        - [-0.0001280237524104128, -0.6684574376093784, 0.7437503566896067]
        - [-0.1948940044166565, 0.7295051114009944, 0.6556207490771629]
step_45:
  tf_mat_link2_0_flan2:
    target_pose:
      position: [0.4029943818195914, -0.1319072964502694, 0.2320380373617677]
      orientation:
        - [-0.980825610620547, 0.1448615755070214, 0.1303696811701876]
        - [0.1948874314768788, 0.7295060110857277, 0.6556217019522248]
        - [-0.0001310733955943874, 0.6684579687922936, -0.7437498788306278]
  tf_mat_link3_0_flan3:
    target_pose:
      position: [0.460359661801307, 0.006786550603527786, -0.05456716295220865]
      orientation:
        - [-0.9808243049750784, -0.144868556796666, -0.1303717465315234]
        - [-0.0001280237524104128, -0.6684574376093784, 0.7437503566896067]
        - [-0.1948940044166565, 0.7295051114009944, 0.6556207490771629]
step_46:
  tf_mat_link2_0_flan2:
    target_pose:
      position: [0.4029958046257423, -0.1318999900192543, 0.232044721132873]
      orientation:
        - [-0.980825610620547, 0.1448615755070214, 0.1303696811701876]
        - [0.1948874314768788, 0.7295060110857277, 0.6556217019522248]
        - [-0.0001310733955943874, 0.6684579687922936, -0.7437498788306278]
  tf_mat_link3_0_flan3:
    target_pose:
      position: [0.4603610846051707, 0.00679323436940682, -0.05457446938845001]
      orientation:
        - [-0.9808243049750784, -0.144868556796666, -0.1303717465315234]
        - [-0.0001280237524104128, -0.6684574376093784, 0.7437503566896067]
        - [-0.1948940044166565, 0.7295051114009944, 0.6556207490771629]
step_47:
  tf_mat_link2_0_flan2:
    target_pose:
      position: [0.402997271129341, -0.1318927096818173, 0.2320514005178891]
      orientation:
        - [-0.980825610620547, 0.1448615755070214, 0.1303696811701876]
        - [0.1948874314768788, 0.7295060110857277, 0.6556217019522248]
        - [-0.0001310733955943874, 0.6684579687922936, -0.7437498788306278]
  tf_mat_link3_0_flan3:
    target_pose:
      position: [0.4603625511065619, 0.006799913749036157, -0.05458174973127383]
      orientation:
        - [-0.9808243049750784, -0.144868556796666, -0.1303717465315234]
        - [-0.0001280237524104128, -0.6684574376093784, 0.7437503566896067]
        - [-0.1948940044166565, 0.7295051114009944, 0.6556207490771629]
step_48:
  tf_mat_link2_0_flan2:
    target_pose:
      position: [0.4029987363035413, -0.1318854285800183, 0.2320580800116697]
      orientation:
        - [-0.980825610620547, 0.1448615755070214, 0.1303696811701876]
        - [0.1948874314768788, 0.7295060110857277, 0.6556217019522248]
        - [-0.0001310733955943874, 0.6684579687922936, -0.7437498788306278]
  tf_mat_link3_0_flan3:
    target_pose:
      position: [0.4603640162785523, 0.006806593237434877, -0.05458903083845462]
      orientation:
        - [-0.9808243049750784, -0.144868556796666, -0.1303717465315234]
        - [-0.0001280237524104128, -0.6684574376093784, 0.7437503566896067]
        - [-0.1948940044166565, 0.7295051114009944, 0.6556207490771629]
step_49:
  tf_mat_link2_0_flan2:
    target_pose:
      position: [0.4030001591096923, -0.1318781221490034, 0.232064763782775]
      orientation:
        - [-0.980825610620547, 0.1448615755070214, 0.1303696811701876]
        - [0.1948874314768788, 0.7295060110857277, 0.6556217019522248]
        - [-0.0001310733955943874, 0.6684579687922936, -0.7437498788306278]
  tf_mat_link3_0_flan3:
    target_pose:
      position: [0.4603654390824162, 0.006813277003313856, -0.05459633727469593]
      orientation:
        - [-0.9808243049750784, -0.144868556796666, -0.1303717465315234]
        - [-0.0001280237524104128, -0.6684574376093784, 0.7437503566896067]
        - [-0.1948940044166565, 0.7295051114009944, 0.6556207490771629]
step_50:
  tf_mat_link2_0_flan2:
    target_pose:
      position: [0.4030016256132909, -0.1318708418115662, 0.2320714431677911]
      orientation:
        - [-0.980825610620547, 0.1448615755070214, 0.1303696811701876]
        - [0.1948874314768788, 0.7295060110857277, 0.6556217019522248]
        - [-0.0001310733955943874, 0.6684579687922936, -0.7437498788306278]
  tf_mat_link3_0_flan3:
    target_pose:
      position: [0.4603669055838074, 0.006819956382943249, -0.05460361761751975]
      orientation:
        - [-0.9808243049750784, -0.144868556796666, -0.1303717465315234]
        - [-0.0001280237524104128, -0.6684574376093784, 0.7437503566896067]
        - [-0.1948940044166565, 0.7295051114009944, 0.6556207490771629]
step_51:
  tf_mat_link2_0_flan2:
    target_pose:
      position: [0.4030030484194418, -0.1318635353805511, 0.2320781269388964]
      orientation:
        - [-0.980825610620547, 0.1448615755070214, 0.1303696811701876]
        - [0.1948874314768788, 0.7295060110857277, 0.6556217019522248]
        - [-0.0001310733955943874, 0.6684579687922936, -0.7437498788306278]
  tf_mat_link3_0_flan3:
    target_pose:
      position: [0.4603683283876712, 0.006826640148822283, -0.05461092405376106]
      orientation:
        - [-0.9808243049750784, -0.144868556796666, -0.1303717465315234]
        - [-0.0001280237524104128, -0.6684574376093784, 0.7437503566896067]
        - [-0.1948940044166565, 0.7295051114009944, 0.6556207490771629]
step_52:
  tf_mat_link2_0_flan2:
    target_pose:
      position: [0.403004513593642, -0.1318562542787523, 0.2320848064326769]
      orientation:
        - [-0.980825610620547, 0.1448615755070214, 0.1303696811701876]
        - [0.1948874314768788, 0.7295060110857277, 0.6556217019522248]
        - [-0.0001310733955943874, 0.6684579687922936, -0.7437498788306278]
  tf_mat_link3_0_flan3:
    target_pose:
      position: [0.4603697935596615, 0.006833319637220975, -0.0546182051609419]
      orientation:
        - [-0.9808243049750784, -0.144868556796666, -0.1303717465315234]
        - [-0.0001280237524104128, -0.6684574376093784, 0.7437503566896067]
        - [-0.1948940044166565, 0.7295051114009944, 0.6556207490771629]
step_53:
  tf_mat_link2_0_flan2:
    target_pose:
      position: [0.4030059787678423, -0.1318489731769534, 0.2320914859264575]
      orientation:
        - [-0.980825610620547, 0.1448615755070214, 0.1303696811701876]
        - [0.1948874314768788, 0.7295060110857277, 0.6556217019522248]
        - [-0.0001310733955943874, 0.6684579687922936, -0.7437498788306278]
  tf_mat_link3_0_flan3:
    target_pose:
      position: [0.460371258731652, 0.006839999125619667, -0.05462548626812269]
      orientation:
        - [-0.9808243049750784, -0.144868556796666, -0.1303717465315234]
        - [-0.0001280237524104128, -0.6684574376093784, 0.7437503566896067]
        - [-0.1948940044166565, 0.7295051114009944, 0.6556207490771629]
step_54:
  tf_mat_link2_0_flan2:
    target_pose:
      position: [0.4030074029033917, -0.1318416675103001, 0.2320981695887984]
      orientation:
        - [-0.980825610620547, 0.1448615755070214, 0.1303696811701876]
        - [0.1948874314768788, 0.7295060110857277, 0.6556217019522248]
        - [-0.0001310733955943874, 0.6684579687922936, -0.7437498788306278]
  tf_mat_link3_0_flan3:
    target_pose:
      position: [0.4603726828649166, 0.006846682782729374, -0.05463279194000703]
      orientation:
        - [-0.9808243049750784, -0.144868556796666, -0.1303717465315234]
        - [-0.0001280237524104128, -0.6684574376093784, 0.7437503566896067]
        - [-0.1948940044166565, 0.7295051114009944, 0.6556207490771629]
step_55:
  tf_mat_link2_0_flan2:
    target_pose:
