step_0:
  tf_mat_link2_0_flan2:
    target_pose:
      position: [0.3922354244127253, -0.1091046182802284, 0.1863874856166604]
      orientation:
        - [-0.9808257669959046, 0.1448606594549878, 0.1303695225699809]
        - [0.1948866441618476, 0.729506045526166, 0.6556218976641204]
        - [-0.0001315344184128947, 0.6684581297235691, -0.7437497341094599]
  tf_mat_link3_0_flan3:
    target_pose:
      position: [0.4372150823146057, 0.03179237219488176, -0.0150858979624649]
      orientation:
        - [-0.9808244613571325, -0.1448676407462459, -0.1303715879322782]
        - [-0.0001284847724090162, -0.6684575985474055, 0.7437502119644694]
        - [-0.1948932171027416, 0.7295051458438518, 0.6556209447942599]
step_1:
  tf_mat_link2_0_flan2:
    target_pose:
      position: [0.3922382961990016, -0.1090900293930647, 0.1864008448646679]
      orientation:
        - [-0.9808257669959046, 0.1448606594549878, 0.1303695225699809]
        - [0.1948866441618476, 0.729506045526166, 0.6556218976641204]
        - [-0.0001315344184128947, 0.6684581297235691, -0.7437497341094599]
  tf_mat_link3_0_flan3:
    target_pose:
      position: [0.4372179540963652, 0.03180573143234061, -0.01510048686017729]
      orientation:
        - [-0.9808244613571325, -0.1448676407462459, -0.1303715879322782]
        - [-0.0001284847724090162, -0.6684575985474055, 0.7437502119644694]
        - [-0.1948932171027416, 0.7295051458438518, 0.6556209447942599]
step_2:
  tf_mat_link2_0_flan2:
    target_pose:
      position: [0.3922412096810773, -0.1090754650892489, 0.1864141977860676]
      orientation:
        - [-0.9808257669959046, 0.1448606594549878, 0.1303695225699809]
        - [0.1948866441618476, 0.729506045526166, 0.6556218976641204]
        - [-0.0001315344184128947, 0.6684581297235691, -0.7437497341094599]
  tf_mat_link3_0_flan3:
    target_pose:
      position: [0.4372208675739913, 0.03181908434303848, -0.01511505117469492]
      orientation:
        - [-0.9808244613571325, -0.1448676407462459, -0.1303715879322782]
        - [-0.0001284847724090162, -0.6684575985474055, 0.7437502119644694]
        - [-0.1948932171027416, 0.7295051458438518, 0.6556209447942599]
step_3:
  tf_mat_link2_0_flan2:
    target_pose:
      position: [0.3922440813857386, -0.1090608761558596, 0.1864275570448543]
      orientation:
        - [-0.9808257669959046, 0.1448606594549878, 0.1303695225699809]
        - [0.1948866441618476, 0.729506045526166, 0.6556218976641204]
        - [-0.0001315344184128947, 0.6684581297235691, -0.7437497341094599]
  tf_mat_link3_0_flan3:
    target_pose:
      position: [0.4372237392741356, 0.0318324435912769, -0.0151296401186326]
      orientation:
        - [-0.9808244613571325, -0.1448676407462459, -0.1303715879322782]
        - [-0.0001284847724090162, -0.6684575985474055, 0.7437502119644694]
        - [-0.1948932171027416, 0.7295051458438518, 0.6556209447942599]
step_4:
  tf_mat_link2_0_flan2:
    target_pose:
      position: [0.3922469950310444, -0.1090463119444949, 0.1864409099446956]
      orientation:
        - [-0.9808257669959046, 0.1448606594549878, 0.1303695225699809]
        - [0.1948866441618476, 0.729506045526166, 0.6556218976641204]
        - [-0.0001315344184128947, 0.6684581297235691, -0.7437497341094599]
  tf_mat_link3_0_flan3:
    target_pose:
      position: [0.4372266529149921, 0.03184579648041572, -0.01514420434069963]
      orientation:
        - [-0.9808244613571325, -0.1448676407462459, -0.1303715879322782]
        - [-0.0001284847724090162, -0.6684575985474055, 0.7437502119644694]
        - [-0.1948932171027416, 0.7295051458438518, 0.6556209447942599]
step_5:
  tf_mat_link2_0_flan2:
    target_pose:
      position: [0.3922498667357058, -0.1090317230111055, 0.1864542692034824]
      orientation:
        - [-0.9808257669959046, 0.1448606594549878, 0.1303695225699809]
        - [0.1948866441618476, 0.729506045526166, 0.6556218976641204]
        - [-0.0001315344184128947, 0.6684581297235691, -0.7437497341094599]
  tf_mat_link3_0_flan3:
    target_pose:
      position: [0.4372295246151364, 0.03185915572865419, -0.01515879328463743]
      orientation:
        - [-0.9808244613571325, -0.1448676407462459, -0.1303715879322782]
        - [-0.0001284847724090162, -0.6684575985474055, 0.7437502119644694]
        - [-0.1948932171027416, 0.7295051458438518, 0.6556209447942599]
step_6:
  tf_mat_link2_0_flan2:
    target_pose:
      position: [0.3922527800545514, -0.1090171586148386, 0.1864676221464405]
      orientation:
        - [-0.9808257669959046, 0.1448606594549878, 0.1303695225699809]
        - [0.1948866441618476, 0.729506045526166, 0.6556218976641204]
        - [-0.0001315344184128947, 0.6684581297235691, -0.7437497341094599]
  tf_mat_link3_0_flan3:
    target_pose:
      position: [0.4372324379295324, 0.03187250866091113, -0.01517335769160544]
      orientation:
        - [-0.9808244613571325, -0.1448676407462459, -0.1303715879322782]
        - [-0.0001284847724090162, -0.6684575985474055, 0.7437502119644694]
        - [-0.1948932171027416, 0.7295051458438518, 0.6556209447942599]
step_7:
  tf_mat_link2_0_flan2:
    target_pose:
      position: [0.392255651759213, -0.1090025696814494, 0.1864809814052272]
      orientation:
        - [-0.9808257669959046, 0.1448606594549878, 0.1303695225699809]
        - [0.1948866441618476, 0.729506045526166, 0.6556218976641204]
        - [-0.0001315344184128947, 0.6684581297235691, -0.7437497341094599]
  tf_mat_link3_0_flan3:
    target_pose:
      position: [0.4372353096296768, 0.03188586790914949, -0.01518794663554313]
      orientation:
        - [-0.9808244613571325, -0.1448676407462459, -0.1303715879322782]
        - [-0.0001284847724090162, -0.6684575985474055, 0.7437502119644694]
        - [-0.1948932171027416, 0.7295051458438518, 0.6556209447942599]
step_8:
  tf_mat_link2_0_flan2:
    target_pose:
      position: [0.3922585650780587, -0.1089880052851825, 0.1864943343481854]
      orientation:
        - [-0.9808257669959046, 0.1448606594549878, 0.1303695225699809]
        - [0.1948866441618476, 0.729506045526166, 0.6556218976641204]
        - [-0.0001315344184128947, 0.6684581297235691, -0.7437497341094599]
  tf_mat_link3_0_flan3:
    target_pose:
      position: [0.4372382229440726, 0.03189922084140645, -0.01520251104251125]
      orientation:
        - [-0.9808244613571325, -0.1448676407462459, -0.1303715879322782]
        - [-0.0001284847724090162, -0.6684575985474055, 0.7437502119644694]
        - [-0.1948932171027416, 0.7295051458438518, 0.6556209447942599]
step_9:
  tf_mat_link2_0_flan2:
    target_pose:
      position: [0.39226143743564, -0.1089734167215977, 0.1865076935207383]
      orientation:
        - [-0.9808257669959046, 0.1448606594549878, 0.1303695225699809]
        - [0.1948866441618476, 0.729506045526166, 0.6556218976641204]
        - [-0.0001315344184128947, 0.6684581297235691, -0.7437497341094599]
  tf_mat_link3_0_flan3:
    target_pose:
      position: [0.4372410952971382, 0.03191258000340866, -0.01521709961664686]
      orientation:
        - [-0.9808244613571325, -0.1448676407462459, -0.1303715879322782]
        - [-0.0001284847724090162, -0.6684575985474055, 0.7437502119644694]
        - [-0.1948932171027416, 0.7295051458438518, 0.6556209447942599]
step_10:
  tf_mat_link2_0_flan2:
    target_pose:
      position: [0.3922643507544857, -0.1089588523253308, 0.1865210464636964]
      orientation:
        - [-0.9808257669959046, 0.1448606594549878, 0.1303695225699809]
        - [0.1948866441618476, 0.729506045526166, 0.6556218976641204]
        - [-0.0001315344184128947, 0.6684581297235691, -0.7437497341094599]
  tf_mat_link3_0_flan3:
    target_pose:
      position: [0.4372440086115338, 0.03192593293566556, -0.01523166402361498]
      orientation:
        - [-0.9808244613571325, -0.1448676407462459, -0.1303715879322782]
        - [-0.0001284847724090162, -0.6684575985474055, 0.7437502119644694]
        - [-0.1948932171027416, 0.7295051458438518, 0.6556209447942599]
step_11:
  tf_mat_link2_0_flan2:
    target_pose:
      position: [0.3922672640733313, -0.1089442879290639, 0.1865343994066546]
      orientation:
        - [-0.9808257669959046, 0.1448606594549878, 0.1303695225699809]
        - [0.1948866441618476, 0.729506045526166, 0.6556218976641204]
        - [-0.0001315344184128947, 0.6684581297235691, -0.7437497341094599]
  tf_mat_link3_0_flan3:
    target_pose:
      position: [0.4372469219259295, 0.03193928586792252, -0.01524622843058315]
      orientation:
        - [-0.9808244613571325, -0.1448676407462459, -0.1303715879322782]
        - [-0.0001284847724090162, -0.6684575985474055, 0.7437502119644694]
        - [-0.1948932171027416, 0.7295051458438518, 0.6556209447942599]
step_12:
  tf_mat_link2_0_flan2:
    target_pose:
      position: [0.3922701357779929, -0.1089296989956745, 0.1865477586654413]
      orientation:
        - [-0.9808257669959046, 0.1448606594549878, 0.1303695225699809]
        - [0.1948866441618476, 0.729506045526166, 0.6556218976641204]
        - [-0.0001315344184128947, 0.6684581297235691, -0.7437497341094599]
  tf_mat_link3_0_flan3:
    target_pose:
      position: [0.4372497936260742, 0.03195264511616092, -0.01526081737452073]
      orientation:
        - [-0.9808244613571325, -0.1448676407462459, -0.1303715879322782]
        - [-0.0001284847724090162, -0.6684575985474055, 0.7437502119644694]
        - [-0.1948932171027416, 0.7295051458438518, 0.6556209447942599]
step_13:
  tf_mat_link2_0_flan2:
    target_pose:
      position: [0.3922730490968386, -0.1089151345994076, 0.1865611116083995]
      orientation:
        - [-0.9808257669959046, 0.1448606594549878, 0.1303695225699809]
        - [0.1948866441618476, 0.729506045526166, 0.6556218976641204]
        - [-0.0001315344184128947, 0.6684581297235691, -0.7437497341094599]
  tf_mat_link3_0_flan3:
    target_pose:
      position: [0.4372527069404699, 0.03196599804841785, -0.01527538178148891]
      orientation:
        - [-0.9808244613571325, -0.1448676407462459, -0.1303715879322782]
        - [-0.0001284847724090162, -0.6684575985474055, 0.7437502119644694]
        - [-0.1948932171027416, 0.7295051458438518, 0.6556209447942599]
step_14:
  tf_mat_link2_0_flan2:
    target_pose:
      position: [0.3922759208014999, -0.1089005456660183, 0.1865744708671861]
      orientation:
        - [-0.9808257669959046, 0.1448606594549878, 0.1303695225699809]
        - [0.1948866441618476, 0.729506045526166, 0.6556218976641204]
        - [-0.0001315344184128947, 0.6684581297235691, -0.7437497341094599]
  tf_mat_link3_0_flan3:
    target_pose:
      position: [0.4372555786406143, 0.03197935729665624, -0.01528997072542648]
      orientation:
        - [-0.9808244613571325, -0.1448676407462459, -0.1303715879322782]
        - [-0.0001284847724090162, -0.6684575985474055, 0.7437502119644694]
        - [-0.1948932171027416, 0.7295051458438518, 0.6556209447942599]
step_15:
  tf_mat_link2_0_flan2:
    target_pose:
      position: [0.3922788341203456, -0.1088859812697515, 0.1865878238101443]
      orientation:
        - [-0.9808257669959046, 0.1448606594549878, 0.1303695225699809]
        - [0.1948866441618476, 0.729506045526166, 0.6556218976641204]
        - [-0.0001315344184128947, 0.6684581297235691, -0.7437497341094599]
  tf_mat_link3_0_flan3:
    target_pose:
      position: [0.4372584919550101, 0.0319927102289132, -0.01530453513239471]
      orientation:
        - [-0.9808244613571325, -0.1448676407462459, -0.1303715879322782]
        - [-0.0001284847724090162, -0.6684575985474055, 0.7437502119644694]
        - [-0.1948932171027416, 0.7295051458438518, 0.6556209447942599]
step_16:
  tf_mat_link2_0_flan2:
    target_pose:
      position: [0.3922817064779272, -0.1088713927061666, 0.1866011829826973]
      orientation:
        - [-0.9808257669959046, 0.1448606594549878, 0.1303695225699809]
        - [0.1948866441618476, 0.729506045526166, 0.6556218976641204]
        - [-0.0001315344184128947, 0.6684581297235691, -0.7437497341094599]
  tf_mat_link3_0_flan3:
    target_pose:
      position: [0.4372613643080757, 0.03200606939091535, -0.01531912370653021]
      orientation:
        - [-0.9808244613571325, -0.1448676407462459, -0.1303715879322782]
        - [-0.0001284847724090162, -0.6684575985474055, 0.7437502119644694]
        - [-0.1948932171027416, 0.7295051458438518, 0.6556209447942599]
step_17:
  tf_mat_link2_0_flan2:
    target_pose:
      position: [0.3922846191438528, -0.1088568279400952, 0.1866145360118892]
      orientation:
        - [-0.9808257669959046, 0.1448606594549878, 0.1303695225699809]
        - [0.1948866441618476, 0.729506045526166, 0.6556218976641204]
        - [-0.0001315344184128947, 0.6684581297235691, -0.7437497341094599]
  tf_mat_link3_0_flan3:
    target_pose:
      position: [0.4372642769695504, 0.03201942240940853, -0.01533368848330041]
      orientation:
        - [-0.9808244613571325, -0.1448676407462459, -0.1303715879322782]
        - [-0.0001284847724090162, -0.6684575985474055, 0.7437502119644694]
        - [-0.1948932171027416, 0.7295051458438518, 0.6556209447942599]
step_18:
  tf_mat_link2_0_flan2:
    target_pose:
      position: [0.3922874915014342, -0.1088422393765104, 0.1866278951844422]
      orientation:
        - [-0.9808257669959046, 0.1448606594549878, 0.1303695225699809]
        - [0.1948866441618476, 0.729506045526166, 0.6556218976641204]
        - [-0.0001315344184128947, 0.6684581297235691, -0.7437497341094599]
  tf_mat_link3_0_flan3:
    target_pose:
      position: [0.4372671493226159, 0.03203278157141073, -0.01534827705743608]
      orientation:
        - [-0.9808244613571325, -0.1448676407462459, -0.1303715879322782]
        - [-0.0001284847724090162, -0.6684575985474055, 0.7437502119644694]
        - [-0.1948932171027416, 0.7295051458438518, 0.6556209447942599]
step_19:
  tf_mat_link2_0_flan2:
    target_pose:
      position: [0.3922904054731997, -0.1088276753500479, 0.1866412480411665]
      orientation:
        - [-0.9808257669959046, 0.1448606594549878, 0.1303695225699809]
        - [0.1948866441618476, 0.729506045526166, 0.6556218976641204]
        - [-0.0001315344184128947, 0.6684581297235691, -0.7437497341094599]
  tf_mat_link3_0_flan3:
    target_pose:
      position: [0.4372700632899327, 0.03204613441743148, -0.01536284109460218]
      orientation:
        - [-0.9808244613571325, -0.1448676407462459, -0.1303715879322782]
        - [-0.0001284847724090162, -0.6684575985474055, 0.7437502119644694]
        - [-0.1948932171027416, 0.7295051458438518, 0.6556209447942599]
step_20:
  tf_mat_link2_0_flan2:
    target_pose:
      position: [0.3922932765249412, -0.1088130860468541, 0.186654607386187]
      orientation:
        - [-0.9808257669959046, 0.1448606594549878, 0.1303695225699809]
        - [0.1948866441618476, 0.729506045526166, 0.6556218976641204]
        - [-0.0001315344184128947, 0.6684581297235691, -0.7437497341094599]
  tf_mat_link3_0_flan3:
    target_pose:
      position: [0.4372729343371562, 0.03205949375190606, -0.01537743040834189]
      orientation:
        - [-0.9808244613571325, -0.1448676407462459, -0.1303715879322782]
        - [-0.0001284847724090162, -0.6684575985474055, 0.7437502119644694]
        - [-0.1948932171027416, 0.7295051458438518, 0.6556209447942599]
step_21:
  tf_mat_link2_0_flan2:
    target_pose:
      position: [0.3922961904967071, -0.1087985220203916, 0.1866679602429114]
      orientation:
        - [-0.9808257669959046, 0.1448606594549878, 0.1303695225699809]
        - [0.1948866441618476, 0.729506045526166, 0.6556218976641204]
        - [-0.0001315344184128947, 0.6684581297235691, -0.7437497341094599]
  tf_mat_link3_0_flan3:
    target_pose:
      position: [0.4372758483044731, 0.03207284659792678, -0.01539199444550793]
      orientation:
        - [-0.9808244613571325, -0.1448676407462459, -0.1303715879322782]
        - [-0.0001284847724090162, -0.6684575985474055, 0.7437502119644694]
        - [-0.1948932171027416, 0.7295051458438518, 0.6556209447942599]
step_22:
  tf_mat_link2_0_flan2:
    target_pose:
      position: [0.3922991031626326, -0.1087839572543203, 0.1866813132721033]
      orientation:
        - [-0.9808257669959046, 0.1448606594549878, 0.1303695225699809]
        - [0.1948866441618476, 0.729506045526166, 0.6556218976641204]
        - [-0.0001315344184128947, 0.6684581297235691, -0.7437497341094599]
  tf_mat_link3_0_flan3:
    target_pose:
      position: [0.4372787609659476, 0.03208619961641995, -0.01540655922227807]
      orientation:
        - [-0.9808244613571325, -0.1448676407462459, -0.1303715879322782]
        - [-0.0001284847724090162, -0.6684575985474055, 0.7437502119644694]
        - [-0.1948932171027416, 0.7295051458438518, 0.6556209447942599]
step_23:
  tf_mat_link2_0_flan2:
    target_pose:
      position: [0.3923019755202141, -0.1087693686907354, 0.1866946724446562]
      orientation:
        - [-0.9808257669959046, 0.1448606594549878, 0.1303695225699809]
        - [0.1948866441618476, 0.729506045526166, 0.6556218976641204]
        - [-0.0001315344184128947, 0.6684581297235691, -0.7437497341094599]
  tf_mat_link3_0_flan3:
    target_pose:
      position: [0.4372816333190133, 0.03209955877842213, -0.01542114779641368]
      orientation:
        - [-0.9808244613571325, -0.1448676407462459, -0.1303715879322782]
        - [-0.0001284847724090162, -0.6684575985474055, 0.7437502119644694]
        - [-0.1948932171027416, 0.7295051458438518, 0.6556209447942599]
step_24:
  tf_mat_link2_0_flan2:
    target_pose:
      position: [0.3923048881861397, -0.1087548039246641, 0.1867080254738482]
      orientation:
        - [-0.9808257669959046, 0.1448606594549878, 0.1303695225699809]
        - [0.1948866441618476, 0.729506045526166, 0.6556218976641204]
        - [-0.0001315344184128947, 0.6684581297235691, -0.7437497341094599]
  tf_mat_link3_0_flan3:
    target_pose:
      position: [0.4372845459804879, 0.03211291179691528, -0.01543571257318388]
      orientation:
        - [-0.9808244613571325, -0.1448676407462459, -0.1303715879322782]
        - [-0.0001284847724090162, -0.6684575985474055, 0.7437502119644694]
        - [-0.1948932171027416, 0.7295051458438518, 0.6556209447942599]
step_25:
  tf_mat_link2_0_flan2:
    target_pose:
      position: [0.3923077605437211, -0.1087402153610793, 0.1867213846464011]
      orientation:
        - [-0.9808257669959046, 0.1448606594549878, 0.1303695225699809]
        - [0.1948866441618476, 0.729506045526166, 0.6556218976641204]
        - [-0.0001315344184128947, 0.6684581297235691, -0.7437497341094599]
  tf_mat_link3_0_flan3:
    target_pose:
      position: [0.4372874183335534, 0.03212627095891749, -0.01545030114731949]
      orientation:
        - [-0.9808244613571325, -0.1448676407462459, -0.1303715879322782]
        - [-0.0001284847724090162, -0.6684575985474055, 0.7437502119644694]
        - [-0.1948932171027416, 0.7295051458438518, 0.6556209447942599]
step_26:
  tf_mat_link2_0_flan2:
    target_pose:
      position: [0.392310674515487, -0.1087256513346169, 0.1867347375031254]
      orientation:
        - [-0.9808257669959046, 0.1448606594549878, 0.1303695225699809]
        - [0.1948866441618476, 0.729506045526166, 0.6556218976641204]
        - [-0.0001315344184128947, 0.6684581297235691, -0.7437497341094599]
  tf_mat_link3_0_flan3:
    target_pose:
      position: [0.4372903323008702, 0.03213962380493818, -0.01546486518448553]
      orientation:
        - [-0.9808244613571325, -0.1448676407462459, -0.1303715879322782]
        - [-0.0001284847724090162, -0.6684575985474055, 0.7437502119644694]
        - [-0.1948932171027416, 0.7295051458438518, 0.6556209447942599]
step_27:
  tf_mat_link2_0_flan2:
    target_pose:
      position: [0.3923135455672281, -0.1087110620314231, 0.186748096848146]
      orientation:
        - [-0.9808257669959046, 0.1448606594549878, 0.1303695225699809]
        - [0.1948866441618476, 0.729506045526166, 0.6556218976641204]
        - [-0.0001315344184128947, 0.6684581297235691, -0.7437497341094599]
  tf_mat_link3_0_flan3:
    target_pose:
      position: [0.4372932033480937, 0.03215298313941281, -0.0154794544982253]
      orientation:
        - [-0.9808244613571325, -0.1448676407462459, -0.1303715879322782]
        - [-0.0001284847724090162, -0.6684575985474055, 0.7437502119644694]
        - [-0.1948932171027416, 0.7295051458438518, 0.6556209447942599]
step_28:
  tf_mat_link2_0_flan2:
    target_pose:
      position: [0.392316459538994, -0.1086964980049607, 0.1867614497048704]
      orientation:
        - [-0.9808257669959051, 0.1448606594549878, 0.1303695225699809]
        - [0.1948866441618477, 0.729506045526166, 0.6556218976641206]
        - [-0.0001315344184128948, 0.6684581297235694, -0.7437497341094601]
  tf_mat_link3_0_flan3:
    target_pose:
      position: [0.4372961173154106, 0.03216633598543348, -0.01549401853539134]
      orientation:
        - [-0.980824461357133, -0.1448676407462458, -0.1303715879322783]
        - [-0.0001284847724090163, -0.6684575985474059, 0.7437502119644696]
        - [-0.1948932171027417, 0.7295051458438517, 0.65562094479426]
step_29:
  tf_mat_link2_0_flan2:
    target_pose:
      position: [0.3923193305907353, -0.1086819087017667, 0.1867748090498909]
      orientation:
        - [-0.9808257669959046, 0.1448606594549878, 0.1303695225699809]
        - [0.1948866441618476, 0.729506045526166, 0.6556218976641204]
        - [-0.0001315344184128947, 0.6684581297235691, -0.7437497341094599]
  tf_mat_link3_0_flan3:
    target_pose:
      position: [0.4372989883626339, 0.03217969531990822, -0.01550860784913111]
      orientation:
        - [-0.9808244613571325, -0.1448676407462459, -0.1303715879322782]
        - [-0.0001284847724090162, -0.6684575985474055, 0.7437502119644694]
        - [-0.1948932171027416, 0.7295051458438518, 0.6556209447942599]
step_30:
  tf_mat_link2_0_flan2:
    target_pose:
      position: [0.392322244562501, -0.1086673446753044, 0.1867881619066152]
      orientation:
        - [-0.9808257669959046, 0.1448606594549878, 0.1303695225699809]
        - [0.1948866441618476, 0.729506045526166, 0.6556218976641204]
        - [-0.0001315344184128947, 0.6684581297235691, -0.7437497341094599]
  tf_mat_link3_0_flan3:
    target_pose:
      position: [0.4373019023299509, 0.03219304816592888, -0.01552317188629715]
      orientation:
        - [-0.9808244613571325, -0.1448676407462459, -0.1303715879322782]
        - [-0.0001284847724090162, -0.6684575985474055, 0.7437502119644694]
        - [-0.1948932171027416, 0.7295051458438518, 0.6556209447942599]
step_31:
  tf_mat_link2_0_flan2:
    target_pose:
      position: [0.3923251156142425, -0.1086527553721106, 0.1868015212516358]
      orientation:
        - [-0.9808257669959046, 0.1448606594549878, 0.1303695225699809]
        - [0.1948866441618476, 0.729506045526166, 0.6556218976641204]
        - [-0.0001315344184128947, 0.6684581297235691, -0.7437497341094599]
  tf_mat_link3_0_flan3:
    target_pose:
      position: [0.4373047733771744, 0.03220640750040352, -0.01553776120003691]
      orientation:
        - [-0.9808244613571325, -0.1448676407462459, -0.1303715879322782]
        - [-0.0001284847724090162, -0.6684575985474055, 0.7437502119644694]
        - [-0.1948932171027416, 0.7295051458438518, 0.6556209447942599]
step_32:
  tf_mat_link2_0_flan2:
    target_pose:
      position: [0.3923280308918481, -0.108638192085257, 0.1868148739358924]
      orientation:
        - [-0.9808257669959046, 0.1448606594549878, 0.1303695225699809]
        - [0.1948866441618476, 0.729506045526166, 0.6556218976641204]
        - [-0.0001315344184128947, 0.6684581297235691, -0.7437497341094599]
  tf_mat_link3_0_flan3:
    target_pose:
      position: [0.4373076886503332, 0.03221976017395178, -0.0155523244975988]
      orientation:
        - [-0.9808244613571325, -0.1448676407462459, -0.1303715879322782]
        - [-0.0001284847724090162, -0.6684575985474055, 0.7437502119644694]
        - [-0.1948932171027416, 0.7295051458438518, 0.6556209447942599]
step_33:
  tf_mat_link2_0_flan2:
    target_pose:
      position: [0.3923309019435895, -0.1086236027820633, 0.1868282332809131]
      orientation:
        - [-0.9808257669959046, 0.1448606594549878, 0.1303695225699809]
        - [0.1948866441618476, 0.729506045526166, 0.6556218976641204]
        - [-0.0001315344184128947, 0.6684581297235691, -0.7437497341094599]
  tf_mat_link3_0_flan3:
    target_pose:
      position: [0.4373105596975567, 0.03223311950842644, -0.01556691381133851]
      orientation:
        - [-0.9808244613571325, -0.1448676407462459, -0.1303715879322782]
        - [-0.0001284847724090162, -0.6684575985474055, 0.7437502119644694]
        - [-0.1948932171027416, 0.7295051458438518, 0.6556209447942599]
step_34:
  tf_mat_link2_0_flan2:
    target_pose:
      position: [0.3923338146095153, -0.108609038015992, 0.186841586310105]
      orientation:
        - [-0.9808257669959046, 0.1448606594549878, 0.1303695225699809]
        - [0.1948866441618476, 0.729506045526166, 0.6556218976641204]
        - [-0.0001315344184128947, 0.6684581297235691, -0.7437497341094599]
  tf_mat_link3_0_flan3:
    target_pose:
      position: [0.4373134723590313, 0.03224647252691959, -0.01558147858810871]
      orientation:
        - [-0.9808244613571325, -0.1448676407462459, -0.1303715879322782]
        - [-0.0001284847724090162, -0.6684575985474055, 0.7437502119644694]
        - [-0.1948932171027416, 0.7295051458438518, 0.6556209447942599]
step_35:
  tf_mat_link2_0_flan2:
    target_pose:
      position: [0.392336727275441, -0.1085944732499207, 0.1868549393392969]
      orientation:
        - [-0.9808257669959046, 0.1448606594549878, 0.1303695225699809]
        - [0.1948866441618476, 0.729506045526166, 0.6556218976641204]
        - [-0.0001315344184128947, 0.6684581297235691, -0.7437497341094599]
  tf_mat_link3_0_flan3:
    target_pose:
      position: [0.437316385020506, 0.03225982554541273, -0.01559604336487885]
      orientation:
        - [-0.9808244613571325, -0.1448676407462459, -0.1303715879322782]
        - [-0.0001284847724090162, -0.6684575985474055, 0.7437502119644694]
        - [-0.1948932171027416, 0.7295051458438518, 0.6556209447942599]
step_36:
  tf_mat_link2_0_flan2:
    target_pose:
      position: [0.3923396009388623, -0.1085798854259447, 0.1868682983393822]
      orientation:
        - [-0.9808257669959046, 0.1448606594549878, 0.1303695225699809]
        - [0.1948866441618476, 0.729506045526166, 0.6556218976641204]
        - [-0.0001315344184128947, 0.6684581297235691, -0.7437497341094599]
  tf_mat_link3_0_flan3:
    target_pose:
      position: [0.4373192586794137, 0.03227318453494246, -0.01561063119941036]
      orientation:
        - [-0.9808244613571325, -0.1448676407462459, -0.1303715879322782]
        - [-0.0001284847724090162, -0.6684575985474055, 0.7437502119644694]
        - [-0.1948932171027416, 0.7295051458438518, 0.6556209447942599]
step_37:
  tf_mat_link2_0_flan2:
    target_pose:
      position: [0.3923425136047881, -0.1085653206598732, 0.1868816513685742]
      orientation:
        - [-0.9808257669959046, 0.1448606594549878, 0.1303695225699809]
        - [0.1948866441618476, 0.729506045526166, 0.6556218976641204]
        - [-0.0001315344184128947, 0.6684581297235691, -0.7437497341094599]
  tf_mat_link3_0_flan3:
    target_pose:
      position: [0.4373221713408884, 0.03228653755343566, -0.01562519597618056]
      orientation:
        - [-0.9808244613571325, -0.1448676407462459, -0.1303715879322782]
        - [-0.0001284847724090162, -0.6684575985474055, 0.7437502119644694]
        - [-0.1948932171027416, 0.7295051458438518, 0.6556209447942599]
step_38:
  tf_mat_link2_0_flan2:
    target_pose:
      position: [0.3923453846565294, -0.1085507313566796, 0.1868950107135948]
      orientation:
        - [-0.9808257669959046, 0.1448606594549878, 0.1303695225699809]
        - [0.1948866441618476, 0.729506045526166, 0.6556218976641204]
        - [-0.0001315344184128947, 0.6684581297235691, -0.7437497341094599]
  tf_mat_link3_0_flan3:
    target_pose:
      position: [0.4373250423881118, 0.03229989688791024, -0.01563978528992027]
      orientation:
        - [-0.9808244613571325, -0.1448676407462459, -0.1303715879322782]
        - [-0.0001284847724090162, -0.6684575985474055, 0.7437502119644694]
        - [-0.1948932171027416, 0.7295051458438518, 0.6556209447942599]
step_39:
  tf_mat_link2_0_flan2:
    target_pose:
      position: [0.3923482999341352, -0.108536168069826, 0.1869083633978514]
      orientation:
        - [-0.9808257669959046, 0.1448606594549878, 0.1303695225699809]
        - [0.1948866441618476, 0.729506045526166, 0.6556218976641204]
        - [-0.0001315344184128947, 0.6684581297235691, -0.7437497341094599]
  tf_mat_link3_0_flan3:
    target_pose:
      position: [0.4373279576612709, 0.03231324956145853, -0.01565434858748216]
      orientation:
        - [-0.9808244613571325, -0.1448676407462459, -0.1303715879322782]
        - [-0.0001284847724090162, -0.6684575985474055, 0.7437502119644694]
        - [-0.1948932171027416, 0.7295051458438518, 0.6556209447942599]
step_40:
  tf_mat_link2_0_flan2:
    target_pose:
      position: [0.3923511709858766, -0.1085215787666323, 0.1869217227428719]
      orientation:
        - [-0.9808257669959046, 0.1448606594549878, 0.1303695225699809]
        - [0.1948866441618476, 0.729506045526166, 0.6556218976641204]
        - [-0.0001315344184128947, 0.6684581297235691, -0.7437497341094599]
  tf_mat_link3_0_flan3:
    target_pose:
      position: [0.4373308287084942, 0.03232660889593314, -0.01566893790122192]
      orientation:
        - [-0.9808244613571325, -0.1448676407462459, -0.1303715879322782]
        - [-0.0001284847724090162, -0.6684575985474055, 0.7437502119644694]
        - [-0.1948932171027416, 0.7295051458438518, 0.6556209447942599]
step_41:
  tf_mat_link2_0_flan2:
    target_pose:
      position: [0.3923540836518021, -0.1085070140005608, 0.1869350757720639]
      orientation:
        - [-0.9808257669959046, 0.1448606594549878, 0.1303695225699809]
        - [0.1948866441618476, 0.729506045526166, 0.6556218976641204]
        - [-0.0001315344184128947, 0.6684581297235691, -0.7437497341094599]
  tf_mat_link3_0_flan3:
    target_pose:
      position: [0.4373337413699688, 0.03233996191442631, -0.01568350267799212]
      orientation:
        - [-0.9808244613571325, -0.1448676407462459, -0.1303715879322782]
        - [-0.0001284847724090162, -0.6684575985474055, 0.7437502119644694]
        - [-0.1948932171027416, 0.7295051458438518, 0.6556209447942599]
step_42:
  tf_mat_link2_0_flan2:
    target_pose:
      position: [0.3923569547035436, -0.1084924246973671, 0.1869484351170846]
      orientation:
        - [-0.9808257669959046, 0.1448606594549878, 0.1303695225699809]
        - [0.1948866441618476, 0.729506045526166, 0.6556218976641204]
        - [-0.0001315344184128947, 0.6684581297235691, -0.7437497341094599]
  tf_mat_link3_0_flan3:
    target_pose:
      position: [0.4373366124171923, 0.03235332124890095, -0.01569809199173189]
      orientation:
        - [-0.9808244613571325, -0.1448676407462459, -0.1303715879322782]
        - [-0.0001284847724090162, -0.6684575985474055, 0.7437502119644694]
        - [-0.1948932171027416, 0.7295051458438518, 0.6556209447942599]
step_43:
  tf_mat_link2_0_flan2:
    target_pose:
      position: [0.3923598699811494, -0.1084778614105135, 0.1869617878013412]
      orientation:
        - [-0.9808257669959046, 0.1448606594549878, 0.1303695225699809]
        - [0.1948866441618476, 0.729506045526166, 0.6556218976641204]
        - [-0.0001315344184128947, 0.6684581297235691, -0.7437497341094599]
  tf_mat_link3_0_flan3:
    target_pose:
      position: [0.4373395276903512, 0.03236667392244927, -0.01571265528929383]
      orientation:
        - [-0.9808244613571325, -0.1448676407462459, -0.1303715879322782]
        - [-0.0001284847724090162, -0.6684575985474055, 0.7437502119644694]
        - [-0.1948932171027416, 0.7295051458438518, 0.6556209447942599]
step_44:
  tf_mat_link2_0_flan2:
    target_pose:
      position: [0.3923627826470751, -0.1084632966444422, 0.1869751408305332]
      orientation:
        - [-0.9808257669959046, 0.1448606594549878, 0.1303695225699809]
        - [0.1948866441618476, 0.729506045526166, 0.6556218976641204]
        - [-0.0001315344184128947, 0.6684581297235691, -0.7437497341094599]
  tf_mat_link3_0_flan3:
    target_pose:
      position: [0.437342440351826, 0.03238002694094241, -0.01572722006606397]
      orientation:
        - [-0.9808244613571325, -0.1448676407462459, -0.1303715879322782]
        - [-0.0001284847724090162, -0.6684575985474055, 0.7437502119644694]
        - [-0.1948932171027416, 0.7295051458438518, 0.6556209447942599]
step_45:
  tf_mat_link2_0_flan2:
    target_pose:
      position: [0.3923656536988165, -0.1084487073412485, 0.1869885001755537]
      orientation:
        - [-0.9808257669959046, 0.1448606594549878, 0.1303695225699809]
        - [0.1948866441618476, 0.729506045526166, 0.6556218976641204]
        - [-0.0001315344184128947, 0.6684581297235691, -0.7437497341094599]
  tf_mat_link3_0_flan3:
    target_pose:
      position: [0.4373453113990494, 0.03239338627541699, -0.01574180937980374]
      orientation:
        - [-0.9808244613571325, -0.1448676407462459, -0.1303715879322782]
        - [-0.0001284847724090162, -0.6684575985474055, 0.7437502119644694]
        - [-0.1948932171027416, 0.7295051458438518, 0.6556209447942599]
step_46:
  tf_mat_link2_0_flan2:
    target_pose:
      position: [0.3923685689764222, -0.1084341440543949, 0.1870018528598104]
      orientation:
        - [-0.9808257669959046, 0.1448606594549878, 0.1303695225699809]
        - [0.1948866441618476, 0.729506045526166, 0.6556218976641204]
        - [-0.0001315344184128947, 0.6684581297235691, -0.7437497341094599]
  tf_mat_link3_0_flan3:
    target_pose:
      position: [0.4373482266722083, 0.03240673894896529, -0.01575637267736563]
      orientation:
        - [-0.9808244613571325, -0.1448676407462459, -0.1303715879322782]
        - [-0.0001284847724090162, -0.6684575985474055, 0.7437502119644694]
        - [-0.1948932171027416, 0.7295051458438518, 0.6556209447942599]
step_47:
  tf_mat_link2_0_flan2:
    target_pose:
      position: [0.3923714400281636, -0.1084195547512011, 0.187015212204831]
      orientation:
        - [-0.9808257669959046, 0.1448606594549878, 0.1303695225699809]
        - [0.1948866441618476, 0.729506045526166, 0.6556218976641204]
        - [-0.0001315344184128947, 0.6684581297235691, -0.7437497341094599]
  tf_mat_link3_0_flan3:
    target_pose:
      position: [0.4373510977194318, 0.03242009828343992, -0.01577096199110539]
      orientation:
        - [-0.9808244613571325, -0.1448676407462459, -0.1303715879322782]
        - [-0.0001284847724090162, -0.6684575985474055, 0.7437502119644694]
        - [-0.1948932171027416, 0.7295051458438518, 0.6556209447942599]
step_48:
  tf_mat_link2_0_flan2:
    target_pose:
      position: [0.3923743526940893, -0.1084049899851298, 0.1870285652340229]
      orientation:
        - [-0.9808257669959046, 0.1448606594549878, 0.1303695225699809]
        - [0.1948866441618476, 0.729506045526166, 0.6556218976641204]
        - [-0.0001315344184128947, 0.6684581297235691, -0.7437497341094599]
  tf_mat_link3_0_flan3:
    target_pose:
      position: [0.4373540103809064, 0.03243345130193306, -0.01578552676787559]
      orientation:
        - [-0.9808244613571325, -0.1448676407462459, -0.1303715879322782]
        - [-0.0001284847724090162, -0.6684575985474055, 0.7437502119644694]
        - [-0.1948932171027416, 0.7295051458438518, 0.6556209447942599]
step_49:
  tf_mat_link2_0_flan2:
    target_pose:
      position: [0.3923772237458307, -0.1083904006819361, 0.1870419245790435]
      orientation:
        - [-0.9808257669959046, 0.1448606594549878, 0.1303695225699809]
        - [0.1948866441618476, 0.729506045526166, 0.6556218976641204]
        - [-0.0001315344184128947, 0.6684581297235691, -0.7437497341094599]
  tf_mat_link3_0_flan3:
    target_pose:
      position: [0.4373568814281299, 0.0324468106364077, -0.01580011608161525]
      orientation:
        - [-0.9808244613571325, -0.1448676407462459, -0.1303715879322782]
        - [-0.0001284847724090162, -0.6684575985474055, 0.7437502119644694]
        - [-0.1948932171027416, 0.7295051458438518, 0.6556209447942599]
step_50:
  tf_mat_link2_0_flan2:
    target_pose:
      position: [0.3923801390234364, -0.1083758373950825, 0.1870552772633002]
      orientation:
        - [-0.9808257669959046, 0.1448606594549878, 0.1303695225699809]
        - [0.1948866441618476, 0.729506045526166, 0.6556218976641204]
        - [-0.0001315344184128947, 0.6684581297235691, -0.7437497341094599]
  tf_mat_link3_0_flan3:
    target_pose:
      position: [0.4373597967012889, 0.03246016330995599, -0.01581467937917719]
      orientation:
        - [-0.9808244613571325, -0.1448676407462459, -0.1303715879322782]
        - [-0.0001284847724090162, -0.6684575985474055, 0.7437502119644694]
        - [-0.1948932171027416, 0.7295051458438518, 0.6556209447942599]
step_51:
  tf_mat_link2_0_flan2:
    target_pose:
      position: [0.3923830100751777, -0.1083612480918887, 0.1870686366083208]
      orientation:
        - [-0.9808257669959046, 0.1448606594549878, 0.1303695225699809]
        - [0.1948866441618476, 0.729506045526166, 0.6556218976641204]
        - [-0.0001315344184128947, 0.6684581297235691, -0.7437497341094599]
  tf_mat_link3_0_flan3:
    target_pose:
      position: [0.4373626677485123, 0.03247352264443062, -0.01582926869291695]
      orientation:
        - [-0.9808244613571325, -0.1448676407462459, -0.1303715879322782]
        - [-0.0001284847724090162, -0.6684575985474055, 0.7437502119644694]
        - [-0.1948932171027416, 0.7295051458438518, 0.6556209447942599]
step_52:
  tf_mat_link2_0_flan2:
    target_pose:
      position: [0.3923859227411035, -0.1083466833258174, 0.1870819896375127]
      orientation:
        - [-0.9808257669959046, 0.1448606594549878, 0.1303695225699809]
        - [0.1948866441618476, 0.729506045526166, 0.6556218976641204]
        - [-0.0001315344184128947, 0.6684581297235691, -0.7437497341094599]
  tf_mat_link3_0_flan3:
    target_pose:
      position: [0.4373655804099871, 0.03248687566292377, -0.0158438334696871]
      orientation:
        - [-0.9808244613571325, -0.1448676407462459, -0.1303715879322782]
        - [-0.0001284847724090162, -0.6684575985474055, 0.7437502119644694]
        - [-0.1948932171027416, 0.7295051458438518, 0.6556209447942599]
step_53:
  tf_mat_link2_0_flan2:
    target_pose:
      position: [0.3923887964045247, -0.1083320955018414, 0.1870953486375981]
      orientation:
        - [-0.9808257669959046, 0.1448606594549878, 0.1303695225699809]
        - [0.1948866441618476, 0.729506045526166, 0.6556218976641204]
        - [-0.0001315344184128947, 0.6684581297235691, -0.7437497341094599]
  tf_mat_link3_0_flan3:
    target_pose:
      position: [0.4373684540688946, 0.03250023465245355, -0.01585842130421866]
      orientation:
        - [-0.9808244613571325, -0.1448676407462459, -0.1303715879322782]
        - [-0.0001284847724090162, -0.6684575985474055, 0.7437502119644694]
        - [-0.1948932171027416, 0.7295051458438518, 0.6556209447942599]
step_54:
  tf_mat_link2_0_flan2:
    target_pose:
      position: [0.3923917090704506, -0.1083175307357701, 0.1871087016667899]
      orientation:
        - [-0.9808257669959046, 0.1448606594549878, 0.1303695225699809]
        - [0.1948866441618476, 0.729506045526166, 0.6556218976641204]
        - [-0.0001315344184128947, 0.6684581297235691, -0.7437497341094599]
  tf_mat_link3_0_flan3:
    target_pose:
      position: [0.4373713667303695, 0.0325135876709467, -0.0158729860809888]
      orientation:
        - [-0.9808244613571325, -0.1448676407462459, -0.1303715879322782]
        - [-0.0001284847724090162, -0.6684575985474055, 0.7437502119644694]
        - [-0.1948932171027416, 0.7295051458438518, 0.6556209447942599]
step_55:
  tf_mat_link2_0_flan2:
    target_pose:
