step_0:
  tf_mat_link2_0_flan2:
    target_pose:
      position: [0.4778573021896313, 0.01192881640174065, 0.2213857908165393]
      orientation:
        - [-0.9892050120304346, 0.1465332324662102, -0.001210144646387847]
        - [0.1025161037275551, 0.6979113366901735, 0.7088089739607439]
        - [0.1047086438133893, 0.7010333303281434, -0.7053994082566759]
  tf_mat_link3_0_flan3:
    target_pose:
      position: [0.477326894453114, 0.01300810989931328, -0.2218060363953275]
      orientation:
        - [-0.989203936345144, -0.1465405110256917, 0.001208072218041294]
        - [0.1047122452812585, -0.7010320228035445, 0.7054001729947017]
        - [-0.102522804517631, 0.6979111217433377, 0.7088082163596177]
step_1:
  tf_mat_link2_0_flan2:
    target_pose:
      position: [0.4777434430707498, 0.01194064460259153, 0.2213978276699319]
      orientation:
        - [-0.9892055096920513, 0.1465332324619613, -0.0006927159775825683]
        - [0.1028868504256474, 0.6979113394138741, 0.7087552506321119]
        - [0.1043396522254134, 0.7010333276114844, -0.7054540849862392]
  tf_mat_link3_0_flan3:
    target_pose:
      position: [0.4774407039493299, 0.01299608976639038, -0.2217942255512185]
      orientation:
        - [-0.9892044329227277, -0.1465405110250709, 0.0006906435491109336]
        - [0.1043432532934289, -0.7010320227976518, 0.7054548489141184]
        - [-0.1028935508192356, 0.6979111217433838, 0.7087544922079541]
step_2:
  tf_mat_link2_0_flan2:
    target_pose:
      position: [0.4776296295174765, 0.0119524998947787, 0.2214098063043383]
      orientation:
        - [-0.989205736699283, 0.1465332324597019, -0.0001752870589510536]
        - [0.1032575690148532, 0.6979113421373675, 0.7087013333759602]
        - [0.1039706320448465, 0.7010333248946266, -0.7055085687041524]
  tf_mat_link3_0_flan3:
    target_pose:
      position: [0.4775545591205144, 0.01298409633953201, -0.2217823564705961]
      orientation:
        - [-0.9892046588459266, -0.1465405110244512, 0.0001732146309213691]
        - [0.103974232713432, -0.7010320227917705, 0.705509331821676]
        - [-0.1032642690115233, 0.6979111217434294, 0.7087005741289786]
step_3:
  tf_mat_link2_0_flan2:
    target_pose:
      position: [0.4775157702715603, 0.01196441344660332, 0.2214217582557648]
      orientation:
        - [-0.9892056930520378, 0.1465332324594322, 0.0003421417870431075]
        - [0.1036282592641447, 0.6979113448606528, 0.7086472222259245]
        - [0.1036015835016682, 0.7010333221775731, -0.7055628593764962]
  tf_mat_link3_0_flan3:
    target_pose:
      position: [0.4776683685665343, 0.01297216117000377, -0.2217704603362254]
      orientation:
        - [-0.9892046141146493, -0.1465405110238329, -0.000344214214063811]
        - [0.1036051837712478, -0.7010320227859019, 0.7055636216834555]
        - [-0.1036349588634664, 0.697911121743475, 0.7086464621563267]
step_4:
  tf_mat_link2_0_flan2:
    target_pose:
      position: [0.4774019568805326, 0.01197635399637736, 0.2214336518936687]
      orientation:
        - [-0.989205378750202, 0.1465332324611522, 0.0008595707806084284]
        - [0.1039989213312712, 0.6979113475837311, 0.7085929171589076]
        - [0.1032325064388082, 0.7010333194603224, -0.7056169570263082]
  tf_mat_link3_0_flan3:
    target_pose:
      position: [0.4777822239318111, 0.0129602526167904, -0.2217585058765925]
      orientation:
        - [-0.9892042987287812, -0.1465405110232159, -0.0008616432060531201]
        - [0.1032361063098058, -0.7010320227800455, 0.7056177185224944]
        - [-0.104005620532814, 0.6979111217435208, 0.7085921562669013]
step_5:
  tf_mat_link2_0_flan2:
    target_pose:
      position: [0.4772880977078284, 0.01198835285717509, 0.221445518900738]
      orientation:
        - [-0.9892047937941528, 0.1465332324648616, 0.001376999297797258]
        - [0.1043695547692652, 0.6979113503065988, 0.7085384182403947]
        - [0.1028634013013222, 0.7010333167428771, -0.7056708615883532]
  tf_mat_link3_0_flan3:
    target_pose:
      position: [0.4778960333052441, 0.01294840239161971, -0.2217465244332484]
      orientation:
        - [-0.9892037126887019, -0.1465405110226001, -0.001379071721098908]
        - [0.1028670007741621, -0.7010320227742007, 0.7056716222735581]
        - [-0.1043762535725993, 0.6979111217435661, 0.7085376565261884]
step_6:
  tf_mat_link2_0_flan2:
    target_pose:
      position: [0.4771742841496532, 0.01200037882521793, 0.2214573277051032]
      orientation:
        - [-0.9892039381839689, 0.1465332324705607, 0.001894427438224421]
        - [0.1047401596495008, 0.6979113530292566, 0.7084837254600287]
        - [0.1024942680181704, 0.7010333140252373, -0.7057245730731444]
  tf_mat_link3_0_flan3:
    target_pose:
      position: [0.4780098881268686, 0.01293657891766059, -0.2217344847981935]
      orientation:
        - [-0.9892028559944885, -0.1465405110219856, -0.001896499858815999]
        - [0.1024978670932768, -0.7010320227683683, 0.7057253329471601]
        - [-0.1047468580541961, 0.6979111217436115, 0.7084829629238308]
step_7:
  tf_mat_link2_0_flan2:
    target_pose:
      position: [0.477060425174745, 0.01201246298184627, 0.2214691097548567]
      orientation:
        - [-0.9892028119198822, 0.1465332324782493, 0.002411855060317494]
        - [0.1051107358705773, 0.6979113557517036, 0.7084288388327741]
        - [0.1021251066903504, 0.7010333113074022, -0.7057780914659851]
  tf_mat_link3_0_flan3:
    target_pose:
      position: [0.4781236973031312, 0.0129248136498063, -0.221722418059018]
      orientation:
        - [-0.9892017286463739, -0.1465405110213723, -0.002413927477631972]
        - [0.1021287053681478, -0.7010320227625467, 0.7057788505286036]
        - [-0.1051174338762039, 0.6979111217436568, 0.7084280754747935]
step_8:
  tf_mat_link2_0_flan2:
    target_pose:
      position: [0.4769466118766579, 0.01202457423912345, 0.221480833595452]
      orientation:
        - [-0.9892014150022032, 0.1465332324879276, 0.002929282022503934]
        - [0.1054812833311022, 0.6979113584739396, 0.7083737583736484]
        - [0.101755917418868, 0.7010333085893748, -0.7058314167522336]
  tf_mat_link3_0_flan3:
    target_pose:
      position: [0.478237551865293, 0.01291307513961792, -0.2217102931347277]
      orientation:
        - [-0.9892003306446688, -0.1465405110207603, -0.002931354435974283]
        - [0.1017595156997808, -0.7010320227567378, 0.7058321750032471]
        - [-0.1054879809372303, 0.6979111217437021, 0.7083729941940936]
step_9:
  tf_mat_link2_0_flan2:
    target_pose:
      position: [0.4768327538294324, 0.01203674344687472, 0.2214925304401681]
      orientation:
        - [-0.9891997474296317, 0.1465332324995955, 0.003446708665583905]
        - [0.1058518022750947, 0.6979113611959658, 0.7083184840461021]
        - [0.1013866999605191, 0.7010333058711522, -0.7058845489667415]
  tf_mat_link3_0_flan3:
    target_pose:
      position: [0.4783513615373484, 0.01290139458537243, -0.2216981408587338]
      orientation:
        - [-0.9891986619880726, -0.1465405110201496, -0.003448781074643097]
        - [0.1013902978449715, -0.701032022750941, 0.7058853064059416]
        - [-0.1058584994812942, 0.6979111217437473, 0.7083177190451817]
step_10:
  tf_mat_link2_0_flan2:
    target_pose:
      position: [0.4767189409160166, 0.01204893998016326, 0.2215041693041152]
      orientation:
        - [-0.9891978092057345, 0.146533232513253, 0.003964133883239977]
        - [0.106222291910343, 0.6979113639177766, 0.708263015968318]
        - [0.101017455104733, 0.7010333031527404, -0.7059374879959059]
  tf_mat_link3_0_flan3:
    target_pose:
      position: [0.4784652157154642, 0.01288974105183377, -0.2216859306584308]
      orientation:
        - [-0.9891967226801539, -0.1465405110195401, -0.003966206287320987]
        - [0.1010210525931501, -0.7010320227451561, 0.7059382446230865]
        - [-0.1062289887161847, 0.6979111217437921, 0.708262250146242]
step_11:
  tf_mat_link2_0_flan2:
    target_pose:
      position: [0.4766051282416555, 0.01206117914643501, 0.2215157656749723]
      orientation:
        - [-0.9891956003296117, 0.1465332325288999, 0.004481558016273476]
        - [0.1065927524809087, 0.6979113666393737, 0.708207354104033]
        - [0.1006481826083468, 0.7010333004341369, -0.7059902338748654]
  tf_mat_link3_0_flan3:
    target_pose:
      position: [0.4785790696548381, 0.01287813001138582, -0.2216736778251437]
      orientation:
        - [-0.9891945127200126, -0.1465405110189318, -0.00448363041480928]
        - [0.1006517797011533, -0.7010320227393827, 0.7059909896898191]
        - [-0.1065994488859632, 0.6979111217438371, 0.7082065874610111]
step_12:
  tf_mat_link2_0_flan2:
    target_pose:
      position: [0.4764912703062901, 0.01207347648465557, 0.2215273352752277]
      orientation:
        - [-0.9891931208018701, 0.1465332325465366, 0.004998980923112943]
        - [0.1069631838854313, 0.6979113693607566, 0.708151498468477]
        - [0.1002788825723965, 0.7010332977153437, -0.7060427865891882]
  tf_mat_link3_0_flan3:
    target_pose:
      position: [0.4786928777931212, 0.01286657719303347, -0.2216613979043721]
      orientation:
        - [-0.989192032108255, -0.1465405110183249, -0.005001053315536519]
        - [0.1002824792700174, -0.7010320227336218, 0.7060435415917083]
        - [-0.1069698798892691, 0.6979111217438819, 0.7081507310047187]
step_13:
  tf_mat_link2_0_flan2:
    target_pose:
      position: [0.4763774582034747, 0.01208580090683015, 0.2215388466503927]
      orientation:
        - [-0.989190370623186, 0.1465332325661627, 0.005516402462187255]
        - [0.1073335860225574, 0.6979113720819244, 0.7080954490769323]
        - [0.09990955509792553, 0.7010332949963609, -0.7060951461244958]
  tf_mat_link3_0_flan3:
    target_pose:
      position: [0.4788067311615746, 0.01285505114827995, -0.2216490598151803]
      orientation:
        - [-0.9891892808455588, -0.1465405110177192, -0.005518474847931581]
        - [0.09991315140078581, -0.7010320227278728, 0.7060959003143759]
        - [-0.1073402816247493, 0.6979111217439269, 0.7080946807926477]
step_14:
  tf_mat_link2_0_flan2:
    target_pose:
      position: [0.4762636009019466, 0.01209818349421693, 0.2215503312486412]
      orientation:
        - [-0.9891873497943144, 0.1465332325877786, 0.006033822491925731]
        - [0.1077039587909423, 0.6979113748028759, 0.708039205944735]
        - [0.09954020028598505, 0.7010332922771902, -0.7061473124664623]
  tf_mat_link3_0_flan3:
    target_pose:
      position: [0.478920538666646, 0.0128435833319368, -0.2216366946452401]
      orientation:
        - [-0.9891862589326786, -0.1465405110171148, -0.006035894870423789]
        - [0.09954379619450983, -0.7010320227221369, 0.706148065843496]
        - [-0.1077106539910592, 0.6979111217439713, 0.7080384368401343]
step_15:
  tf_mat_link2_0_flan2:
    target_pose:
      position: [0.4761497894952592, 0.01211059315879809, 0.2215617576155075]
      orientation:
        - [-0.9891840583160781, 0.146533232611384, 0.006551240870758188]
        - [0.1080743020892485, 0.6979113775236112, 0.7079827690872732]
        - [0.09917081823763314, 0.7010332895578306, -0.706199285600813]
  tf_mat_link3_0_flan3:
    target_pose:
      position: [0.4790343913395968, 0.01283214229548452, -0.2216242713136389]
      orientation:
        - [-0.9891829663704376, -0.1465405110165117, -0.006553313241442962]
        - [0.0991744137522477, -0.7010320227164121, 0.7062000381647942]
        - [-0.1080809968868614, 0.6979111217440158, 0.7079819991625669]
step_16:
  tf_mat_link2_0_flan2:
    target_pose:
      position: [0.4760359335574552, 0.01212306075059522, 0.221573156964075]
      orientation:
        - [-0.9891804961859332, 0.1465332326369788, 0.007068657939477437]
        - [0.1084446161613602, 0.6979113802441316, 0.7079261384671038]
        - [0.09880140870954018, 0.7010332868382809, -0.7062510655615111]
  tf_mat_link3_0_flan3:
    target_pose:
      position: [0.4791481989044196, 0.01282075923739523, -0.2216118206535913]
      orientation:
        - [-0.9891794031562908, -0.1465405110159098, -0.007070730301781901]
        - [0.09880500383066944, -0.701032022710699, 0.7062518173122329]
        - [-0.1084513105560397, 0.6979111217440603, 0.7079253677225018]
step_17:
  tf_mat_link2_0_flan2:
    target_pose:
      position: [0.4759221223661722, 0.01213555587520737, 0.2215844985452435]
      orientation:
        - [-0.9891766634151945, 0.1465332326645633, 0.007586072109425767]
        - [0.1088148998703185, 0.6979113829644289, 0.7078693142583753]
        - [0.09843197283596689, 0.7010332841185503, -0.7063026521898425]
  tf_mat_link3_0_flan3:
    target_pose:
      position: [0.4792620499397414, 0.01280940347807363, -0.2215993123476505]
      orientation:
        - [-0.9891755693015574, -0.1465405110153092, -0.007588144462782925]
        - [0.09843556756403707, -0.7010320227049984, 0.7063034031271008]
        - [-0.1088215938616366, 0.6979111217441046, 0.7078685426940902]
step_18:
  tf_mat_link2_0_flan2:
    target_pose:
      position: [0.4758082673113686, 0.01214810868907196, 0.2215958128666983]
      orientation:
        - [-0.9891725599906184, 0.1465332326941373, 0.008103485168481637]
        - [0.1091851544956056, 0.6979113856845123, 0.7078122962647361]
        - [0.09806250934036052, 0.7010332813986278, -0.7063540456640606]
  tf_mat_link3_0_flan3:
    target_pose:
      position: [0.4793758566221885, 0.01279810544710031, -0.2215867764655323]
      orientation:
        - [-0.9891714647929889, -0.1465405110147098, -0.00810555751232446]
        - [0.09806610367579639, -0.7010320226993091, 0.7063547957876486]
        - [-0.1091918480831328, 0.6979111217441488, 0.7078115238809769]
step_19:
  tf_mat_link2_0_flan2:
    target_pose:
      position: [0.4756944582759881, 0.01216068856655078, 0.2216070689442483]
      orientation:
        - [-0.989168185920221, 0.1465332327257008, 0.00862089601035085]
        - [0.1095553792454915, 0.6979113884043764, 0.7077550846075555]
        - [0.09769301901260105, 0.7010332786785205, -0.7064052458737398]
  tf_mat_link3_0_flan3:
    target_pose:
      position: [0.4794897083479336, 0.01278683420854071, -0.2215741824353326]
      orientation:
        - [-0.9891670896386043, -0.1465405110141116, -0.008622968344112332]
        - [0.09769661295582832, -0.701032022693632, 0.7064059951834519]
        - [-0.1095620724287993, 0.6979111217441931, 0.7077543114045342]
step_20:
  tf_mat_link2_0_flan2:
    target_pose:
      position: [0.4755806030181525, 0.01217332705094221, 0.2216182986966826]
      orientation:
        - [-0.9891635412141134, 0.1465332327592539, 0.009138303528756171]
        - [0.1099255733284772, 0.6979113911240148, 0.707697679409701]
        - [0.09732350264277616, 0.7010332759582346, -0.7064562527099492]
  tf_mat_link3_0_flan3:
    target_pose:
      position: [0.4796035123883381, 0.01277562172945151, -0.2215615618540725]
      orientation:
        - [-0.9891624438485171, -0.1465405110135148, -0.009140375851869324]
        - [0.09732709619422134, -0.7010320226879676, 0.7064570012055821]
        - [-0.1099322661071377, 0.6979111217442372, 0.7076969053876303]
step_21:
  tf_mat_link2_0_flan2:
    target_pose:
      position: [0.4754667950526428, 0.01218599212985966, 0.2216294697285943]
      orientation:
        - [-0.9891586258562437, 0.1465332327947965, 0.009655709511553296]
        - [0.110295738023735, 0.6979113938434371, 0.7076400804728131]
        - [0.09695395895405466, 0.7010332732377594, -0.7065070663489368]
  tf_mat_link3_0_flan3:
    target_pose:
      position: [0.4797173630448377, 0.01276443553653411, -0.2215488826224303]
      orientation:
        - [-0.9891575274066712, -0.1465405110129193, -0.009657781823451101]
        - [0.09695755211414286, -0.7010320226823146, 0.7065078140302844]
        - [-0.1103024303973193, 0.697911121744281, 0.7076393056319035]
step_22:
  tf_mat_link2_0_flan2:
    target_pose:
      position: [0.4753529864581694, 0.01219870026629172, 0.2216405987037575]
      orientation:
        - [-0.9891534398662875, 0.1465332328323285, 0.01017311188776248]
        - [0.1106658718496365, 0.697911396562633, 0.7075822880274387]
        - [0.09658438942557973, 0.7010332705171061, -0.7065576865873165]
  tf_mat_link3_0_flan3:
    target_pose:
      position: [0.4798312114849131, 0.01275329238322748, -0.2215361613046601]
      orientation:
        - [-0.9891523403327468, -0.1465405110123249, -0.01017518418787795]
        - [0.09658798219473769, -0.7010320226766732, 0.7065584334541756]
        - [-0.1106725638177169, 0.6979111217443252, 0.7075815123679036]
step_23:
  tf_mat_link2_0_flan2:
    target_pose:
      position: [0.4752391341559046, 0.01221146607509499, 0.22165170040346]
      orientation:
        - [-0.9891479832263269, 0.1465332328718502, 0.01069051244522152]
        - [0.1110359760851463, 0.6979113992816108, 0.7075243018738813]
        - [0.09621479278033698, 0.701033267796267, -0.7066081136000028]
  tf_mat_link3_0_flan3:
    target_pose:
      position: [0.4799450154163855, 0.01274220697401646, -0.2215234124275929]
      orientation:
        - [-0.9891468826088226, -0.146540511011732, -0.01069258473298764]
        - [0.09621838515899005, -0.7010320226710455, 0.7066088596521672]
        - [-0.111042667647294, 0.6979111217443688, 0.7075235253959314]
step_24:
  tf_mat_link2_0_flan2:
    target_pose:
      position: [0.4751253268181668, 0.01222425939196825, 0.2216627443148273]
      orientation:
        - [-0.9891422559581984, 0.1465332329133612, 0.01120790911297274]
        - [0.1114060492488773, 0.6979114020003607, 0.7074661222442377]
        - [0.09584517049768092, 0.7010332650752502, -0.7066583471851527]
  tf_mat_link3_0_flan3:
    target_pose:
      position: [0.4800588626003506, 0.01273114888451021, -0.2215106059293769]
      orientation:
        - [-0.9891411542567391, -0.1465405110111402, -0.01120998138782255]
        - [0.09584876248625603, -0.7010320226654282, 0.70665909242242]
        - [-0.111412740404665, 0.6979111217444126, 0.7074653449480869]
step_25:
  tf_mat_link2_0_flan2:
    target_pose:
      position: [0.4750114758349281, 0.01223711037437897, 0.2216737609445166]
      orientation:
        - [-0.9891362580421156, 0.1465332329568618, 0.01172530367883405]
        - [0.1117760926195847, 0.6979114047188913, 0.7074077489374729]
        - [0.09547552130041503, 0.7010332623540484, -0.706708387516346]
  tf_mat_link3_0_flan3:
    target_pose:
      position: [0.4801726652134221, 0.0127201485453175, -0.2214977718786976]
      orientation:
        - [-0.9891351552567059, -0.1465405110105497, -0.01172737594020054]
        - [0.09547911289933776, -0.7010320226598238, 0.7067091319385108]
        - [-0.1117827833685837, 0.6979111217444561, 0.7074069708233325]
step_26:
  tf_mat_link2_0_flan2:
    target_pose:
      position: [0.4748976710891236, 0.01224998839605163, 0.2216847193089728]
      orientation:
        - [-0.9891299894901432, 0.1465332330023519, 0.01224269503654808]
        - [0.1121461054059878, 0.6979114074371976, 0.7073491820778545]
        - [0.09510584597881812, 0.7010332596326661, -0.7067582344860485]
  tf_mat_link3_0_flan3:
    target_pose:
      position: [0.4802865126517797, 0.01270917501986751, -0.2214848797042883]
      orientation:
        - [-0.9891288856207903, -0.1465405110099604, -0.01224476728386425]
        - [0.09510943718851488, -0.7010320226542304, 0.7067589780929071]
        - [-0.1121527957477702, 0.6979111217444997, 0.7073484031459373]
step_27:
  tf_mat_link2_0_flan2:
    target_pose:
      position: [0.4747838203388657, 0.01226292499964693, 0.221695651327622]
      orientation:
        - [-0.9891234503164444, 0.1465332330498313, 0.01276008207988187]
        - [0.112516086817043, 0.6979114101552728, 0.7072904217911464]
        - [0.09473614532337159, 0.7010332569111106, -0.7068078879882246]
  tf_mat_link3_0_flan3:
    target_pose:
      position: [0.4804003121867952, 0.01269826027457993, -0.2214719610038077]
      orientation:
        - [-0.9891223453631578, -0.1465405110093725, -0.01276215431258077]
        - [0.0947397361442696, -0.7010320226486505, 0.7068086307795751]
        - [-0.1125227767511819, 0.697911121744543, 0.7072896420416673]
step_28:
  tf_mat_link2_0_flan2:
    target_pose:
      position: [0.4746700170989505, 0.0122758881738087, 0.2217065246040283]
      orientation:
        - [-0.9891166404984205, 0.1465332330993003, 0.01327746659662041]
        - [0.1128860381311878, 0.6979114128731272, 0.7072314678743077]
        - [0.09436641805660741, 0.7010332541893711, -0.7068573481944458]
  tf_mat_link3_0_flan3:
    target_pose:
      position: [0.4805141581198888, 0.01268737183718521, -0.2214589836769038]
      orientation:
        - [-0.989115534461206, -0.1465405110087858, -0.01327953881413503]
        - [0.0943700084891326, -0.7010320226430816, 0.7068580901700835]
        - [-0.1128927276572549, 0.6979111217445865, 0.7072306873074783]
step_29:
  tf_mat_link2_0_flan2:
    target_pose:
      position: [0.4745561679168657, 0.01228890992264836, 0.2217173715288205]
      orientation:
        - [-0.9891095600633302, 0.1465332331507586, 0.01379484651587004]
        - [0.1132559578676477, 0.6979114155907492, 0.7071723205633089]
        - [0.09399666565840356, 0.7010332514674594, -0.7069066149067426]
  tf_mat_link3_0_flan3:
    target_pose:
      position: [0.4806279560873565, 0.01267654218576053, -0.2214459798311732]
      orientation:
        - [-0.989108452942198, -0.1465405110082004, -0.01379691871763344]
        - [0.09400025570298338, -0.7010320226375252, 0.7069073560664656]
        - [-0.1132626469852162, 0.6979111217446298, 0.7071715391793445]
step_30:
  tf_mat_link2_0_flan2:
    target_pose:
      position: [0.4744423663074132, 0.01230195823510394, 0.2217281597052685]
      orientation:
        - [-0.9891022089867058, 0.1465332332042063, 0.01431222362539101]
        - [0.1136258473046472, 0.6979114183081485, 0.7071129796537712]
        - [0.09362688685111337, 0.7010332487453645, -0.70695568829535]
  tf_mat_link3_0_flan3:
    target_pose:
      position: [0.4807418003906128, 0.01266573884833017, -0.2214329173659695]
      orientation:
        - [-0.989101100781662, -0.1465405110076161, -0.01431429581083619]
        - [0.09363047650817392, -0.7010320226319798, 0.7069564286389544]
        - [-0.113632536013289, 0.697911121744673, 0.707112197452884]
step_31:
  tf_mat_link2_0_flan2:
    target_pose:
      position: [0.4743285188180741, 0.01231506511494612, 0.2217389215243421]
      orientation:
        - [-0.9890945872979744, 0.1465332332596435, 0.01482959585431907]
        - [0.1139957049616598, 0.6979114210253144, 0.707053445383214]
        - [0.09325708311482132, 0.7010332460231004, -0.7070045681638488]
  tf_mat_link3_0_flan3:
    target_pose:
      position: [0.4808555966659601, 0.01265499430263017, -0.2214198283892302]
      orientation:
        - [-0.9890934780090299, -0.1465405110070333, -0.0148316680228791]
        - [0.09326067238479029, -0.7010320226264481, 0.7070053076911335]
        - [-0.1140023932609485, 0.6979111217447158, 0.7070526623656195]
step_32:
  tf_mat_link2_0_flan2:
    target_pose:
      position: [0.4742147201742865, 0.01232819809025021, 0.2217496241175203]
      orientation:
        - [-0.9890866949558293, 0.1465332333170702, 0.01534696595502224]
        - [0.1143655328062114, 0.6979114237422611, 0.7069937174343786]
        - [0.09288725248212922, 0.7010332433006494, -0.7070532547717328]
  tf_mat_link3_0_flan3:
    target_pose:
      position: [0.4809694408498771, 0.01264427556561626, -0.2214066802897827]
      orientation:
        - [-0.9890855845829889, -0.1465405110064517, -0.01534903810613009]
        - [0.09289084136543214, -0.7010320226209272, 0.7070539934824922]
        - [-0.1143722206957182, 0.6979111217447588, 0.706992933600288]
step_33:
  tf_mat_link2_0_flan2:
    target_pose:
      position: [0.4741008745022651, 0.0123413900868391, 0.2217603008190273]
      orientation:
        - [-0.9890785320212913, 0.146533233376486, 0.01586432992739206]
        - [0.1147353279789339, 0.6979114264589678, 0.7069337962690589]
        - [0.09251739781242654, 0.7010332405780343, -0.7071017477425762]
  tf_mat_link3_0_flan3:
    target_pose:
      position: [0.4810832353085325, 0.01263361613748948, -0.2213935061962899]
      orientation:
        - [-0.9890774205645686, -0.1465405110058713, -0.01586640206048084]
        - [0.09252098630949211, -0.7010320226154187, 0.707102485636611]
        - [-0.1147420154582334, 0.6979111217448016, 0.7069330116186897]
step_34:
  tf_mat_link2_0_flan2:
    target_pose:
      position: [0.4739870753168181, 0.01235460909400105, 0.2217709192317839]
      orientation:
        - [-0.9890700984676698, 0.1465332334378912, 0.0163816895591575]
        - [0.1151050917577972, 0.6979114291754436, 0.7068736816812844]
        - [0.09214751782785552, 0.7010332378552453, -0.7071500472450245]
  tf_mat_link3_0_flan3:
    target_pose:
      position: [0.4811970743433334, 0.01262298354662389, -0.2213802740077552]
      orientation:
        - [-0.9890689859270737, -0.1465405110052923, -0.01638376167366027]
        - [0.09215110593911092, -0.7010320226099225, 0.7071507843221332]
        - [-0.1151117788264624, 0.6979111217448446, 0.7068728962148513]
step_35:
  tf_mat_link2_0_flan2:
    target_pose:
      position: [0.4738732771178833, 0.0123678706504336, 0.2217814950785452]
      orientation:
        - [-0.9890613942972698, 0.1465332335012857, 0.0168990447087651]
        - [0.115474824041631, 0.697911431891688, 0.7068133736875027]
        - [0.09177761262961791, 0.7010332351322828, -0.7071981532658619]
  tf_mat_link3_0_flan3:
    target_pose:
      position: [0.481310912391935, 0.01261239352175719, -0.2213669992699463]
      orientation:
        - [-0.9890602806728107, -0.1465405110047144, -0.0169011168041149]
        - [0.09178120035549055, -0.7010320226044376, 0.7071988895258429]
        - [-0.1154815106992351, 0.6979111217448872, 0.7068125874052207]
step_36:
  tf_mat_link2_0_flan2:
    target_pose:
      position: [0.4737594368266738, 0.01238118937314409, 0.2217920431384501]
      orientation:
        - [-0.9890524194785028, 0.1465332335666698, 0.01741639716386397]
        - [0.1158445261078358, 0.6979114346077102, 0.7067528720782436]
        - [0.09140768093939862, 0.7010332324091375, -0.7072460659702332]
  tf_mat_link3_0_flan3:
    target_pose:
      position: [0.4814247071621166, 0.01260186076952369, -0.2213536965075438]
      orientation:
        - [-0.9890513047701869, -0.1465405110041378, -0.01741846923949381]
        - [0.09141126828031451, -0.7010320225989649, 0.7072468014128819]
        - [-0.1158512123539506, 0.6979111217449298, 0.7067520849803247]
step_37:
  tf_mat_link2_0_flan2:
    target_pose:
      position: [0.4736456406941913, 0.01239453601737378, 0.2218025338443878]
      orientation:
        - [-0.9890431740807588, 0.1465332336340429, 0.01793374292448218]
        - [0.1162141950980162, 0.6979114373234894, 0.7066921773212822]
        - [0.09103772561736848, 0.7010332296858314, -0.7072937849876952]
  tf_mat_link3_0_flan3:
    target_pose:
      position: [0.4815385431448911, 0.01259135588548804, -0.2213403366819299]
      orientation:
        - [-0.9890420582886, -0.1465405110035625, -0.01793581497982518]
        - [0.09104131257375665, -0.7010320225935048, 0.7072945196128133]
        - [-0.1162208809322166, 0.6979111217449721, 0.706691389407945]
step_38:
  tf_mat_link2_0_flan2:
    target_pose:
      position: [0.4735318001104405, 0.01240794074226464, 0.2218129977013418]
      orientation:
        - [-0.989033658073604, 0.1465332337034053, 0.0184510837782889]
        - [0.1165838322897081, 0.6979114400390348, 0.7066312892079748]
        - [0.09066774538531938, 0.7010332269623543, -0.7073413104842197]
  tf_mat_link3_0_flan3:
    target_pose:
      position: [0.4816523325168387, 0.01258090930193306, -0.2213269498601165]
      orientation:
        - [-0.9890325411976135, -0.1465405110029885, -0.01845315581277814]
        - [0.09067133195760751, -0.7010320225880567, 0.7073420442916063]
        - [-0.1165905177115676, 0.6979111217450146, 0.7066305004794347]
step_39:
  tf_mat_link2_0_flan2:
    target_pose:
      position: [0.4734180085902586, 0.0124213715383158, 0.2218234023110208]
      orientation:
        - [-0.9890238714226437, 0.1465332337747573, 0.0189684215128816]
        - [0.1169534389599816, 0.697911442754356, 0.7065702075268465]
        - [0.09029773896467859, 0.7010332242386969, -0.7073886426229435]
  tf_mat_link3_0_flan3:
    target_pose:
      position: [0.4817661695793383, 0.01257048854844456, -0.221313503939896]
      orientation:
        - [-0.9890227534628283, -0.1465405110024158, -0.01897049352595007]
        - [0.09030132515329303, -0.7010320225826208, 0.7073893756123947]
        - [-0.1169601239690725, 0.697911121745057, 0.7065694179833162]
step_40:
  tf_mat_link2_0_flan2:
    target_pose:
      position: [0.4733041702598056, 0.01243486132904731, 0.2218337810099527]
      orientation:
        - [-0.9890138142035437, 0.1465332338480983, 0.0194857521284021]
        - [0.1173230122511789, 0.6979114454694321, 0.7065089327501575]
        - [0.08992770921619463, 0.70103322151488, -0.7074357810379128]
  tf_mat_link3_0_flan3:
    target_pose:
      position: [0.4818799566986135, 0.01256012712291998, -0.2213000320522336]
      orientation:
        - [-0.989012695159919, -0.1465405110018444, -0.01948782411948297]
        - [0.0899312950215647, -0.7010320225771965, 0.7074365132092311]
        - [-0.1173296968470763, 0.6979111217450994, 0.7065081423918562]
step_41:
  tf_mat_link2_0_flan2:
    target_pose:
      position: [0.4731903786339137, 0.0124483781047765, 0.221844101400028]
      orientation:
        - [-0.9890034863830649, 0.1465332339234283, 0.02000307741246986]
        - [0.1176925534405067, 0.6979114481842714, 0.7064474646672599]
        - [0.08955765486140047, 0.7010332187908934, -0.7074827258930914]
  tf_mat_link3_0_flan3:
    target_pose:
      position: [0.481993788176048, 0.01254979255476335, -0.2212865020951039]
      orientation:
        - [-0.9890023662556423, -0.146540511001274, -0.02000514938099622]
        - [0.08956124028395418, -0.7010320225717837, 0.7074834572460765]
        - [-0.1176992376227846, 0.6979111217451409, 0.7064466734944039]
step_42:
  tf_mat_link2_0_flan2:
    target_pose:
      position: [0.4730765426813144, 0.01246195294643604, 0.2218543949297475]
      orientation:
        - [-0.9889928879640362, 0.1465332340007477, 0.02052039722354041]
        - [0.1180620624268561, 0.6979114508988751, 0.7063858032949711]
        - [0.08918757600154614, 0.70103321606674, -0.7075294771756381]
  tf_mat_link3_0_flan3:
    target_pose:
      position: [0.4821075729180949, 0.01253951629845979, -0.2212729451565048]
      orientation:
        - [-0.9889917667528276, -0.1465405110007051, -0.02052246916894535]
        - [0.08919116104171158, -0.7010320225663838, 0.7075302077100898]
        - [-0.1180687461950884, 0.6979111217451833, 0.706385011307777]
step_43:
  tf_mat_link2_0_flan2:
    target_pose:
      position: [0.4729627559168614, 0.01247555384511262, 0.2218646292002308]
      orientation:
        - [-0.98898201890832, 0.1465332340800565, 0.02103771334913546]
        - [0.1184315404868519, 0.6979114536132509, 0.7063239484191453]
        - [0.0888174713577201, 0.701033213342409, -0.7075760350460127]
  tf_mat_link3_0_flan3:
    target_pose:
      position: [0.482221405226116, 0.01252926588418429, -0.2212593291336411]
      orientation:
        - [-0.9889808966133337, -0.1465405110001375, -0.021039785270852]
        - [0.08882105601592404, -0.7010320225609957, 0.7075767647617281]
        - [-0.1184382238406111, 0.6979111217452252, 0.7063231556178264]
step_44:
  tf_mat_link2_0_flan2:
    target_pose:
      position: [0.4728489679978823, 0.01248919818069533, 0.2218748218236603]
      orientation:
        - [-0.988970879299952, 0.1465332341613542, 0.02155502178956392]
        - [0.1188009847638305, 0.6979114563273787, 0.7062619005180205]
        - [0.08844734379143038, 0.7010332106179216, -0.7076223991442481]
  tf_mat_link3_0_flan3:
    target_pose:
      position: [0.4823352329975757, 0.01251905908268719, -0.2212456716166444]
      orientation:
        - [-0.9889697559212045, -0.146540510999571, -0.02155709368702525]
        - [0.08845092806810255, -0.7010320225556196, 0.7076231280410306]
        - [-0.1188076677026923, 0.6979111217452673, 0.7062611069027969]
step_45:
  tf_mat_link2_0_flan2:
    target_pose:
      position: [0.4727351358456127, 0.0125029005710377, 0.2218849875783265]
      orientation:
        - [-0.9889594691019532, 0.1465332342446409, 0.02207232433237175]
        - [0.1191703965345551, 0.6979114590412671, 0.7061996593782771]
        - [0.08807719202386971, 0.7010332078932682, -0.7076685696316334]
  tf_mat_link3_0_flan3:
    target_pose:
      position: [0.4824490139402305, 0.01250891060145093, -0.2212319871293485]
      orientation:
        - [-0.9889583446394573, -0.1465405109990059, -0.02207439620501099]
        - [0.08808077591943857, -0.7010320225502555, 0.7076692977092836]
        - [-0.119177079058094, 0.6979111217453087, 0.7061988649493661]
step_46:
  tf_mat_link2_0_flan2:
    target_pose:
      position: [0.4726213529749205, 0.01251662900766776, 0.2218950940649083]
      orientation:
        - [-0.9889477882733846, 0.1465332343299172, 0.02258962276501813]
        - [0.1195397770753135, 0.6979114617549264, 0.7061372247837646]
        - [0.08770701477587681, 0.7010332051684404, -0.7077145466666253]
  tf_mat_link3_0_flan3:
    target_pose:
      position: [0.482562842355429, 0.01249878797109133, -0.2212182435685172]
      orientation:
        - [-0.9889466627271496, -0.1465405109984421, -0.02259169461226829]
        - [0.08771059829076938, -0.7010320225449039, 0.7077152739249407]
        - [-0.1195464591831023, 0.6979111217453503, 0.7061364295413807]
step_47:
  tf_mat_link2_0_flan2:
    target_pose:
      position: [0.4725075235118983, 0.01253041641180436, 0.2219051746222384]
      orientation:
        - [-0.9889358369045567, 0.1465332344171821, 0.02310691308794898]
        - [0.1199091235301958, 0.6979114644683351, 0.7060745972172042]
        - [0.08733681490952076, 0.7010332024434576, -0.7077603298937453]
  tf_mat_link3_0_flan3:
    target_pose:
      position: [0.4826766206094615, 0.01248872468720102, -0.2212044740674172]
      orientation:
        - [-0.9889347102745998, -0.1465405109978794, -0.02310898490924332]
        - [0.08734039804416716, -0.7010320225395636, 0.7077610563325302]
        - [-0.1199158052218106, 0.6979111217453919, 0.7060738011615677]
step_48:
  tf_mat_link2_0_flan2:
    target_pose:
      position: [0.4723937409714084, 0.01254423077479327, 0.2219151968511776]
      orientation:
        - [-0.9889236149556866, 0.1465332345064362, 0.0236241970886499]
        - [0.1202784371756291, 0.6979114671815025, 0.7060117764632728]
        - [0.08696659114574301, 0.7010331997183119, -0.7078059194722769]
  tf_mat_link3_0_flan3:
    target_pose:
      position: [0.4827904430036821, 0.01247868828021387, -0.2211906465229944]
      orientation:
        - [-0.9889224872420215, -0.1465405109973181, -0.02362626888342153]
        - [0.08697017390057193, -0.701032022534236, 0.7078066450913325]
        - [-0.1202851184506445, 0.6979111217454335, 0.7060109795946015]
step_49:
  tf_mat_link2_0_flan2:
    target_pose:
      position: [0.4722799143221794, 0.01255810317748568, 0.2219251922003078]
      orientation:
        - [-0.9889111224301186, 0.1465332345976793, 0.02414147462558792]
        - [0.1206477179105664, 0.6979114698944282, 0.7059487625391578]
        - [0.08659634358583962, 0.7010331969930035, -0.7078513153897473]
  tf_mat_link3_0_flan3:
    target_pose:
      position: [0.4829042184445468, 0.01246871020453394, -0.2211767920233283]
      orientation:
        - [-0.9889099936327593, -0.1465405109967581, -0.02414354639326997]
        - [0.08659992596127988, -0.7010320225289204, 0.7078520401888749]
        - [-0.1206543987685573, 0.6979111217454749, 0.7059479648576698]
step_50:
  tf_mat_link2_0_flan2:
    target_pose:
      position: [0.4721661370790987, 0.0125720016119964, 0.221935128269718]
      orientation:
        - [-0.988898359283171, 0.1465332346909118, 0.02465874748613315]
        - [0.12101696701084, 0.6979114726071214, 0.7058855552260406]
        - [0.08622607095032009, 0.7010331942675224, -0.7078965178019331]
  tf_mat_link3_0_flan3:
    target_pose:
      position: [0.4830180412333842, 0.01245875799136648, -0.2211628784645956]
      orientation:
        - [-0.9888972294021279, -0.1465405109961993, -0.02466081922615869]
        - [0.08622965294679927, -0.7010320225236164, 0.7078972417809314]
        - [-0.1210236474513797, 0.6979111217455161, 0.7058847567319512]
step_51:
  tf_mat_link2_0_flan2:
    target_pose:
      position: [0.4720523133682156, 0.01258595899823023, 0.2219450383995596]
      orientation:
        - [-0.9888853256135258, 0.1465332347861329, 0.02517601167092878]
        - [0.1213861816215567, 0.6979114753195612, 0.7058221550126151]
        - [0.08585577610199159, 0.7010331915418905, -0.7079415263593483]
  tf_mat_link3_0_flan3:
    target_pose:
      position: [0.4831318137365281, 0.01244886513498594, -0.2211489389813773]
      orientation:
        - [-0.9888841946488174, -0.1465405109956418, -0.02517808338273106]
        - [0.08585935771994006, -0.7010320225183246, 0.7079422495180223]
        - [-0.1213928616442217, 0.6979111217455574, 0.7058213557061457]
step_52:
  tf_mat_link2_0_flan2:
    target_pose:
      position: [0.4719385367044114, 0.01259994332812014, 0.2219548901901039]
      orientation:
        - [-0.9888720213776582, 0.1465332348833429, 0.02569326896737349]
        - [0.1217553630186901, 0.6979114780317565, 0.7057585616808888]
        - [0.08548545776146475, 0.7010331888160983, -0.7079863412185978]
  tf_mat_link3_0_flan3:
    target_pose:
      position: [0.4832456302553136, 0.01243899916641517, -0.2211349414700318]
      orientation:
        - [-0.9888708893292993, -0.1465405109950855, -0.02569534065038568]
        - [0.08548903900131169, -0.7010320225130453, 0.7079870635567497]
        - [-0.1217620426230556, 0.6979111217455982, 0.7057577615622583]
step_53:
  tf_mat_link2_0_flan2:
    target_pose:
      position: [0.4718247184777723, 0.01261398476348713, 0.2219647141436503]
      orientation:
        - [-0.9888584465280833, 0.1465332349825423, 0.02621052116276471]
        - [0.1221245124777276, 0.6979114807437176, 0.7056947750100399]
        - [0.08511511464900641, 0.7010331860901358, -0.7080309625334528]
  tf_mat_link3_0_flan3:
    target_pose:
      position: [0.4833594029662395, 0.01242919052062125, -0.2211209159948916]
      orientation:
        - [-0.9888573133960852, -0.1465405109945306, -0.02621259281641988]
        - [0.08511869551117966, -0.7010320225077775, 0.7080316840508818]
        - [-0.1221311916633672, 0.6979111217456394, 0.705693974079464]
step_54:
  tf_mat_link2_0_flan2:
    target_pose:
      position: [0.4717109449391294, 0.01262805405398487, 0.2219744806986867]
      orientation:
        - [-0.9888446011697574, 0.1465332350837302, 0.02672776425790565]
        - [0.1224936271445464, 0.6979114834554225, 0.7056307954932423]
        - [0.08474474962796846, 0.7010331833640248, -0.7080753899589183]
  tf_mat_link3_0_flan3:
    target_pose:
      position: [0.4834732163604888, 0.01241940978756995, -0.2211068335229269]
      orientation:
        - [-0.9888434669541396, -0.1465405109939769, -0.02672983588163708]
        - [0.08474833011289877, -0.7010320225025223, 0.70807611065543]
        - [-0.122500305911037, 0.6979111217456803, 0.7056299937509434]
step_55:
  tf_mat_link2_0_flan2:
    target_pose:
      position: [0.4715971274785623, 0.01264218136125245, 0.2219842203576944]
      orientation:
        - [-0.9888304852563516, 0.146533235186907, 0.02724500004012433]
        - [0.1228627082947763, 0.6979114861668814, 0.7055666229105011]
