step_0:
  tf_mat_link2_0_flan2:
    target_pose:
      position: [0.4029352055326575, -0.1322061648446748, 0.2317645162972993]
      orientation:
        - [-0.9808257669959046, 0.1448606594549878, 0.1303695225699809]
        - [0.1948866441618476, 0.729506045526166, 0.6556218976641204]
        - [-0.0001315344184128947, 0.6684581297235691, -0.7437497341094599]
  tf_mat_link3_0_flan3:
    target_pose:
      position: [0.4603004158238118, 0.006513093435486006, -0.05426838045595922]
      orientation:
        - [-0.9808244613571325, -0.1448676407462459, -0.1303715879322782]
        - [-0.0001284847724090162, -0.6684575985474055, 0.7437502119644694]
        - [-0.1948932171027416, 0.7295051458438518, 0.6556209447942599]
step_1:
  tf_mat_link2_0_flan2:
    target_pose:
      position: [0.4029424073617864, -0.1321697665236543, 0.2317978582284893]
      orientation:
        - [-0.9808257669959046, 0.1448606594549878, 0.1303695225699809]
        - [0.1948866441618476, 0.729506045526166, 0.6556218976641204]
        - [-0.0001315344184128947, 0.6684581297235691, -0.7437497341094599]
  tf_mat_link3_0_flan3:
    target_pose:
      position: [0.460307617641714, 0.006546435340222256, -0.05430477880343348]
      orientation:
        - [-0.9808244613571325, -0.1448676407462459, -0.1303715879322782]
        - [-0.0001284847724090162, -0.6684575985474055, 0.7437502119644694]
        - [-0.1948932171027416, 0.7295051458438518, 0.6556209447942599]
step_2:
  tf_mat_link2_0_flan2:
    target_pose:
      position: [0.4029496512266371, -0.1321333933407254, 0.2318311959095634]
      orientation:
        - [-0.9808257669959046, 0.1448606594549878, 0.1303695225699809]
        - [0.1948866441618476, 0.729506045526166, 0.6556218976641204]
        - [-0.0001315344184128947, 0.6684581297235691, -0.7437497341094599]
  tf_mat_link3_0_flan3:
    target_pose:
      position: [0.4603148614954145, 0.006579772994688232, -0.05434115201297074]
      orientation:
        - [-0.9808244613571325, -0.1448676407462459, -0.1303715879322782]
        - [-0.0001284847724090162, -0.6684575985474055, 0.7437502119644694]
        - [-0.1948932171027416, 0.7295051458438518, 0.6556209447942599]
step_3:
  tf_mat_link2_0_flan2:
    target_pose:
      position: [0.4029568533881155, -0.1320969952107951, 0.2318645378135624]
      orientation:
        - [-0.9808257669959046, 0.1448606594549878, 0.1303695225699809]
        - [0.1948866441618476, 0.729506045526166, 0.6556218976641204]
        - [-0.0001315344184128947, 0.6684581297235691, -0.7437497341094599]
  tf_mat_link3_0_flan3:
    target_pose:
      position: [0.4603220636456668, 0.006613114872232262, -0.05437755016935603]
      orientation:
        - [-0.9808244613571325, -0.1448676407462459, -0.1303715879322782]
        - [-0.0001284847724090162, -0.6684575985474055, 0.7437502119644694]
        - [-0.1948932171027416, 0.7295051458438518, 0.6556209447942599]
step_4:
  tf_mat_link2_0_flan2:
    target_pose:
      position: [0.4029640972529663, -0.1320606220278659, 0.2318978754946365]
      orientation:
        - [-0.9808257669959046, 0.1448606594549878, 0.1303695225699809]
        - [0.1948866441618476, 0.729506045526166, 0.6556218976641204]
        - [-0.0001315344184128947, 0.6684581297235691, -0.7437497341094599]
  tf_mat_link3_0_flan3:
    target_pose:
      position: [0.4603293074993673, 0.006646452526698238, -0.05441392337889328]
      orientation:
        - [-0.9808244613571325, -0.1448676407462459, -0.1303715879322782]
        - [-0.0001284847724090162, -0.6684575985474055, 0.7437502119644694]
        - [-0.1948932171027416, 0.7295051458438518, 0.6556209447942599]
step_5:
  tf_mat_link2_0_flan2:
    target_pose:
      position: [0.4029712987497453, -0.1320242235157554, 0.2319312174530175]
      orientation:
        - [-0.9808257669959046, 0.1448606594549878, 0.1303695225699809]
        - [0.1948866441618476, 0.729506045526166, 0.6556218976641204]
        - [-0.0001315344184128947, 0.6684581297235691, -0.7437497341094599]
  tf_mat_link3_0_flan3:
    target_pose:
      position: [0.460336508984919, 0.006679794458626653, -0.05445032191745658]
      orientation:
        - [-0.9808244613571325, -0.1448676407462459, -0.1303715879322782]
        - [-0.0001284847724090162, -0.6684575985474055, 0.7437502119644694]
        - [-0.1948932171027416, 0.7295051458438518, 0.6556209447942599]
step_6:
  tf_mat_link2_0_flan2:
    target_pose:
      position: [0.4029785426145963, -0.1319878503328262, 0.2319645551340916]
      orientation:
        - [-0.9808257669959046, 0.1448606594549878, 0.1303695225699809]
        - [0.1948866441618476, 0.729506045526166, 0.6556218976641204]
        - [-0.0001315344184128947, 0.6684581297235691, -0.7437497341094599]
  tf_mat_link3_0_flan3:
    target_pose:
      position: [0.4603437528386198, 0.006713132113092601, -0.05448669512699378]
      orientation:
        - [-0.9808244613571325, -0.1448676407462459, -0.1303715879322782]
        - [-0.0001284847724090162, -0.6684575985474055, 0.7437502119644694]
        - [-0.1948932171027416, 0.7295051458438518, 0.6556209447942599]
step_7:
  tf_mat_link2_0_flan2:
    target_pose:
      position: [0.4029857454407741, -0.1319514525850763, 0.2319978969837087]
      orientation:
        - [-0.9808257669959046, 0.1448606594549878, 0.1303695225699809]
        - [0.1948866441618476, 0.729506045526166, 0.6556218976641204]
        - [-0.0001315344184128947, 0.6684581297235691, -0.7437497341094599]
  tf_mat_link3_0_flan3:
    target_pose:
      position: [0.4603509556535727, 0.006746473936252273, -0.05452309290120116]
      orientation:
        - [-0.9808244613571325, -0.1448676407462459, -0.1303715879322782]
        - [-0.0001284847724090162, -0.6684575985474055, 0.7437502119644694]
        - [-0.1948932171027416, 0.7295051458438518, 0.6556209447942599]
step_8:
  tf_mat_link2_0_flan2:
    target_pose:
      position: [0.402992989305625, -0.1319150794021473, 0.2320312346647828]
      orientation:
        - [-0.9808257669959046, 0.1448606594549878, 0.1303695225699809]
        - [0.1948866441618476, 0.729506045526166, 0.6556218976641204]
        - [-0.0001315344184128947, 0.6684581297235691, -0.7437497341094599]
  tf_mat_link3_0_flan3:
    target_pose:
      position: [0.4603581995072734, 0.006779811590718221, -0.05455946611073836]
      orientation:
        - [-0.9808244613571325, -0.1448676407462459, -0.1303715879322782]
        - [-0.0001284847724090162, -0.6684575985474055, 0.7437502119644694]
        - [-0.1948932171027416, 0.7295051458438518, 0.6556209447942599]
step_9:
  tf_mat_link2_0_flan2:
    target_pose:
      position: [0.4030002331704757, -0.1318787062192183, 0.2320645723458569]
      orientation:
        - [-0.9808257669959046, 0.1448606594549878, 0.1303695225699809]
        - [0.1948866441618476, 0.729506045526166, 0.6556218976641204]
        - [-0.0001315344184128947, 0.6684581297235691, -0.7437497341094599]
  tf_mat_link3_0_flan3:
    target_pose:
      position: [0.4603654433609739, 0.006813149245184225, -0.05459583932027567]
      orientation:
        - [-0.9808244613571325, -0.1448676407462459, -0.1303715879322782]
        - [-0.0001284847724090162, -0.6684575985474055, 0.7437502119644694]
        - [-0.1948932171027416, 0.7295051458438518, 0.6556209447942599]
step_10:
  tf_mat_link2_0_flan2:
    target_pose:
      position: [0.4030074346672548, -0.1318423077071076, 0.2320979143042379]
      orientation:
        - [-0.9808257669959046, 0.1448606594549878, 0.1303695225699809]
        - [0.1948866441618476, 0.729506045526166, 0.6556218976641204]
        - [-0.0001315344184128947, 0.6684581297235691, -0.7437497341094599]
  tf_mat_link3_0_flan3:
    target_pose:
      position: [0.4603726448465256, 0.006846491177112612, -0.05463223785883886]
      orientation:
        - [-0.9808244613571325, -0.1448676407462459, -0.1303715879322782]
        - [-0.0001284847724090162, -0.6684575985474055, 0.7437502119644694]
        - [-0.1948932171027416, 0.7295051458438518, 0.6556209447942599]
step_11:
  tf_mat_link2_0_flan2:
    target_pose:
      position: [0.4030146785321055, -0.1318059345241785, 0.232131251985312]
      orientation:
        - [-0.9808257669959046, 0.1448606594549878, 0.1303695225699809]
        - [0.1948866441618476, 0.729506045526166, 0.6556218976641204]
        - [-0.0001315344184128947, 0.6684581297235691, -0.7437497341094599]
  tf_mat_link3_0_flan3:
    target_pose:
      position: [0.4603798887002262, 0.006879828831578561, -0.05466861106837612]
      orientation:
        - [-0.9808244613571325, -0.1448676407462459, -0.1303715879322782]
        - [-0.0001284847724090162, -0.6684575985474055, 0.7437502119644694]
        - [-0.1948932171027416, 0.7295051458438518, 0.6556209447942599]
step_12:
  tf_mat_link2_0_flan2:
    target_pose:
      position: [0.4030218800288847, -0.1317695360120679, 0.2321645939436929]
      orientation:
        - [-0.9808257669959046, 0.1448606594549878, 0.1303695225699809]
        - [0.1948866441618476, 0.729506045526166, 0.6556218976641204]
        - [-0.0001315344184128947, 0.6684581297235691, -0.7437497341094599]
  tf_mat_link3_0_flan3:
    target_pose:
      position: [0.4603870901857779, 0.006913170763507004, -0.05470500960693941]
      orientation:
        - [-0.9808244613571325, -0.1448676407462459, -0.1303715879322782]
        - [-0.0001284847724090162, -0.6684575985474055, 0.7437502119644694]
        - [-0.1948932171027416, 0.7295051458438518, 0.6556209447942599]
step_13:
  tf_mat_link2_0_flan2:
    target_pose:
      position: [0.4030291238937354, -0.1317331628291388, 0.232197931624767]
      orientation:
        - [-0.9808257669959046, 0.1448606594549878, 0.1303695225699809]
        - [0.1948866441618476, 0.729506045526166, 0.6556218976641204]
        - [-0.0001315344184128947, 0.6684581297235691, -0.7437497341094599]
  tf_mat_link3_0_flan3:
    target_pose:
      position: [0.4603943340394784, 0.006946508417972924, -0.05474138281647667]
      orientation:
        - [-0.9808244613571325, -0.1448676407462459, -0.1303715879322782]
        - [-0.0001284847724090162, -0.6684575985474055, 0.7437502119644694]
        - [-0.1948932171027416, 0.7295051458438518, 0.6556209447942599]
step_14:
  tf_mat_link2_0_flan2:
    target_pose:
      position: [0.4030363280493124, -0.1316967658457497, 0.2322312733656204]
      orientation:
        - [-0.9808257669959046, 0.1448606594549878, 0.1303695225699809]
        - [0.1948866441618476, 0.729506045526166, 0.6556218976641204]
        - [-0.0001315344184128947, 0.6684581297235691, -0.7437497341094599]
  tf_mat_link3_0_flan3:
    target_pose:
      position: [0.4604015381838329, 0.006979850132363935, -0.05477777982632814]
      orientation:
        - [-0.9808244613571325, -0.1448676407462459, -0.1303715879322782]
        - [-0.0001284847724090162, -0.6684575985474055, 0.7437502119644694]
        - [-0.1948932171027416, 0.7295051458438518, 0.6556209447942599]
step_15:
  tf_mat_link2_0_flan2:
    target_pose:
      position: [0.4030435719141631, -0.1316603926628206, 0.2322646110466944]
      orientation:
        - [-0.9808257669959046, 0.1448606594549878, 0.1303695225699809]
        - [0.1948866441618476, 0.729506045526166, 0.6556218976641204]
        - [-0.0001315344184128947, 0.6684581297235691, -0.7437497341094599]
  tf_mat_link3_0_flan3:
    target_pose:
      position: [0.4604087820375335, 0.007013187786829855, -0.05481415303586534]
      orientation:
        - [-0.9808244613571325, -0.1448676407462459, -0.1303715879322782]
        - [-0.0001284847724090162, -0.6684575985474055, 0.7437502119644694]
        - [-0.1948932171027416, 0.7295051458438518, 0.6556209447942599]
step_16:
  tf_mat_link2_0_flan2:
    target_pose:
      position: [0.4030507734109421, -0.13162399415071, 0.2322979530050754]
      orientation:
        - [-0.9808257669959046, 0.1448606594549878, 0.1303695225699809]
        - [0.1948866441618476, 0.729506045526166, 0.6556218976641204]
        - [-0.0001315344184128947, 0.6684581297235691, -0.7437497341094599]
  tf_mat_link3_0_flan3:
    target_pose:
      position: [0.4604159835230852, 0.007046529718758271, -0.05485055157442859]
      orientation:
        - [-0.9808244613571325, -0.1448676407462459, -0.1303715879322782]
        - [-0.0001284847724090162, -0.6684575985474055, 0.7437502119644694]
        - [-0.1948932171027416, 0.7295051458438518, 0.6556209447942599]
step_17:
  tf_mat_link2_0_flan2:
    target_pose:
      position: [0.4030580172757929, -0.1315876209677809, 0.2323312906861495]
      orientation:
        - [-0.9808257669959051, 0.1448606594549878, 0.1303695225699809]
        - [0.1948866441618477, 0.729506045526166, 0.6556218976641206]
        - [-0.0001315344184128948, 0.6684581297235694, -0.7437497341094601]
  tf_mat_link3_0_flan3:
    target_pose:
      position: [0.4604232273767857, 0.007079867373224191, -0.0548869247839659]
      orientation:
        - [-0.980824461357133, -0.1448676407462458, -0.1303715879322783]
        - [-0.0001284847724090163, -0.6684575985474059, 0.7437502119644696]
        - [-0.1948932171027417, 0.7295051458438517, 0.65562094479426]
step_18:
  tf_mat_link2_0_flan2:
    target_pose:
      position: [0.4030652611406436, -0.1315512477848518, 0.2323646283672236]
      orientation:
        - [-0.9808257669959046, 0.1448606594549878, 0.1303695225699809]
        - [0.1948866441618476, 0.729506045526166, 0.6556218976641204]
        - [-0.0001315344184128947, 0.6684581297235691, -0.7437497341094599]
  tf_mat_link3_0_flan3:
    target_pose:
      position: [0.4604304712304865, 0.007113205027690195, -0.05492329799350315]
      orientation:
        - [-0.9808244613571325, -0.1448676407462459, -0.1303715879322782]
        - [-0.0001284847724090162, -0.6684575985474055, 0.7437502119644694]
        - [-0.1948932171027416, 0.7295051458438518, 0.6556209447942599]
step_19:
  tf_mat_link2_0_flan2:
    target_pose:
      position: [0.4030724626374227, -0.1315148492727412, 0.2323979703256045]
      orientation:
        - [-0.9808257669959046, 0.1448606594549878, 0.1303695225699809]
        - [0.1948866441618476, 0.729506045526166, 0.6556218976641204]
        - [-0.0001315344184128947, 0.6684581297235691, -0.7437497341094599]
  tf_mat_link3_0_flan3:
    target_pose:
      position: [0.4604376727160379, 0.00714654695961861, -0.05495969653206634]
      orientation:
        - [-0.9808244613571325, -0.1448676407462459, -0.1303715879322782]
        - [-0.0001284847724090162, -0.6684575985474055, 0.7437502119644694]
        - [-0.1948932171027416, 0.7295051458438518, 0.6556209447942599]
step_20:
  tf_mat_link2_0_flan2:
    target_pose:
      position: [0.4030797065022735, -0.1314784760898122, 0.2324313080066786]
      orientation:
        - [-0.9808257669959046, 0.1448606594549878, 0.1303695225699809]
        - [0.1948866441618476, 0.729506045526166, 0.6556218976641204]
        - [-0.0001315344184128947, 0.6684581297235691, -0.7437497341094599]
  tf_mat_link3_0_flan3:
    target_pose:
      position: [0.4604449165697386, 0.007179884614084531, -0.05499606974160354]
      orientation:
        - [-0.9808244613571325, -0.1448676407462459, -0.1303715879322782]
        - [-0.0001284847724090162, -0.6684575985474055, 0.7437502119644694]
        - [-0.1948932171027416, 0.7295051458438518, 0.6556209447942599]
step_21:
  tf_mat_link2_0_flan2:
    target_pose:
      position: [0.4030869079990525, -0.1314420775777014, 0.2324646499650596]
      orientation:
        - [-0.9808257669959046, 0.1448606594549878, 0.1303695225699809]
        - [0.1948866441618476, 0.729506045526166, 0.6556218976641204]
        - [-0.0001315344184128947, 0.6684581297235691, -0.7437497341094599]
  tf_mat_link3_0_flan3:
    target_pose:
      position: [0.4604521180552902, 0.007213226546013002, -0.05503246828016689]
      orientation:
        - [-0.9808244613571325, -0.1448676407462459, -0.1303715879322782]
        - [-0.0001284847724090162, -0.6684575985474055, 0.7437502119644694]
        - [-0.1948932171027416, 0.7295051458438518, 0.6556209447942599]
step_22:
  tf_mat_link2_0_flan2:
    target_pose:
      position: [0.4030941518639032, -0.1314057043947724, 0.2324979876461336]
      orientation:
        - [-0.9808257669959046, 0.1448606594549878, 0.1303695225699809]
        - [0.1948866441618476, 0.729506045526166, 0.6556218976641204]
        - [-0.0001315344184128947, 0.6684581297235691, -0.7437497341094599]
  tf_mat_link3_0_flan3:
    target_pose:
      position: [0.4604593619089908, 0.007246564200478894, -0.05506884148970415]
      orientation:
        - [-0.9808244613571325, -0.1448676407462459, -0.1303715879322782]
        - [-0.0001284847724090162, -0.6684575985474055, 0.7437502119644694]
        - [-0.1948932171027416, 0.7295051458438518, 0.6556209447942599]
step_23:
  tf_mat_link2_0_flan2:
    target_pose:
      position: [0.4031013533606824, -0.1313693058826617, 0.2325313296045146]
      orientation:
        - [-0.9808257669959046, 0.1448606594549878, 0.1303695225699809]
        - [0.1948866441618476, 0.729506045526166, 0.6556218976641204]
        - [-0.0001315344184128947, 0.6684581297235691, -0.7437497341094599]
  tf_mat_link3_0_flan3:
    target_pose:
      position: [0.4604665633945424, 0.00727990613240731, -0.05510524002826733]
      orientation:
        - [-0.9808244613571325, -0.1448676407462459, -0.1303715879322782]
        - [-0.0001284847724090162, -0.6684575985474055, 0.7437502119644694]
        - [-0.1948932171027416, 0.7295051458438518, 0.6556209447942599]
step_24:
  tf_mat_link2_0_flan2:
    target_pose:
      position: [0.4031085998843311, -0.1313329342284542, 0.2325646670680611]
      orientation:
        - [-0.9808257669959046, 0.1448606594549878, 0.1303695225699809]
        - [0.1948866441618476, 0.729506045526166, 0.6556218976641204]
        - [-0.0001315344184128947, 0.6684581297235691, -0.7437497341094599]
  tf_mat_link3_0_flan3:
    target_pose:
      position: [0.4604738099070458, 0.007313243569335881, -0.05514161170909287]
      orientation:
        - [-0.9808244613571325, -0.1448676407462459, -0.1303715879322782]
        - [-0.0001284847724090162, -0.6684575985474055, 0.7437502119644694]
        - [-0.1948932171027416, 0.7295051458438518, 0.6556209447942599]
step_25:
  tf_mat_link2_0_flan2:
    target_pose:
      position: [0.4031157987223122, -0.131296534187622, 0.2325980092439697]
      orientation:
        - [-0.9808257669959046, 0.1448606594549878, 0.1303695225699809]
        - [0.1948866441618476, 0.7295060455261663, 0.6556218976641204]
        - [-0.0001315344184128947, 0.6684581297235689, -0.7437497341094599]
  tf_mat_link3_0_flan3:
    target_pose:
      position: [0.4604810087337947, 0.007346585718801701, -0.05517801177636783]
      orientation:
        - [-0.9808244613571325, -0.1448676407462459, -0.1303715879322782]
        - [-0.0001284847724090162, -0.6684575985474053, 0.7437502119644693]
        - [-0.1948932171027416, 0.7295051458438521, 0.6556209447942598]
step_26:
  tf_mat_link2_0_flan2:
    target_pose:
      position: [0.4031230452459609, -0.1312601625334144, 0.2326313467075161]
      orientation:
        - [-0.9808257669959046, 0.1448606594549878, 0.1303695225699809]
        - [0.1948866441618476, 0.729506045526166, 0.6556218976641204]
        - [-0.0001315344184128947, 0.6684581297235691, -0.7437497341094599]
  tf_mat_link3_0_flan3:
    target_pose:
      position: [0.4604882552462982, 0.007379923155730217, -0.05521438345719332]
      orientation:
        - [-0.9808244613571325, -0.1448676407462459, -0.1303715879322782]
        - [-0.0001284847724090162, -0.6684575985474055, 0.7437502119644694]
        - [-0.1948932171027416, 0.7295051458438518, 0.6556209447942599]
step_27:
  tf_mat_link2_0_flan2:
    target_pose:
      position: [0.4031302864520136, -0.1312237878217639, 0.2326646846061179]
      orientation:
        - [-0.9808257669959046, 0.1448606594549878, 0.1303695225699809]
        - [0.1948866441618476, 0.729506045526166, 0.6556218976641204]
        - [-0.0001315344184128947, 0.6684581297235691, -0.7437497341094599]
  tf_mat_link3_0_flan3:
    target_pose:
      position: [0.4604954964411959, 0.007413261027733598, -0.05525075819544234]
      orientation:
        - [-0.9808244613571325, -0.1448676407462459, -0.1303715879322782]
        - [-0.0001284847724090162, -0.6684575985474055, 0.7437502119644694]
        - [-0.1948932171027416, 0.7295051458438518, 0.6556209447942599]
step_28:
  tf_mat_link2_0_flan2:
    target_pose:
      position: [0.4031374906075907, -0.1311873908383747, 0.2326980263469712]
      orientation:
        - [-0.9808257669959051, 0.1448606594549878, 0.1303695225699809]
        - [0.1948866441618477, 0.729506045526166, 0.6556218976641206]
        - [-0.0001315344184128948, 0.6684581297235694, -0.7437497341094601]
  tf_mat_link3_0_flan3:
    target_pose:
      position: [0.4605027005855504, 0.007446602742124553, -0.05528715520529393]
      orientation:
        - [-0.980824461357133, -0.1448676407462458, -0.1303715879322783]
        - [-0.0001284847724090163, -0.6684575985474059, 0.7437502119644696]
        - [-0.1948932171027417, 0.7295051458438517, 0.65562094479426]
step_29:
  tf_mat_link2_0_flan2:
    target_pose:
      position: [0.4031447371312394, -0.1311510191841673, 0.2327313638105176]
      orientation:
        - [-0.9808257669959046, 0.1448606594549878, 0.1303695225699809]
        - [0.1948866441618476, 0.729506045526166, 0.6556218976641204]
        - [-0.0001315344184128947, 0.6684581297235691, -0.7437497341094599]
  tf_mat_link3_0_flan3:
    target_pose:
      position: [0.4605099470980537, 0.007479940179053096, -0.0553235268861193]
      orientation:
        - [-0.9808244613571325, -0.1448676407462459, -0.1303715879322782]
        - [-0.0001284847724090162, -0.6684575985474055, 0.7437502119644694]
        - [-0.1948932171027416, 0.7295051458438518, 0.6556209447942599]
step_30:
  tf_mat_link2_0_flan2:
    target_pose:
      position: [0.4031519359692206, -0.1311146191433351, 0.2327647059864262]
      orientation:
        - [-0.9808257669959046, 0.1448606594549878, 0.1303695225699809]
        - [0.1948866441618476, 0.729506045526166, 0.6556218976641204]
        - [-0.0001315344184128947, 0.6684581297235691, -0.7437497341094599]
  tf_mat_link3_0_flan3:
    target_pose:
      position: [0.4605171459248026, 0.007513282328518917, -0.05535992695339431]
      orientation:
        - [-0.9808244613571325, -0.1448676407462459, -0.1303715879322782]
        - [-0.0001284847724090162, -0.6684575985474055, 0.7437502119644694]
        - [-0.1948932171027416, 0.7295051458438518, 0.6556209447942599]
step_31:
  tf_mat_link2_0_flan2:
    target_pose:
      position: [0.4031591824928693, -0.1310782474891274, 0.2327980434499727]
      orientation:
        - [-0.9808257669959046, 0.1448606594549878, 0.1303695225699809]
        - [0.1948866441618476, 0.729506045526166, 0.6556218976641204]
        - [-0.0001315344184128947, 0.6684581297235691, -0.7437497341094599]
  tf_mat_link3_0_flan3:
    target_pose:
      position: [0.4605243924373059, 0.00754661976544746, -0.0553962986342198]
      orientation:
        - [-0.9808244613571325, -0.1448676407462459, -0.1303715879322782]
        - [-0.0001284847724090162, -0.6684575985474055, 0.7437502119644694]
        - [-0.1948932171027416, 0.7295051458438518, 0.6556209447942599]
step_32:
  tf_mat_link2_0_flan2:
    target_pose:
      position: [0.4031663813308502, -0.1310418474482953, 0.2328313856258813]
      orientation:
        - [-0.9808257669959046, 0.1448606594549878, 0.1303695225699809]
        - [0.1948866441618476, 0.729506045526166, 0.6556218976641204]
        - [-0.0001315344184128947, 0.6684581297235691, -0.7437497341094599]
  tf_mat_link3_0_flan3:
    target_pose:
      position: [0.4605315912640548, 0.007579961914913308, -0.05543269870149481]
      orientation:
        - [-0.9808244613571325, -0.1448676407462459, -0.1303715879322782]
        - [-0.0001284847724090162, -0.6684575985474055, 0.7437502119644694]
        - [-0.1948932171027416, 0.7295051458438518, 0.6556209447942599]
step_33:
  tf_mat_link2_0_flan2:
    target_pose:
      position: [0.403173627854499, -0.1310054757940878, 0.2328647230894278]
      orientation:
        - [-0.9808257669959046, 0.1448606594549878, 0.1303695225699809]
        - [0.1948866441618476, 0.729506045526166, 0.6556218976641204]
        - [-0.0001315344184128947, 0.6684581297235691, -0.7437497341094599]
  tf_mat_link3_0_flan3:
    target_pose:
      position: [0.4605388377765583, 0.007613299351841851, -0.0554690703823203]
      orientation:
        - [-0.9808244613571325, -0.1448676407462459, -0.1303715879322782]
        - [-0.0001284847724090162, -0.6684575985474055, 0.7437502119644694]
        - [-0.1948932171027416, 0.7295051458438518, 0.6556209447942599]
step_34:
  tf_mat_link2_0_flan2:
    target_pose:
      position: [0.40318082669248, -0.1309690757532556, 0.2328980652653364]
      orientation:
        - [-0.9808257669959046, 0.1448606594549878, 0.1303695225699809]
        - [0.1948866441618476, 0.729506045526166, 0.6556218976641204]
        - [-0.0001315344184128947, 0.6684581297235691, -0.7437497341094599]
  tf_mat_link3_0_flan3:
    target_pose:
      position: [0.460546036603307, 0.007646641501307672, -0.05550547044959531]
      orientation:
        - [-0.9808244613571325, -0.1448676407462459, -0.1303715879322782]
        - [-0.0001284847724090162, -0.6684575985474055, 0.7437502119644694]
        - [-0.1948932171027416, 0.7295051458438518, 0.6556209447942599]
step_35:
  tf_mat_link2_0_flan2:
    target_pose:
      position: [0.4031880732161288, -0.130932704099048, 0.2329314027288828]
      orientation:
        - [-0.9808257669959046, 0.1448606594549878, 0.1303695225699809]
        - [0.1948866441618476, 0.729506045526166, 0.6556218976641204]
        - [-0.0001315344184128947, 0.6684581297235691, -0.7437497341094599]
  tf_mat_link3_0_flan3:
    target_pose:
      position: [0.4605532831158104, 0.007679978938236243, -0.05554184213042079]
      orientation:
        - [-0.9808244613571325, -0.1448676407462459, -0.1303715879322782]
        - [-0.0001284847724090162, -0.6684575985474055, 0.7437502119644694]
        - [-0.1948932171027416, 0.7295051458438518, 0.6556209447942599]
step_36:
  tf_mat_link2_0_flan2:
    target_pose:
      position: [0.4031953144221815, -0.1308963293873975, 0.2329647406274846]
      orientation:
        - [-0.9808257669959046, 0.1448606594549878, 0.1303695225699809]
        - [0.1948866441618476, 0.7295060455261663, 0.6556218976641204]
        - [-0.0001315344184128947, 0.6684581297235689, -0.7437497341094599]
  tf_mat_link3_0_flan3:
    target_pose:
      position: [0.4605605243107084, 0.007713316810239568, -0.05557821686866982]
      orientation:
        - [-0.9808244613571325, -0.1448676407462459, -0.1303715879322782]
        - [-0.0001284847724090162, -0.6684575985474053, 0.7437502119644693]
        - [-0.1948932171027416, 0.7295051458438521, 0.6556209447942598]
step_37:
  tf_mat_link2_0_flan2:
    target_pose:
      position: [0.4032025185777587, -0.1308599324040083, 0.2329980823683378]
      orientation:
        - [-0.9808257669959046, 0.1448606594549878, 0.1303695225699809]
        - [0.1948866441618476, 0.729506045526166, 0.6556218976641204]
        - [-0.0001315344184128947, 0.6684581297235691, -0.7437497341094599]
  tf_mat_link3_0_flan3:
    target_pose:
      position: [0.4605677284550628, 0.007746658524630579, -0.05561461387852129]
      orientation:
        - [-0.9808244613571325, -0.1448676407462459, -0.1303715879322782]
        - [-0.0001284847724090162, -0.6684575985474055, 0.7437502119644694]
        - [-0.1948932171027416, 0.7295051458438518, 0.6556209447942599]
step_38:
  tf_mat_link2_0_flan2:
    target_pose:
      position: [0.4032097597838114, -0.1308235576923578, 0.2330314202669396]
      orientation:
        - [-0.9808257669959046, 0.1448606594549878, 0.1303695225699809]
        - [0.1948866441618476, 0.729506045526166, 0.6556218976641204]
        - [-0.0001315344184128947, 0.6684581297235691, -0.7437497341094599]
  tf_mat_link3_0_flan3:
    target_pose:
      position: [0.4605749696499605, 0.007779996396633959, -0.05565098861677031]
      orientation:
        - [-0.9808244613571325, -0.1448676407462459, -0.1303715879322782]
        - [-0.0001284847724090162, -0.6684575985474055, 0.7437502119644694]
        - [-0.1948932171027416, 0.7295051458438518, 0.6556209447942599]
step_39:
  tf_mat_link2_0_flan2:
    target_pose:
      position: [0.4032169639393885, -0.1307871607089687, 0.233064762007793]
      orientation:
        - [-0.9808257669959051, 0.1448606594549878, 0.1303695225699809]
        - [0.1948866441618477, 0.729506045526166, 0.6556218976641206]
        - [-0.0001315344184128948, 0.6684581297235694, -0.7437497341094601]
  tf_mat_link3_0_flan3:
    target_pose:
      position: [0.460582173794315, 0.007813338111024914, -0.05568738562662184]
      orientation:
        - [-0.980824461357133, -0.1448676407462458, -0.1303715879322783]
        - [-0.0001284847724090163, -0.6684575985474059, 0.7437502119644696]
        - [-0.1948932171027417, 0.7295051458438517, 0.65562094479426]
step_40:
  tf_mat_link2_0_flan2:
    target_pose:
      position: [0.4032242104630372, -0.1307507890547611, 0.2330980994713394]
      orientation:
        - [-0.9808257669959046, 0.1448606594549878, 0.1303695225699809]
        - [0.1948866441618476, 0.729506045526166, 0.6556218976641204]
        - [-0.0001315344184128947, 0.6684581297235691, -0.7437497341094599]
  tf_mat_link3_0_flan3:
    target_pose:
      position: [0.4605894203068184, 0.00784667554795343, -0.05572375730744727]
      orientation:
        - [-0.9808244613571325, -0.1448676407462459, -0.1303715879322782]
        - [-0.0001284847724090162, -0.6684575985474055, 0.7437502119644694]
        - [-0.1948932171027416, 0.7295051458438518, 0.6556209447942599]
step_41:
  tf_mat_link2_0_flan2:
    target_pose:
      position: [0.4032314093010183, -0.130714389013929, 0.233131441647248]
      orientation:
        - [-0.9808257669959046, 0.1448606594549878, 0.1303695225699809]
        - [0.1948866441618476, 0.729506045526166, 0.6556218976641204]
        - [-0.0001315344184128947, 0.6684581297235691, -0.7437497341094599]
  tf_mat_link3_0_flan3:
    target_pose:
      position: [0.4605966191335671, 0.007880017697419306, -0.05576015737472229]
      orientation:
        - [-0.9808244613571325, -0.1448676407462459, -0.1303715879322782]
        - [-0.0001284847724090162, -0.6684575985474055, 0.7437502119644694]
        - [-0.1948932171027416, 0.7295051458438518, 0.6556209447942599]
step_42:
  tf_mat_link2_0_flan2:
    target_pose:
      position: [0.4032386558246669, -0.1306780173597214, 0.2331647791107945]
      orientation:
        - [-0.9808257669959051, 0.1448606594549878, 0.1303695225699809]
        - [0.1948866441618477, 0.729506045526166, 0.6556218976641206]
        - [-0.0001315344184128948, 0.6684581297235694, -0.7437497341094601]
  tf_mat_link3_0_flan3:
    target_pose:
      position: [0.4606038656460705, 0.007913355134347794, -0.05579652905554788]
      orientation:
        - [-0.980824461357133, -0.1448676407462458, -0.1303715879322783]
        - [-0.0001284847724090163, -0.6684575985474059, 0.7437502119644696]
        - [-0.1948932171027417, 0.7295051458438517, 0.65562094479426]
step_43:
  tf_mat_link2_0_flan2:
    target_pose:
      position: [0.403245854662648, -0.1306416173188891, 0.233198121286703]
      orientation:
        - [-0.9808257669959046, 0.1448606594549878, 0.1303695225699809]
        - [0.1948866441618476, 0.729506045526166, 0.6556218976641204]
        - [-0.0001315344184128947, 0.6684581297235691, -0.7437497341094599]
  tf_mat_link3_0_flan3:
    target_pose:
      position: [0.4606110644728194, 0.007946697283813697, -0.05583292912282278]
      orientation:
        - [-0.9808244613571325, -0.1448676407462459, -0.1303715879322782]
        - [-0.0001284847724090162, -0.6684575985474055, 0.7437502119644694]
        - [-0.1948932171027416, 0.7295051458438518, 0.6556209447942599]
step_44:
  tf_mat_link2_0_flan2:
    target_pose:
      position: [0.4032531011862969, -0.1306052456646816, 0.2332314587502495]
      orientation:
        - [-0.9808257669959046, 0.1448606594549878, 0.1303695225699809]
        - [0.1948866441618476, 0.729506045526166, 0.6556218976641204]
        - [-0.0001315344184128947, 0.6684581297235691, -0.7437497341094599]
  tf_mat_link3_0_flan3:
    target_pose:
      position: [0.4606183109853229, 0.007980034720742213, -0.05586930080364827]
      orientation:
        - [-0.9808244613571325, -0.1448676407462459, -0.1303715879322782]
        - [-0.0001284847724090162, -0.6684575985474055, 0.7437502119644694]
        - [-0.1948932171027416, 0.7295051458438518, 0.6556209447942599]
step_45:
  tf_mat_link2_0_flan2:
    target_pose:
      position: [0.4032603423923497, -0.130568870953031, 0.2332647966488512]
      orientation:
        - [-0.9808257669959046, 0.1448606594549878, 0.1303695225699809]
        - [0.1948866441618476, 0.729506045526166, 0.6556218976641204]
        - [-0.0001315344184128947, 0.6684581297235691, -0.7437497341094599]
  tf_mat_link3_0_flan3:
    target_pose:
      position: [0.4606255521802208, 0.008013372592745566, -0.05590567554189729]
      orientation:
        - [-0.9808244613571325, -0.1448676407462459, -0.1303715879322782]
        - [-0.0001284847724090162, -0.6684575985474055, 0.7437502119644694]
        - [-0.1948932171027416, 0.7295051458438518, 0.6556209447942599]
step_46:
  tf_mat_link2_0_flan2:
    target_pose:
      position: [0.4032675465479266, -0.1305324739696418, 0.2332981383897045]
      orientation:
        - [-0.9808257669959046, 0.1448606594549878, 0.1303695225699809]
        - [0.1948866441618476, 0.729506045526166, 0.6556218976641204]
        - [-0.0001315344184128947, 0.6684581297235691, -0.7437497341094599]
  tf_mat_link3_0_flan3:
    target_pose:
      position: [0.4606327563245751, 0.008046714307136549, -0.05594207255174877]
      orientation:
        - [-0.9808244613571325, -0.1448676407462459, -0.1303715879322782]
        - [-0.0001284847724090162, -0.6684575985474055, 0.7437502119644694]
        - [-0.1948932171027416, 0.7295051458438518, 0.6556209447942599]
step_47:
  tf_mat_link2_0_flan2:
    target_pose:
      position: [0.4032747877539792, -0.1304960992579913, 0.2333314762883062]
      orientation:
        - [-0.9808257669959046, 0.1448606594549878, 0.1303695225699809]
        - [0.1948866441618476, 0.7295060455261663, 0.6556218976641204]
        - [-0.0001315344184128947, 0.6684581297235689, -0.7437497341094599]
  tf_mat_link3_0_flan3:
    target_pose:
      position: [0.4606399975194729, 0.008080052179139957, -0.05597844728999779]
      orientation:
        - [-0.9808244613571325, -0.1448676407462459, -0.1303715879322782]
        - [-0.0001284847724090162, -0.6684575985474053, 0.7437502119644693]
        - [-0.1948932171027416, 0.7295051458438521, 0.6556209447942598]
step_48:
  tf_mat_link2_0_flan2:
    target_pose:
      position: [0.4032819919095563, -0.1304597022746021, 0.2333648180291596]
      orientation:
        - [-0.9808257669959046, 0.1448606594549878, 0.1303695225699809]
        - [0.1948866441618476, 0.729506045526166, 0.6556218976641204]
        - [-0.0001315344184128947, 0.6684581297235691, -0.7437497341094599]
  tf_mat_link3_0_flan3:
    target_pose:
      position: [0.4606472016638274, 0.00811339389353094, -0.05601484429984926]
      orientation:
        - [-0.9808244613571325, -0.1448676407462459, -0.1303715879322782]
        - [-0.0001284847724090162, -0.6684575985474055, 0.7437502119644694]
        - [-0.1948932171027416, 0.7295051458438518, 0.6556209447942599]
step_49:
  tf_mat_link2_0_flan2:
    target_pose:
      position: [0.403289238433205, -0.1304233306203947, 0.233398155492706]
      orientation:
        - [-0.9808257669959046, 0.1448606594549878, 0.1303695225699809]
        - [0.1948866441618476, 0.729506045526166, 0.6556218976641204]
        - [-0.0001315344184128947, 0.6684581297235691, -0.7437497341094599]
  tf_mat_link3_0_flan3:
    target_pose:
      position: [0.4606544481763308, 0.008146731330459456, -0.05605121598067475]
      orientation:
        - [-0.9808244613571325, -0.1448676407462459, -0.1303715879322782]
        - [-0.0001284847724090162, -0.6684575985474055, 0.7437502119644694]
        - [-0.1948932171027416, 0.7295051458438518, 0.6556209447942599]
step_50:
  tf_mat_link2_0_flan2:
    target_pose:
      position: [0.4032964425887821, -0.1303869336370054, 0.2334314972335593]
      orientation:
        - [-0.9808257669959046, 0.1448606594549878, 0.1303695225699809]
        - [0.1948866441618476, 0.729506045526166, 0.6556218976641204]
        - [-0.0001315344184128947, 0.6684581297235691, -0.7437497341094599]
  tf_mat_link3_0_flan3:
    target_pose:
      position: [0.4606616523206852, 0.008180073044850467, -0.05608761299052623]
      orientation:
        - [-0.9808244613571325, -0.1448676407462459, -0.1303715879322782]
        - [-0.0001284847724090162, -0.6684575985474055, 0.7437502119644694]
        - [-0.1948932171027416, 0.7295051458438518, 0.6556209447942599]
step_51:
  tf_mat_link2_0_flan2:
    target_pose:
      position: [0.403303678477239, -0.1303505558679118, 0.2334648355672164]
      orientation:
        - [-0.9808257669959046, 0.1448606594549878, 0.1303695225699809]
        - [0.1948866441618476, 0.729506045526166, 0.6556218976641204]
        - [-0.0001315344184128947, 0.6684581297235691, -0.7437497341094599]
  tf_mat_link3_0_flan3:
    target_pose:
      position: [0.4606688881979774, 0.008213411351928684, -0.05612399078619879]
      orientation:
        - [-0.9808244613571325, -0.1448676407462459, -0.1303715879322782]
        - [-0.0001284847724090162, -0.6684575985474055, 0.7437502119644694]
        - [-0.1948932171027416, 0.7295051458438518, 0.6556209447942599]
step_52:
  tf_mat_link2_0_flan2:
    target_pose:
      position: [0.4033108826328161, -0.1303141588845227, 0.2334981773080697]
      orientation:
        - [-0.9808257669959046, 0.1448606594549878, 0.1303695225699809]
        - [0.1948866441618476, 0.729506045526166, 0.6556218976641204]
        - [-0.0001315344184128947, 0.6684581297235691, -0.7437497341094599]
  tf_mat_link3_0_flan3:
    target_pose:
      position: [0.4606760923423319, 0.008246753066319668, -0.0561603877960502]
      orientation:
        - [-0.9808244613571325, -0.1448676407462459, -0.1303715879322782]
        - [-0.0001284847724090162, -0.6684575985474055, 0.7437502119644694]
        - [-0.1948932171027416, 0.7295051458438518, 0.6556209447942599]
step_53:
  tf_mat_link2_0_flan2:
    target_pose:
      position: [0.4033181291564648, -0.1302777872303152, 0.2335315147716161]
      orientation:
        - [-0.9808257669959051, 0.1448606594549878, 0.1303695225699809]
        - [0.1948866441618477, 0.729506045526166, 0.6556218976641206]
        - [-0.0001315344184128948, 0.6684581297235694, -0.7437497341094601]
  tf_mat_link3_0_flan3:
    target_pose:
      position: [0.4606833388548352, 0.008280090503248128, -0.05619675947687575]
      orientation:
        - [-0.980824461357133, -0.1448676407462458, -0.1303715879322783]
        - [-0.0001284847724090163, -0.6684575985474059, 0.7437502119644696]
        - [-0.1948932171027417, 0.7295051458438517, 0.65562094479426]
step_54:
  tf_mat_link2_0_flan2:
    target_pose:
      position: [0.4033253756801135, -0.1302414155761076, 0.2335648522351626]
      orientation:
        - [-0.9808257669959046, 0.1448606594549878, 0.1303695225699809]
        - [0.1948866441618476, 0.729506045526166, 0.6556218976641204]
        - [-0.0001315344184128947, 0.6684581297235691, -0.7437497341094599]
  tf_mat_link3_0_flan3:
    target_pose:
      position: [0.4606905853673387, 0.008313427940176699, -0.05623313115770123]
      orientation:
        - [-0.9808244613571325, -0.1448676407462459, -0.1303715879322782]
        - [-0.0001284847724090162, -0.6684575985474055, 0.7437502119644694]
        - [-0.1948932171027416, 0.7295051458438518, 0.6556209447942599]
step_55:
