step_0:
  tf_mat_link2_0_flan2:
    target_pose:
      position: [0.4207638026094829, -0.0419368280967945, 0.3312695463343462]
      orientation:
        - [0.9807772604346069, -0.1448678649843858, 0.1307259554074098]
        - [-0.1951302500537945, -0.7295046137142194, 0.6555510287028197]
        - [0.000396909685370578, -0.6684581306698936, -0.7437496389186952]
  tf_mat_link3_0_flan3:
    target_pose:
      position: [0.4815473769164922, 0.08742434455018777, -0.1608966851663586]
      orientation:
        - [-0.9807789389084883, -0.1448676407461846, -0.1307136102832321]
        - [-0.0003878431937858876, -0.6684575985413991, 0.7437501219322602]
        - [-0.1951218314974901, 0.7295051458435377, 0.6555529423309837]
step_1:
  tf_mat_link2_0_flan2:
    target_pose:
      position: [0.4206842618832404, -0.04192099091546792, 0.3312695066823919]
      orientation:
        - [0.9807316144148457, -0.1448678649843247, 0.1310679612770491]
        - [-0.1953588400531954, -0.7295046137139058, 0.6554829435863461]
        - [0.0006562678905967799, -0.6684581306638993, -0.7437494552821716]
  tf_mat_link3_0_flan3:
    target_pose:
      position: [0.4816268691338337, 0.08742438911123723, -0.1608808638413995]
      orientation:
        - [-0.9807332971935813, -0.1448676407461235, -0.1310556167389347]
        - [-0.0006472015679985215, -0.6684575985354047, 0.743749941457348]
        - [-0.1953504221647178, 0.729505145843224, 0.6554848601500883]
step_2:
  tf_mat_link2_0_flan2:
    target_pose:
      position: [0.4206047695036657, -0.04190514950907043, 0.331269441220875]
      orientation:
        - [0.9806858491292351, -0.1448678649842637, 0.1314099512481986]
        - [-0.195587406322888, -0.7295046137135927, 0.6554147787528177]
        - [0.0009156260462407784, -0.6684581306579159, -0.7437491812029875]
  tf_mat_link3_0_flan3:
    target_pose:
      position: [0.4817064023056329, 0.08742444991841103, -0.1608650096731502]
      orientation:
        - [-0.9806875362126204, -0.1448676407460625, -0.1313976072976486]
        - [-0.0009065598937314695, -0.6684575985294214, 0.7437496705397165]
        - [-0.1955789891032609, 0.7295051458429109, 0.6554166982519055]
step_3:
  tf_mat_link2_0_flan2:
    target_pose:
      position: [0.4205252361202413, -0.04188927523880992, 0.3312693595224382]
      orientation:
        - [0.9806399645993616, -0.1448678649842028, 0.1317519251597156]
        - [-0.1958159487551765, -0.72950461371328, 0.6553465342343676]
        - [0.001174984030093344, -0.6684581306519457, -0.7437488166812892]
  tf_mat_link3_0_flan3:
    target_pose:
      position: [0.4817858870063709, 0.08742453654461252, -0.1608491513150159]
      orientation:
        - [-0.980641655987191, -0.1448676407460016, -0.131739581798231]
        - [-0.001165918048775422, -0.6684575985234511, 0.7437493091795108]
        - [-0.1958075322054233, 0.7295051458425984, 0.6553484566685671]
step_4:
  tf_mat_link2_0_flan2:
    target_pose:
      position: [0.4204457513361423, -0.0418733968254581, 0.3312692519864536]
      orientation:
        - [0.9805939607986806, -0.144867864984142, 0.1320938832091144]
        - [-0.1960444674820556, -0.7295046137129683, 0.6552782099915512]
        - [0.001434341991956193, -0.668458130645987, -0.7437483617168337]
  tf_mat_link3_0_flan3:
    target_pose:
      position: [0.481865412931137, 0.08742463938899692, -0.160833260028213]
      orientation:
        - [-0.9805956564907498, -0.1448676407459407, -0.1320815404381965]
        - [-0.001425276182932194, -0.6684575985174924, 0.7437488573764892]
        - [-0.1960360516032001, 0.7295051458422864, 0.6552801353606297]
step_5:
  tf_mat_link2_0_flan2:
    target_pose:
      position: [0.4203662254119828, -0.04185748550002655, 0.3312691282322459]
      orientation:
        - [0.980547837775674, -0.1448678649840814, 0.1324358250360197]
        - [-0.1962729622626994, -0.7295046137126574, 0.6552098060963715]
        - [0.001693699658503077, -0.6684581306400404, -0.7437478163101016]
  tf_mat_link3_0_flan3:
    target_pose:
      position: [0.4819448901729009, 0.08742476807099675, -0.1608173646148803]
      orientation:
        - [-0.9805495377717751, -0.1448676407458802, -0.1324234828571692]
        - [-0.001684634022875356, -0.6684575985115458, 0.7437483151311294]
        - [-0.1962645470557647, 0.7295051458419756, 0.6552117344000936]
step_6:
  tf_mat_link2_0_flan2:
    target_pose:
      position: [0.4202867477953912, -0.04184156993120547, 0.3312689786778563]
      orientation:
        - [0.9805015955145349, -0.1448678649840209, 0.1327777507582502]
        - [-0.1965014331758462, -0.7295046137123468, 0.6551413225253186]
        - [0.001953057119088906, -0.6684581306341065, -0.7437471804609672]
  tf_mat_link3_0_flan3:
    target_pose:
      position: [0.4820244082341462, 0.08742491300838251, -0.1608014363957245]
      orientation:
        - [-0.9805032998144613, -0.1448676407458196, -0.1327654091729678]
        - [-0.001943991657959876, -0.6684575985056119, 0.7437476824433066]
        - [-0.1964930186418557, 0.7295051458416649, 0.6551432537634498]
step_7:
  tf_mat_link2_0_flan2:
    target_pose:
      position: [0.4202072293691654, -0.04182562155834735, 0.3312688128679488]
      orientation:
        - [0.9804552340208866, -0.1448678649839605, 0.133119660334226]
        - [-0.1967298801937133, -0.7295046137120368, 0.6550727592867196]
        - [0.002212414342174881, -0.6684581306281844, -0.7437464541695082]
  tf_mat_link3_0_flan3:
    target_pose:
      position: [0.4821038779782668, 0.08742508374610958, -0.1607855039349376]
      orientation:
        - [-0.9804569426244308, -0.1448676407457592, -0.1331073193440126]
        - [-0.002203349056646936, -0.6684575984996898, 0.7437469593130984]
        - [-0.1967214663336901, 0.7295051458413551, 0.6550746934590251]
step_8:
  tf_mat_link2_0_flan2:
    target_pose:
      position: [0.4201277592698415, -0.04180966894597415, 0.3312686212578979]
      orientation:
        - [0.9804087533003655, -0.1448678649839002, 0.13346155372237]
        - [-0.1969583032885204, -0.7295046137117275, 0.6550041163889123]
        - [0.002471771296222235, -0.6684581306222738, -0.7437456374358126]
  tf_mat_link3_0_flan3:
    target_pose:
      position: [0.4821833885225348, 0.08742527073918432, -0.1607695386722021]
      orientation:
        - [-0.9804104662073199, -0.1448676407456989, -0.1334492133287263]
        - [-0.002462706187397745, -0.6684575984937792, 0.7437461457405918]
        - [-0.1969498901034877, 0.7295051458410458, 0.6550060534951568]
step_9:
  tf_mat_link2_0_flan2:
    target_pose:
      position: [0.4200482490024205, -0.04179368374168452, 0.3312684133175991]
      orientation:
        - [0.980362153315127, -0.1448678649838401, 0.1338034311998154]
        - [-0.1971867026454055, -0.7295046137114188, 0.6549353937761399]
        - [0.002731128191478368, -0.6684581306163762, -0.7437447302590926]
  tf_mat_link3_0_flan3:
    target_pose:
      position: [0.4822628515007491, 0.08742548345819245, -0.1607535689336685]
      orientation:
        - [-0.9803638705252872, -0.1448676407456388, -0.1337910914042425]
        - [-0.00272206326045985, -0.6684575984878816, 0.7437452417250021]
        - [-0.1971782901363871, 0.729505145840737, 0.6549373338160906]
step_10:
  tf_mat_link2_0_flan2:
    target_pose:
      position: [0.4199687864590333, -0.0417776940935049, 0.3312681796519594]
      orientation:
        - [0.980315434157722, -0.14486786498378, 0.134145292087556]
        - [-0.1974150778107423, -0.7295046137111107, 0.6548665915848932]
        - [0.002990484512831984, -0.66845813061049, -0.7437437326411489]
  tf_mat_link3_0_flan3:
    target_pose:
      position: [0.4823423544893712, 0.08742571250688375, -0.1607375666350987]
      orientation:
        - [-0.9803171556708752, -0.1448676407455787, -0.134132952891554]
        - [-0.002981419760721601, -0.6684575984819954, 0.7437442472681234]
        - [-0.1974066659787605, 0.729505145840429, 0.6548685345583115]
step_11:
  tf_mat_link2_0_flan2:
    target_pose:
      position: [0.4198893277081108, -0.04176168593034713, 0.3312679249585763]
      orientation:
        - [0.980268595790447, -0.1448678649837202, 0.1344871366627442]
        - [-0.1976434289696971, -0.7295046137108036, 0.6547977097595087]
        - [0.003249840470530858, -0.6684581306046168, -0.7437426445813009]
  tf_mat_link3_0_flan3:
    target_pose:
      position: [0.4824218536856737, 0.08742596258333224, -0.1607215458215369]
      orientation:
        - [-0.9802703216063838, -0.1448676407455188, -0.1344747980678135]
        - [-0.003240775898430915, -0.6684575984761223, 0.7437431623692781]
        - [-0.1976350178157747, 0.7295051458401217, 0.6547996556661584]
step_12:
  tf_mat_link2_0_flan2:
    target_pose:
      position: [0.4198098281958835, -0.04174564497286715, 0.3312676540098031]
      orientation:
        - [0.9802216382189948, -0.1448678649836604, 0.1348289648838104]
        - [-0.197871756094501, -0.7295046137104966, 0.6547287483083629]
        - [0.003509196033036372, -0.6684581305987548, -0.7437414660796787]
  tf_mat_link3_0_flan3:
    target_pose:
      position: [0.4825013045165221, 0.08742623845999464, -0.1607055207760587]
      orientation:
        - [-0.9802233683375053, -0.144867640745459, -0.1348166268914515]
        - [-0.003500131642049154, -0.6684575984702602, 0.7437419870285955]
        - [-0.197863345619661, 0.7295051458398149, 0.6547306971480072]
step_13:
  tf_mat_link2_0_flan2:
    target_pose:
      position: [0.4197303770588849, -0.04172959978559798, 0.3312673572610272]
      orientation:
        - [0.9801745614490763, -0.1448678649836008, 0.1351707767091872]
        - [-0.1981000591573888, -0.7295046137101907, 0.6546597072398418]
        - [0.003768551168809959, -0.6684581305929046, -0.7437401971364269]
  tf_mat_link3_0_flan3:
    target_pose:
      position: [0.4825807960991909, 0.08742653059186395, -0.1606894629383576]
      orientation:
        - [-0.9801762958699504, -0.1448676407453993, -0.1351584393209004]
        - [-0.003759486960037729, -0.66845759846441, 0.7437407212462198]
        - [-0.1980916493626538, 0.7295051458395089, 0.6546616590122437]
step_14:
  tf_mat_link2_0_flan2:
    target_pose:
      position: [0.41965088517991, -0.04171352180790816, 0.3312670442569305]
      orientation:
        - [0.9801273654864173, -0.1448678649835412, 0.135512572097309]
        - [-0.1983283381305983, -0.729504613709885, 0.654590586562341]
        - [0.004027905846313109, -0.668458130587067, -0.7437388377516996]
  tf_mat_link3_0_flan3:
    target_pose:
      position: [0.4826602392970776, 0.08742684852387778, -0.1606734008726415]
      orientation:
        - [-0.980129104209444, -0.1448676407453398, -0.1355002353145946]
        - [-0.004018841820858108, -0.6684575984585724, 0.7437393650223051]
        - [-0.198319929016991, 0.7295051458392032, 0.6545925412672633]
step_15:
  tf_mat_link2_0_flan2:
    target_pose:
      position: [0.4195714416954914, -0.04169743960433536, 0.3312667054529055]
      orientation:
        - [0.9800800503367567, -0.1448678649834818, 0.1358543510066122]
        - [-0.1985565929863697, -0.7295046137095802, 0.6545213862842657]
        - [0.00428726003400736, -0.6684581305812418, -0.7437373879256627]
  tf_mat_link3_0_flan3:
    target_pose:
      position: [0.482739723227457, 0.08742718271102434, -0.1606573060186086]
      orientation:
        - [-0.9800817933617244, -0.1448676407452804, -0.1358420148309704]
        - [-0.004278196192971803, -0.6684575984527472, 0.7437379183570165]
        - [-0.1985481845549127, 0.7295051458388984, 0.6545233439214708]
step_16:
  tf_mat_link2_0_flan2:
    target_pose:
      position: [0.4194919581106517, -0.04168132482237308, 0.3312663503187281]
      orientation:
        - [0.9800326159615712, -0.1448678649834226, 0.1361961137141369]
        - [-0.1987848239097041, -0.7295046137092762, 0.6544521063494073]
        - [0.004546613942137562, -0.6684581305754279, -0.7437358476570136]
  tf_mat_link3_0_flan3:
    target_pose:
      position: [0.4828191595241066, 0.08742754262400909, -0.1606412067023043]
      orientation:
        - [-0.9800343632882721, -0.1448676407452211, -0.1361837781470684]
        - [-0.004537550286623821, -0.6684575984469333, 0.7437363812490544]
        - [-0.1987764161614206, 0.7295051458385944, 0.6544540669186597]
step_17:
  tf_mat_link2_0_flan2:
    target_pose:
      position: [0.4194125216952367, -0.04166520540220181, 0.3312659695345283]
      orientation:
        - [0.9799850624994587, -0.1448678649833634, 0.1365378592225187]
        - [-0.1990130302345749, -0.7295046137089723, 0.6543827469600617]
        - [0.004805966813815633, -0.6684581305696269, -0.7437342169503739]
  tf_mat_link3_0_flan3:
    target_pose:
      position: [0.4828986349931652, 0.08742791894049667, -0.1606250750779322]
      orientation:
        - [-0.9799868141276722, -0.1448676407451619, -0.1365255242655225]
        - [-0.004796903344925534, -0.6684575984411323, 0.7437347537030307]
        - [-0.1990046231704859, 0.7295051458382904, 0.6543847104611176]
step_18:
  tf_mat_link2_0_flan2:
    target_pose:
      position: [0.4193330458209609, -0.04164905361564669, 0.3312655723453159]
      orientation:
        - [0.9799373897788742, -0.1448678649833044, 0.1368795887645757]
        - [-0.199241212784217, -0.7295046137086697, 0.6543133078660199]
        - [0.005065319584635212, -0.6684581305638378, -0.743732495799862]
  tf_mat_link3_0_flan3:
    target_pose:
      position: [0.4829780635795409, 0.0874283209085448, -0.1606089387570068]
      orientation:
        - [-0.9799391457083954, -0.1448676407451029, -0.1368672544191528]
        - [-0.005056256303471252, -0.6684575984353432, 0.7437330357130756]
        - [-0.1992328064053462, 0.7295051458379879, 0.6543152742986458]
step_19:
  tf_mat_link2_0_flan2:
    target_pose:
      position: [0.4192536183798985, -0.04163289761101341, 0.3312651493563148]
      orientation:
        - [0.9798895978941675, -0.1448678649832455, 0.137221301661549]
        - [-0.1994693711053671, -0.7295046137083672, 0.6542437892049735]
        - [0.005324671739491509, -0.6684581305580609, -0.743730684208642]
  tf_mat_link3_0_flan3:
    target_pose:
      position: [0.4830575328597532, 0.08742873913158622, -0.1605927696555692]
      orientation:
        - [-0.9798913581247827, -0.1448676407450439, -0.1372089679291992]
        - [-0.00531560864715582, -0.6684575984295663, 0.7437312272823464]
        - [-0.1994609654127367, 0.7295051458376854, 0.6542457585689305]
step_20:
  tf_mat_link2_0_flan2:
    target_pose:
      position: [0.4191741490103549, -0.04161670841158072, 0.3312647102622006]
      orientation:
        - [0.9798416869405904, -0.1448678649831867, 0.1375629972348059]
        - [-0.1996975047449451, -0.7295046137080654, 0.6541741911152167]
        - [0.005584022763284416, -0.6684581305522955, -0.7437287821805648]
  tf_mat_link3_0_flan3:
    target_pose:
      position: [0.4831369521564718, 0.08742918330284039, -0.1605765968143128]
      orientation:
        - [-0.9798434514720776, -0.1448676407449851, -0.137550664117028]
        - [-0.005574959860878748, -0.6684575984238009, 0.7437293284146884]
        - [-0.1996890997395761, 0.7295051458373837, 0.65417616341026]
step_21:
  tf_mat_link2_0_flan2:
    target_pose:
      position: [0.419094729337825, -0.0416005154141405, 0.3312642452184637]
      orientation:
        - [0.9797936567453107, -0.1448678649831281, 0.1379046767169842]
        - [-0.1999256145259246, -0.7295046137077646, 0.6541045133456803]
        - [0.005843373591600905, -0.6684581305465428, -0.7437267897087706]
  tf_mat_link3_0_flan3:
    target_pose:
      position: [0.4832164136684414, 0.08742964358064609, -0.1605603907200399]
      orientation:
        - [-0.9797954255774634, -0.1448676407449265, -0.1378923442152791]
        - [-0.005834310880227694, -0.6684575984180482, 0.7437273391032527]
        - [-0.1999172102088402, 0.7295051458370829, 0.6541064885715751]
step_22:
  tf_mat_link2_0_flan2:
    target_pose:
      position: [0.4190153123195555, -0.04158430350719933, 0.3312637592974791]
      orientation:
        - [0.9797455074932729, -0.1448678649830695, 0.1382463387924077]
        - [-0.2001536995699421, -0.7295046137074641, 0.6540347561646667]
        - [0.006102723225780523, -0.6684581305408022, -0.7437247068009301]
  tf_mat_link3_0_flan3:
    target_pose:
      position: [0.4832958697410807, 0.08743012503398961, -0.1605441666088265]
      orientation:
        - [-0.979747280625868, -0.1448676407448679, -0.1382340069082739]
        - [-0.006093660706541472, -0.6684575984123076, 0.7437252593556981]
        - [-0.2001452959421631, 0.7295051458367822, 0.6540367343211674]
step_23:
  tf_mat_link2_0_flan2:
    target_pose:
      position: [0.4189358558907649, -0.04156805924354029, 0.3312632569715544]
      orientation:
        - [0.9796972390107821, -0.1448678649830111, 0.1385879846935932]
        - [-0.2003817606997949, -0.7295046137071644, 0.6539649193205321]
        - [0.006362072601405237, -0.6684581305350734, -0.7437225334495299]
  tf_mat_link3_0_flan3:
    target_pose:
      position: [0.4833752788826973, 0.08743063213882152, -0.1605279378107258]
      orientation:
        - [-0.979699016443612, -0.1448676407448095, -0.1385756534285315]
        - [-0.006353010275402739, -0.6684575984065788, 0.7437230891645225]
        - [-0.2003733577623446, 0.7295051458364826, 0.6539669004074039]
step_24:
  tf_mat_link2_0_flan2:
    target_pose:
      position: [0.4188564466989734, -0.0415518103556875, 0.3312627289962577]
      orientation:
        - [0.9796488514837025, -0.1448678649829528, 0.1389296131049938]
        - [-0.2006097970373076, -0.7295046137068653, 0.653895003082192]
        - [0.006621420719820192, -0.6684581305293565, -0.7437202696629388]
  tf_mat_link3_0_flan3:
    target_pose:
      position: [0.4834547271291485, 0.08743115564650589, -0.1605116767185722]
      orientation:
        - [-0.979650633216543, -0.1448676407447512, -0.1389172824605026]
        - [-0.006612358588155897, -0.6684575984008619, 0.7437208285380825]
        - [-0.2006013947912063, 0.7295051458361835, 0.6538969870991883]
step_25:
  tf_mat_link2_0_flan2:
    target_pose:
      position: [0.4187769981159938, -0.04153552911499925, 0.3312621846160678]
      orientation:
        - [0.9796003447374798, -0.1448678649828946, 0.1392712252590053]
        - [-0.2008378094051018, -0.7295046137065665, 0.6538250071974296]
        - [0.006880768516601882, -0.668458130523652, -0.74371791543299]
  tf_mat_link3_0_flan3:
    target_pose:
      position: [0.4835341284252446, 0.08743170480563178, -0.1604954109434133]
      orientation:
        - [-0.9796021307701221, -0.144867640744693, -0.1392588952365851]
        - [-0.006871706580378139, -0.6684575983951574, 0.7437184774682227]
        - [-0.2008294078513727, 0.7295051458358848, 0.6538269941443148]
step_26:
  tf_mat_link2_0_flan2:
    target_pose:
      position: [0.4186975980338458, -0.0415192436700379, 0.3312616144365014]
      orientation:
        - [0.9795517188681216, -0.1448678649828366, 0.1396128204771008]
        - [-0.201065797350252, -0.729504613706269, 0.6537549318050416]
        - [0.007140115476654779, -0.6684581305179601, -0.7437154707641078]
  tf_mat_link3_0_flan3:
    target_pose:
      position: [0.4836135703475581, 0.08743227021933897, -0.1604791124015473]
      orientation:
        - [-0.9795535092003489, -0.144867640744635, -0.139600491078251]
        - [-0.007131053736973559, -0.6684575983894654, 0.7437160359593611]
        - [-0.2010573964899167, 0.7295051458355871, 0.6537569216815738]
step_27:
  tf_mat_link2_0_flan2:
    target_pose:
      position: [0.4186181560907808, -0.04150292504433972, 0.3312610281525258]
      orientation:
        - [0.9795029739725353, -0.1448678649827787, 0.1399543980808823]
        - [-0.2012937604200168, -0.7295046137059715, 0.653684777044428]
        - [0.007399461084889709, -0.6684581305122794, -0.7437129356613981]
  tf_mat_link3_0_flan3:
    target_pose:
      position: [0.4836929622188143, 0.0874328615805553, -0.1604628101339245]
      orientation:
        - [-0.9795047686041214, -0.144867640744577, -0.1399420693071011]
        - [-0.007390399542852581, -0.6684575983837849, 0.7437135040165975]
        - [-0.2012853602540956, 0.7295051458352898, 0.6536867698503599]
step_28:
  tf_mat_link2_0_flan2:
    target_pose:
      position: [0.4185387639123924, -0.04148660263422932, 0.3312604159191008]
      orientation:
        - [0.9794541098748795, -0.1448678649827209, 0.1402959593025621]
        - [-0.2015216994367544, -0.7295046137056751, 0.6536145426625108]
        - [0.007658806276874105, -0.6684581305066108, -0.7437103101157178]
  tf_mat_link3_0_flan3:
    target_pose:
      position: [0.4837723962376584, 0.08743346904815014, -0.1604464746268805]
      orientation:
        - [-0.9794559088056146, -0.1448676407445192, -0.1402836311553499]
        - [-0.007649744933583356, -0.6684575983781162, 0.7437108816307998]
        - [-0.20151329996627, 0.7295051458349934, 0.6536165383976058]
step_29:
  tf_mat_link2_0_flan2:
    target_pose:
      position: [0.4184593298923867, -0.04147024704742019, 0.3312597875814911]
      orientation:
        - [0.9794051267633109, -0.1448678649826632, 0.1406375028269194]
        - [-0.2017496135227588, -0.7295046137053788, 0.6535442289297368]
        - [0.007918150053969225, -0.6684581305009554, -0.7437075941371757]
  tf_mat_link3_0_flan3:
    target_pose:
      position: [0.4838517801861455, 0.08743410246302963, -0.1604301353981177]
      orientation:
        - [-0.9794069299929682, -0.1448676407444615, -0.140625175307774]
        - [-0.007909088910526375, -0.6684575983724608, 0.7437081688120655]
        - [-0.2017412147487314, 0.7295051458346971, 0.6535462275937465]
step_30:
  tf_mat_link2_0_flan2:
    target_pose:
      position: [0.418379945656386, -0.04145388768010366, 0.3312591332945043]
      orientation:
        - [0.9793560244611264, -0.1448678649826057, 0.1409790298860432]
        - [-0.2019775035002109, -0.7295046137050836, 0.6534738355924545]
        - [0.008177493351735898, -0.6684581304953111, -0.7437047877159746]
  tf_mat_link3_0_flan3:
    target_pose:
      position: [0.4839312062628924, 0.08743475198421541, -0.1604137629338382]
      orientation:
        - [-0.9793578319894943, -0.1448676407444039, -0.1409667029964651]
        - [-0.008168432409243188, -0.6684575983668165, 0.7437053655506077]
        - [-0.2019691054236632, 0.7295051458344018, 0.6534758371851411]
step_31:
  tf_mat_link2_0_flan2:
    target_pose:
      position: [0.4183005195980649, -0.04143749514013512, 0.3312584629035673]
      orientation:
        - [0.9793068031574006, -0.1448678649825483, 0.1413205391648444]
        - [-0.2022053684915941, -0.7295046137047887, 0.6534033629217215]
        - [0.008436835171542681, -0.6684581304896792, -0.7437018908629207]
  tf_mat_link3_0_flan3:
    target_pose:
      position: [0.4840105822499847, 0.08743542745245159, -0.1603973867518869]
      orientation:
        - [-0.9793086149842516, -0.1448676407443464, -0.1413082129063312]
        - [-0.008427774431101577, -0.6684575983611847, 0.7437024718572212]
        - [-0.2021969711135459, 0.729505145834107, 0.6534053674428364]
step_32:
  tf_mat_link2_0_flan2:
    target_pose:
      position: [0.4182211445876499, -0.04142109923926257, 0.3312577664128871]
      orientation:
        - [0.9792574625824648, -0.1448678649824909, 0.141662032531988]
        - [-0.2024332097436997, -0.7295046137044947, 0.6533328105316943]
        - [0.008696176932485812, -0.6684581304840594, -0.7436989035619102]
  tf_mat_link3_0_flan3:
    target_pose:
      position: [0.4840900018866521, 0.0874361188790842, -0.1603809768614469]
      orientation:
        - [-0.9792592787075945, -0.1448676407442892, -0.1416497069060411]
        - [-0.008687116395198893, -0.6684575983555647, 0.7436994877158191]
        - [-0.2024248130651748, 0.7295051458338129, 0.6533348179810047]
step_33:
  tf_mat_link2_0_flan2:
    target_pose:
      position: [0.4181417265296432, -0.04140466975406998, 0.3312570539689108]
      orientation:
        - [0.9792080031103012, -0.1448678649824338, 0.142003507399086]
        - [-0.2026610255295788, -0.7295046137042014, 0.6532621789571331]
        - [0.008955516668854678, -0.6684581304784512, -0.7436958258355848]
  tf_mat_link3_0_flan3:
    target_pose:
      position: [0.4841693698737203, 0.08743683640038891, -0.1603645637342422]
      orientation:
        - [-0.9792098235334726, -0.144867640744232, -0.1419911824072018]
        - [-0.008946456335822976, -0.6684575983499567, 0.7436964131490192]
        - [-0.2026526295515956, 0.7295051458335197, 0.6532641893343839]
step_34:
  tf_mat_link2_0_flan2:
    target_pose:
      position: [0.4180623570497027, -0.04138823608058573, 0.3312563157262606]
      orientation:
        - [0.9791584245631559, -0.1448678649823767, 0.1423449649980766]
        - [-0.2028888166711955, -0.7295046137039086, 0.6531914679436849]
        - [0.009214855316201526, -0.6684581304728555, -0.7436926576733486]
  tf_mat_link3_0_flan3:
    target_pose:
      position: [0.4842487784097715, 0.0874375701755728, -0.1603481178563112]
      orientation:
        - [-0.9791602492841478, -0.1448676407441749, -0.1423326406417539]
        - [-0.009205795188526811, -0.6684575983443608, 0.7436932481462372]
        - [-0.2028804213947751, 0.7295051458332269, 0.6531934812486315]
step_35:
  tf_mat_link2_0_flan2:
    target_pose:
      position: [0.4179829915940477, -0.04137178393951724, 0.3312555564573487]
      orientation:
        - [0.9791087269470587, -0.1448678649823198, 0.1426864052874374]
        - [-0.2031165831408499, -0.7295046137036163, 0.6531206774999478]
        - [0.009474192842989917, -0.6684581304672725, -0.7436893990755872]
  tf_mat_link3_0_flan3:
    target_pose:
      position: [0.4843281829216823, 0.08743832497703302, -0.1603316535107812]
      orientation:
        - [-0.9791105559656492, -0.1448676407441179, -0.1426740815681749]
        - [-0.009465132921773931, -0.668457598338778, 0.7436899927078582]
        - [-0.2031081885670131, 0.7295051458329345, 0.6531226937323457]
step_36:
  tf_mat_link2_0_flan2:
    target_pose:
      position: [0.4179035880981063, -0.04135529988267805, 0.3312547806333787]
      orientation:
        - [0.9790589100820608, -0.144867864982263, 0.1430278294987886]
        - [-0.2033443257600517, -0.7295046137033248, 0.653049807370108]
        - [0.009733530184751756, -0.668458130461701, -0.7436860500300382]
  tf_mat_link3_0_flan3:
    target_pose:
      position: [0.4844075419175521, 0.08743910528182414, -0.1603151840267354]
      orientation:
        - [-0.9790607433980433, -0.1448676407440611, -0.1430155064180873]
        - [-0.00972447047109699, -0.6684575983332063, 0.743686646821631]
        - [-0.203335931889822, 0.729505145832643, 0.6530518265297227]
step_37:
  tf_mat_link2_0_flan2:
    target_pose:
      position: [0.4178242307199976, -0.04133881081237872, 0.3312539793121438]
      orientation:
        - [0.9790089743457574, -0.1448678649822063, 0.1433692350442662]
        - [-0.2035720428026001, -0.729504613703034, 0.6529788580913327]
        - [0.009992865375809939, -0.6684581304561418, -0.7436826105620875]
  tf_mat_link3_0_flan3:
    target_pose:
      position: [0.484486938352207, 0.08743990213563702, -0.1602986827519449]
      orientation:
        - [-0.9790108119588931, -0.1448676407440044, -0.1433569126036222]
        - [-0.009983805870817314, -0.6684575983276472, 0.743683210512918]
        - [-0.2035636496369956, 0.7295051458323522, 0.6529808801779077]
step_38:
  tf_mat_link2_0_flan2:
    target_pose:
      position: [0.4177448328316984, -0.04132228899921442, 0.331253161737254]
      orientation:
        - [0.9789589195586733, -0.1448678649821498, 0.1437106231555594]
        - [-0.2037997350901031, -0.7295046137027437, 0.6529078294081234]
        - [0.01025219935170102, -0.6684581304505942, -0.7436790806598316]
  tf_mat_link3_0_flan3:
    target_pose:
      position: [0.4845662861702927, 0.08744072478792947, -0.1602821772966944]
      orientation:
        - [-0.9789607614687387, -0.1448676407439479, -0.1436983013564712]
        - [-0.0102431400564722, -0.6684575983220997, 0.7436796837698268]
        - [-0.2037913426301443, 0.7295051458320619, 0.6529098544214129]
step_39:
  tf_mat_link2_0_flan2:
    target_pose:
      position: [0.4176654860589852, -0.04130576383867401, 0.3312523180627167]
      orientation:
        - [0.9789087455395755, -0.1448678649820933, 0.1440519950640994]
        - [-0.2040274034438032, -0.729504613702454, 0.6528367210638054]
        - [0.01051153304794358, -0.6684581304450589, -0.7436754603100324]
  tf_mat_link3_0_flan3:
    target_pose:
      position: [0.4846456775702738, 0.08744156339852299, -0.1602656381464828]
      orientation:
        - [-0.9789105917463627, -0.1448676407438914, -0.1440396739080678]
        - [-0.010502473963581, -0.6684575983165643, 0.7436760665791308]
        - [-0.2040190116905134, 0.7295051458317722, 0.6528387490035741]
step_40:
  tf_mat_link2_0_flan2:
    target_pose:
      position: [0.4175860963061462, -0.04128920510832101, 0.3312514584360948]
      orientation:
        - [0.9788584526687645, -0.144867864982037, 0.1443933481824186]
        - [-0.204255046138062, -0.729504613702165, 0.652765533597353]
        - [0.01077086449888814, -0.6684581304395363, -0.7436717495401306]
  tf_mat_link3_0_flan3:
    target_pose:
      position: [0.4847250172531898, 0.08744242810257735, -0.1602490957740137]
      orientation:
        - [-0.978860303172033, -0.144867640743835, -0.1443810276709395]
        - [-0.01076180562649262, -0.6684575983110417, 0.7436723589682465]
        - [-0.2042466550924591, 0.7295051458314832, 0.6527675644633432]
step_41:
  tf_mat_link2_0_flan2:
    target_pose:
      position: [0.4175067551989408, -0.04127264220371751, 0.331250573011479]
      orientation:
        - [0.9788080407654778, -0.1448678649819808, 0.1447346837420178]
        - [-0.2044826639942202, -0.7295046137018764, 0.6526942667524069]
        - [0.01103019464005828, -0.6684581304340258, -0.7436679483372454]
  tf_mat_link3_0_flan3:
    target_pose:
      position: [0.4848043974175213, 0.08744330905983083, -0.1602325206648593]
      orientation:
        - [-0.9788098955650025, -0.1448676407437788, -0.1447223638765893]
        - [-0.01102113598073143, -0.6684575983055312, 0.7436685609243049]
        - [-0.2044742736573245, 0.7295051458311946, 0.6526963005443719]
step_42:
  tf_mat_link2_0_flan2:
    target_pose:
      position: [0.4174273736201503, -0.04125604656429505, 0.3312496713336229]
      orientation:
        - [0.978757509835846, -0.1448678649819248, 0.1450760017013893]
        - [-0.2047102569845987, -0.7295046137015891, 0.6526229205376335]
        - [0.01128952343991861, -0.6684581304285271, -0.7436640567018394]
  tf_mat_link3_0_flan3:
    target_pose:
      position: [0.4848837289266785, 0.08744421581514944, -0.1602159413832907]
      orientation:
        - [-0.9787593689314013, -0.1448676407437228, -0.1450636824835097]
        - [-0.01128046499476197, -0.6684575983000326, 0.7436646724477679]
        - [-0.2047018673574304, 0.7295051458309073, 0.6526249572553259]
step_43:
  tf_mat_link2_0_flan2:
    target_pose:
      position: [0.4173480431956097, -0.0412394475852762, 0.33124874355623]
      orientation:
        - [0.9787068596969164, -0.1448678649818688, 0.1454173032917106]
        - [-0.2049378259300806, -0.7295046137013017, 0.6525514946952141]
        - [0.01154885183396831, -0.6684581304230405, -0.743660074619367]
  tf_mat_link3_0_flan3:
    target_pose:
      position: [0.4849631039790672, 0.08744513852865854, -0.1601993284145406]
      orientation:
        - [-0.9787087230882922, -0.1448676407436668, -0.1454049847228803]
        - [-0.01153979360408424, -0.6684575982945459, 0.7436606935241012]
        - [-0.2049294370136627, 0.72950514583062, 0.6525535343383968]
step_44:
  tf_mat_link2_0_flan2:
    target_pose:
      position: [0.417268714392918, -0.04122282932607568, 0.3312477950551779]
      orientation:
        - [0.9786560907325977, -0.144867864981813, 0.1457585859260469]
        - [-0.2051653691057811, -0.7295046137010153, 0.6524799897665281]
        - [0.0118081778565981, -0.6684581304175655, -0.7436560021200116]
  tf_mat_link3_0_flan3:
    target_pose:
      position: [0.48504247183932, 0.08744608256239361, -0.160182697950744]
      orientation:
        - [-0.9786579584195516, -0.144867640743611, -0.1457462680077614]
        - [-0.01179911984308729, -0.6684575982890709, 0.7436566241834648]
        - [-0.2051569809011311, 0.7295051458303335, 0.6524820323349425]
step_45:
  tf_mat_link2_0_flan2:
    target_pose:
      position: [0.4171893451475899, -0.04120617833811424, 0.331246830301223]
      orientation:
        - [0.9786052027604123, -0.1448678649817573, 0.1460998508356457]
        - [-0.2053928873326829, -0.7295046137007294, 0.6524084054940721]
        - [0.01206750244331268, -0.6684581304121036, -0.7436518391895881]
  tf_mat_link3_0_flan3:
    target_pose:
      position: [0.4851217910154499, 0.08744705239385631, -0.1601660633205911]
      orientation:
        - [-0.978607074742717, -0.1448676407435552, -0.146087533569403]
        - [-0.01205844464727663, -0.668457598283609, 0.7436524644116845]
        - [-0.2053844998408207, 0.7295051458300476, 0.6524104509874699]
step_46:
  tf_mat_link2_0_flan2:
    target_pose:
      position: [0.4171100270855048, -0.04118952401641474, 0.3312458394478416]
      orientation:
        - [0.9785541955961192, -0.1448678649817017, 0.1464410992514922]
        - [-0.2056203814313988, -0.7295046137004442, 0.6523367416191675]
        - [0.01232682652959555, -0.6684581304066535, -0.743647585812573]
  tf_mat_link3_0_flan3:
    target_pose:
      position: [0.4852011537058176, 0.08744803818339941, -0.1601493950091151]
      orientation:
        - [-0.9785560718735632, -0.1448676407434997, -0.1464287826387924]
        - [-0.01231776895213654, -0.668457598278159, 0.7436482141932483]
        - [-0.205611994653347, 0.7295051458297624, 0.6523387900373108]
step_47:
  tf_mat_link2_0_flan2:
    target_pose:
      position: [0.4170306661107336, -0.04117283613951989, 0.331244832643712]
      orientation:
        - [0.9785030696263325, -0.1448678649816463, 0.1467823285870547]
        - [-0.2058478496776111, -0.7295046137001596, 0.6522649986849992]
        - [0.01258614814987005, -0.6684581304012148, -0.7436432420212047]
  tf_mat_link3_0_flan3:
    target_pose:
      position: [0.4852804646116808, 0.08744905006506715, -0.1601327234899984]
      orientation:
        - [-0.9785049501986717, -0.1448676407434442, -0.1467700126293932]
        - [-0.01257709079208869, -0.6684575982727202, 0.7436438735603709]
        - [-0.205839463614387, 0.7295051458294779, 0.6522670500276279]
step_48:
  tf_mat_link2_0_flan2:
    target_pose:
      position: [0.4169513538491395, -0.04115614410252577, 0.3312438000423941]
      orientation:
        - [0.9784518246672865, -0.1448678649815909, 0.1471235400733891]
        - [-0.2060752928920326, -0.7295046136998756, 0.6521931764332043]
        - [0.01284546823962555, -0.6684581303957886, -0.7436388078003195]
  tf_mat_link3_0_flan3:
    target_pose:
      position: [0.4853598159314161, 0.08745007819912876, -0.1601160192483474]
      orientation:
        - [-0.978453709534292, -0.1448676407433888, -0.1471112247722637]
        - [-0.01283641110262324, -0.668457598267294, 0.7436394424978998]
        - [-0.206066907544656, 0.7295051458291938, 0.6521952307000689]
step_49:
  tf_mat_link2_0_flan2:
    target_pose:
      position: [0.4168720011834999, -0.04113941934487952, 0.3312427511886593]
      orientation:
        - [0.9784004607252119, -0.1448678649815358, 0.147464733669003]
        - [-0.2063027110470052, -0.7295046136995924, 0.6521212748725163]
        - [0.01310478676732786, -0.6684581303903743, -0.743634283150457]
  tf_mat_link3_0_flan3:
    target_pose:
      position: [0.4854391185284376, 0.08745113213043226, -0.1600993108484488]
      orientation:
        - [-0.9784023498866545, -0.1448676407433336, -0.1474524190259111]
        - [-0.01309572985220599, -0.6684575982618798, 0.7436349210063739]
        - [-0.2062943264164958, 0.7295051458289106, 0.6521233320633671]
step_50:
  tf_mat_link2_0_flan2:
    target_pose:
      position: [0.4167926997397544, -0.04112269126133811, 0.3312416762356806]
      orientation:
        - [0.9783489776141537, -0.1448678649814807, 0.1478059106046234]
        - [-0.2065301049627809, -0.7295046136993097, 0.6520492937431134]
        - [0.01336410466843789, -0.6684581303849731, -0.7436296680547895]
  tf_mat_link3_0_flan3:
    target_pose:
      position: [0.4855184646010456, 0.08745220201963366, -0.1600825687750697]
      orientation:
        - [-0.9783508710698198, -0.1448676407432785, -0.147793596621065]
        - [-0.01335504797629864, -0.6684575982564784, 0.7436303090689774]
        - [-0.2065217210501609, 0.7295051458286279, 0.6520513538577112]
step_51:
  tf_mat_link2_0_flan2:
    target_pose:
      position: [0.416713355421848, -0.04110592963100301, 0.3312405853327736]
      orientation:
        - [0.9782973757243313, -0.1448678649814257, 0.1481470682942605]
        - [-0.2067574729158008, -0.7295046136990275, 0.6519772335905843]
        - [0.01362341997742587, -0.6684581303795829, -0.7436249625482958]
  tf_mat_link3_0_flan3:
    target_pose:
      position: [0.4855977588506237, 0.08745329800014001, -0.1600658235024516]
      orientation:
        - [-0.9782992734739747, -0.1448676407432235, -0.1481347549717306]
        - [-0.01361436350936974, -0.6684575982510884, 0.743625606720665]
        - [-0.206749089722087, 0.7295051458283458, 0.6519792966286677]
step_52:
  tf_mat_link2_0_flan2:
    target_pose:
      position: [0.4166340598557036, -0.04108916384870442, 0.3312394686331952]
      orientation:
        - [0.9782456548702634, -0.1448678649813709, 0.1484882079687124]
        - [-0.2069848157264168, -0.7295046136987462, 0.6519050941554214]
        - [0.01388273362975913, -0.6684581303742055, -0.7436201666145095]
  tf_mat_link3_0_flan3:
    target_pose:
      position: [0.485677093475489, 0.08745441023252348, -0.1600490455154348]
      orientation:
        - [-0.9782475569136533, -0.1448676407431687, -0.1484758953087084]
        - [-0.01387367738688741, -0.668457598245711, 0.7436208139449817]
        - [-0.2069764332526287, 0.7295051458280646, 0.6519071601167394]
step_53:
  tf_mat_link2_0_flan2:
    target_pose:
      position: [0.4165547264135676, -0.04107236618383281, 0.3312383353791822]
      orientation:
        - [0.9781938148647036, -0.1448678649813162, 0.1488293308585112]
        - [-0.2072121342146078, -0.7295046136984654, 0.6518328751769448]
        - [0.01414204656088044, -0.6684581303688395, -0.7436152802356214]
  tf_mat_link3_0_flan3:
    target_pose:
      position: [0.4857563824200184, 0.0874555479676149, -0.1600322624230992]
      orientation:
        - [-0.9781957212016245, -0.144867640743114, -0.1488170188625327]
        - [-0.01413299054429525, -0.6684575982403449, 0.7436159307241297]
        - [-0.2072037524617674, 0.7295051458277837, 0.6518349440612572]
step_54:
  tf_mat_link2_0_flan2:
    target_pose:
      position: [0.4164754392530278, -0.04105556354107587, 0.3312371766312372]
      orientation:
        - [0.9781418561005811, -0.1448678649812616, 0.1491704343780766]
        - [-0.2074394266573875, -0.7295046136981853, 0.6517605772025465]
        - [0.01440135680529772, -0.6684581303634864, -0.7436103034486705]
  tf_mat_link3_0_flan3:
    target_pose:
      position: [0.4858357086395687, 0.08745670224839586, -0.1600154475755932]
      orientation:
        - [-0.9781437667307856, -0.1448676407430594, -0.1491581230476185]
        - [-0.01439230101609945, -0.668457598234992, 0.7436109570951238]
        - [-0.2074310456265114, 0.7295051458275035, 0.6517626490095905]
step_55:
  tf_mat_link2_0_flan2:
    target_pose:
      position: [0.4163961117463141, -0.04103872818989734, 0.3312360016316808]
