step_0:
  tf_mat_link1_0_flan1:
    target_pose:
      position: [0.123686, -0.5246239, -0.1256825]
      orientation:
        - [0.996799, 0.07061249, 0.03800357]
        - [-0.02309966, 0.7066823, -0.7071673]
        - [-0.07678938, 0.7039987, 0.7060513]
  tf_mat_link4_0_flan4:
    target_pose:
      position: [0.109514, -0.5246123, 0.1252904]
      orientation:
        - [1.000019, 4.17549e-09, -6.177052e-05]
        - [-4.367543e-05, -0.7071074, -0.7071198]
        - [-4.368127e-05, 0.7071062, -0.707121]
step_1:
  tf_mat_link1_0_flan1:
    target_pose:
      position: [0.123686, -0.524198, -0.1261085]
      orientation:
        - [0.996799, 0.07061249, 0.03800357]
        - [-0.02309966, 0.7066823, -0.7071673]
        - [-0.07678938, 0.7039987, 0.7060513]
  tf_mat_link4_0_flan4:
    target_pose:
      position: [0.109514, -0.5241864, 0.1257163]
      orientation:
        - [1.000019, 4.17549e-09, -6.177052e-05]
        - [-4.367543e-05, -0.7071074, -0.7071198]
        - [-4.368127e-05, 0.7071062, -0.707121]
step_2:
  tf_mat_link1_0_flan1:
    target_pose:
      position: [0.1236861, -0.523772, -0.1265345]
      orientation:
        - [0.996799, 0.07061249, 0.03800357]
        - [-0.02309966, 0.7066823, -0.7071673]
        - [-0.07678938, 0.7039987, 0.7060513]
  tf_mat_link4_0_flan4:
    target_pose:
      position: [0.1095141, -0.5237604, 0.1261423]
      orientation:
        - [1.000019, 4.17549e-09, -6.177052e-05]
        - [-4.367543e-05, -0.7071074, -0.7071198]
        - [-4.368127e-05, 0.7071062, -0.707121]
step_3:
  tf_mat_link1_0_flan1:
    target_pose:
      position: [0.1236861, -0.523346, -0.1269604]
      orientation:
        - [0.996799, 0.07061249, 0.03800357]
        - [-0.02309966, 0.7066823, -0.7071673]
        - [-0.07678938, 0.7039987, 0.7060513]
  tf_mat_link4_0_flan4:
    target_pose:
      position: [0.1095141, -0.5233344, 0.1265683]
      orientation:
        - [1.000019, 4.17549e-09, -6.177052e-05]
        - [-4.367543e-05, -0.7071074, -0.7071198]
        - [-4.368127e-05, 0.7071062, -0.707121]
step_4:
  tf_mat_link1_0_flan1:
    target_pose:
      position: [0.1236861, -0.52292, -0.1273864]
      orientation:
        - [0.996799, 0.07061249, 0.03800357]
        - [-0.02309966, 0.7066823, -0.7071673]
        - [-0.07678938, 0.7039987, 0.7060513]
  tf_mat_link4_0_flan4:
    target_pose:
      position: [0.1095141, -0.5229083, 0.1269943]
      orientation:
        - [1.000019, 4.17549e-09, -6.177052e-05]
        - [-4.367543e-05, -0.7071074, -0.7071198]
        - [-4.368127e-05, 0.7071062, -0.707121]
step_5:
  tf_mat_link1_0_flan1:
    target_pose:
      position: [0.1236862, -0.522494, -0.1278124]
      orientation:
        - [0.996799, 0.07061249, 0.03800357]
        - [-0.02309966, 0.7066823, -0.7071673]
        - [-0.07678938, 0.7039987, 0.7060513]
  tf_mat_link4_0_flan4:
    target_pose:
      position: [0.1095142, -0.5224824, 0.1274203]
      orientation:
        - [1.000019, 4.17549e-09, -6.177052e-05]
        - [-4.367543e-05, -0.7071074, -0.7071198]
        - [-4.368127e-05, 0.7071062, -0.707121]
step_6:
  tf_mat_link1_0_flan1:
    target_pose:
      position: [0.1236862, -0.5220681, -0.1282384]
      orientation:
        - [0.996799, 0.07061249, 0.03800357]
        - [-0.02309966, 0.7066823, -0.7071673]
        - [-0.07678938, 0.7039987, 0.7060513]
  tf_mat_link4_0_flan4:
    target_pose:
      position: [0.1095142, -0.5220565, 0.1278462]
      orientation:
        - [1.000019, 4.17549e-09, -6.177052e-05]
        - [-4.367543e-05, -0.7071074, -0.7071198]
        - [-4.368127e-05, 0.7071062, -0.707121]
step_7:
  tf_mat_link1_0_flan1:
    target_pose:
      position: [0.1236863, -0.5216421, -0.1286643]
      orientation:
        - [0.996799, 0.07061249, 0.03800357]
        - [-0.02309966, 0.7066823, -0.7071673]
        - [-0.07678938, 0.7039987, 0.7060513]
  tf_mat_link4_0_flan4:
    target_pose:
      position: [0.1095143, -0.5216305, 0.1282722]
      orientation:
        - [1.000019, 4.17549e-09, -6.177052e-05]
        - [-4.367543e-05, -0.7071074, -0.7071198]
        - [-4.368127e-05, 0.7071062, -0.707121]
step_8:
  tf_mat_link1_0_flan1:
    target_pose:
      position: [0.1236863, -0.5212162, -0.1290903]
      orientation:
        - [0.996799, 0.07061249, 0.03800357]
        - [-0.02309966, 0.7066823, -0.7071673]
        - [-0.07678938, 0.7039987, 0.7060513]
  tf_mat_link4_0_flan4:
    target_pose:
      position: [0.1095143, -0.5212045, 0.1286982]
      orientation:
        - [1.000019, 4.17549e-09, -6.177052e-05]
        - [-4.367543e-05, -0.7071074, -0.7071198]
        - [-4.368127e-05, 0.7071062, -0.707121]
step_9:
  tf_mat_link1_0_flan1:
    target_pose:
      position: [0.1236863, -0.5207902, -0.1295163]
      orientation:
        - [0.996799, 0.07061249, 0.03800357]
        - [-0.02309966, 0.7066823, -0.7071673]
        - [-0.07678938, 0.7039987, 0.7060513]
  tf_mat_link4_0_flan4:
    target_pose:
      position: [0.1095143, -0.5207785, 0.1291241]
      orientation:
        - [1.000019, 4.17549e-09, -6.177052e-05]
        - [-4.367543e-05, -0.7071074, -0.7071198]
        - [-4.368127e-05, 0.7071062, -0.707121]
step_10:
  tf_mat_link1_0_flan1:
    target_pose:
      position: [0.1236864, -0.5203642, -0.1299423]
      orientation:
        - [0.996799, 0.07061249, 0.03800357]
        - [-0.02309966, 0.7066823, -0.7071673]
        - [-0.07678938, 0.7039987, 0.7060513]
  tf_mat_link4_0_flan4:
    target_pose:
      position: [0.1095144, -0.5203525, 0.1295501]
      orientation:
        - [1.000019, 4.17549e-09, -6.177052e-05]
        - [-4.367543e-05, -0.7071074, -0.7071198]
        - [-4.368127e-05, 0.7071062, -0.707121]
step_11:
  tf_mat_link1_0_flan1:
    target_pose:
      position: [0.1236864, -0.5199382, -0.1303682]
      orientation:
        - [0.996799, 0.07061249, 0.03800357]
        - [-0.02309966, 0.7066823, -0.7071673]
        - [-0.07678938, 0.7039987, 0.7060513]
  tf_mat_link4_0_flan4:
    target_pose:
      position: [0.1095144, -0.5199265, 0.1299761]
      orientation:
        - [1.000019, 4.17549e-09, -6.177052e-05]
        - [-4.367543e-05, -0.7071074, -0.7071198]
        - [-4.368127e-05, 0.7071062, -0.707121]
step_12:
  tf_mat_link1_0_flan1:
    target_pose:
      position: [0.1236864, -0.5195122, -0.1307942]
      orientation:
        - [0.996799, 0.07061249, 0.03800357]
        - [-0.02309966, 0.7066823, -0.7071673]
        - [-0.07678938, 0.7039987, 0.7060513]
  tf_mat_link4_0_flan4:
    target_pose:
      position: [0.1095144, -0.5195006, 0.1304021]
      orientation:
        - [1.000019, 4.17549e-09, -6.177052e-05]
        - [-4.367543e-05, -0.7071074, -0.7071198]
        - [-4.368127e-05, 0.7071062, -0.707121]
step_13:
  tf_mat_link1_0_flan1:
    target_pose:
      position: [0.1236865, -0.5190862, -0.1312202]
      orientation:
        - [0.996799, 0.07061249, 0.03800357]
        - [-0.02309966, 0.7066823, -0.7071673]
        - [-0.07678938, 0.7039987, 0.7060513]
  tf_mat_link4_0_flan4:
    target_pose:
      position: [0.1095145, -0.5190746, 0.130828]
      orientation:
        - [1.000019, 4.17549e-09, -6.177052e-05]
        - [-4.367543e-05, -0.7071074, -0.7071198]
        - [-4.368127e-05, 0.7071062, -0.707121]
step_14:
  tf_mat_link1_0_flan1:
    target_pose:
      position: [0.1236865, -0.5186603, -0.1316462]
      orientation:
        - [0.996799, 0.07061249, 0.03800357]
        - [-0.02309966, 0.7066823, -0.7071673]
        - [-0.07678938, 0.7039987, 0.7060513]
  tf_mat_link4_0_flan4:
    target_pose:
      position: [0.1095145, -0.5186486, 0.131254]
      orientation:
        - [1.000019, 4.17549e-09, -6.177052e-05]
        - [-4.367543e-05, -0.7071074, -0.7071198]
        - [-4.368127e-05, 0.7071062, -0.707121]
step_15:
  tf_mat_link1_0_flan1:
    target_pose:
      position: [0.1236865, -0.5182343, -0.1320722]
      orientation:
        - [0.996799, 0.07061249, 0.03800357]
        - [-0.02309966, 0.7066823, -0.7071673]
        - [-0.07678938, 0.7039987, 0.7060513]
  tf_mat_link4_0_flan4:
    target_pose:
      position: [0.1095145, -0.5182226, 0.13168]
      orientation:
        - [1.000019, 4.17549e-09, -6.177052e-05]
        - [-4.367543e-05, -0.7071074, -0.7071198]
        - [-4.368127e-05, 0.7071062, -0.707121]
step_16:
  tf_mat_link1_0_flan1:
    target_pose:
      position: [0.1236866, -0.5178083, -0.1324981]
      orientation:
        - [0.996799, 0.07061249, 0.03800357]
        - [-0.02309966, 0.7066823, -0.7071673]
        - [-0.07678938, 0.7039987, 0.7060513]
  tf_mat_link4_0_flan4:
    target_pose:
      position: [0.1095146, -0.5177966, 0.132106]
      orientation:
        - [1.000019, 4.17549e-09, -6.177052e-05]
        - [-4.367543e-05, -0.7071074, -0.7071198]
        - [-4.368127e-05, 0.7071062, -0.707121]
step_17:
  tf_mat_link1_0_flan1:
    target_pose:
      position: [0.1236866, -0.5173823, -0.1329241]
      orientation:
        - [0.996799, 0.07061249, 0.03800357]
        - [-0.02309966, 0.7066823, -0.7071673]
        - [-0.07678938, 0.7039987, 0.7060513]
  tf_mat_link4_0_flan4:
    target_pose:
      position: [0.1095146, -0.5173707, 0.132532]
      orientation:
        - [1.000019, 4.17549e-09, -6.177052e-05]
        - [-4.367543e-05, -0.7071074, -0.7071198]
        - [-4.368127e-05, 0.7071062, -0.707121]
step_18:
  tf_mat_link1_0_flan1:
    target_pose:
      position: [0.1236866, -0.5169564, -0.1333501]
      orientation:
        - [0.996799, 0.07061249, 0.03800357]
        - [-0.02309966, 0.7066823, -0.7071673]
        - [-0.07678938, 0.7039987, 0.7060513]
  tf_mat_link4_0_flan4:
    target_pose:
      position: [0.1095146, -0.5169447, 0.1329579]
      orientation:
        - [1.000019, 4.17549e-09, -6.177052e-05]
        - [-4.367543e-05, -0.7071074, -0.7071198]
        - [-4.368127e-05, 0.7071062, -0.707121]
step_19:
  tf_mat_link1_0_flan1:
    target_pose:
      position: [0.1236867, -0.5165305, -0.133776]
      orientation:
        - [0.996799, 0.07061249, 0.03800357]
        - [-0.02309966, 0.7066823, -0.7071673]
        - [-0.07678938, 0.7039987, 0.7060513]
  tf_mat_link4_0_flan4:
    target_pose:
      position: [0.1095147, -0.5165188, 0.1333839]
      orientation:
        - [1.000019, 4.17549e-09, -6.177052e-05]
        - [-4.367543e-05, -0.7071074, -0.7071198]
        - [-4.368127e-05, 0.7071062, -0.707121]
step_20:
  tf_mat_link1_0_flan1:
    target_pose:
      position: [0.1236867, -0.5161045, -0.134202]
      orientation:
        - [0.996799, 0.07061249, 0.03800357]
        - [-0.02309966, 0.7066823, -0.7071673]
        - [-0.07678938, 0.7039987, 0.7060513]
  tf_mat_link4_0_flan4:
    target_pose:
      position: [0.1095147, -0.5160928, 0.1338098]
      orientation:
        - [1.000019, 4.17549e-09, -6.177052e-05]
        - [-4.367543e-05, -0.7071074, -0.7071198]
        - [-4.368127e-05, 0.7071062, -0.707121]
step_21:
  tf_mat_link1_0_flan1:
    target_pose:
      position: [0.1236868, -0.5156785, -0.134628]
      orientation:
        - [0.996799, 0.07061249, 0.03800357]
        - [-0.02309966, 0.7066823, -0.7071673]
        - [-0.07678938, 0.7039987, 0.7060513]
  tf_mat_link4_0_flan4:
    target_pose:
      position: [0.1095148, -0.5156668, 0.1342358]
      orientation:
        - [1.000019, 4.17549e-09, -6.177052e-05]
        - [-4.367543e-05, -0.7071074, -0.7071198]
        - [-4.368127e-05, 0.7071062, -0.707121]
step_22:
  tf_mat_link1_0_flan1:
    target_pose:
      position: [0.1236868, -0.5152525, -0.135054]
      orientation:
        - [0.996799, 0.07061249, 0.03800357]
        - [-0.02309966, 0.7066823, -0.7071673]
        - [-0.07678938, 0.7039987, 0.7060513]
  tf_mat_link4_0_flan4:
    target_pose:
      position: [0.1095148, -0.5152408, 0.1346618]
      orientation:
        - [1.000019, 4.17549e-09, -6.177052e-05]
        - [-4.367543e-05, -0.7071074, -0.7071198]
        - [-4.368127e-05, 0.7071062, -0.707121]
step_23:
  tf_mat_link1_0_flan1:
    target_pose:
      position: [0.1236868, -0.5148265, -0.13548]
      orientation:
        - [0.996799, 0.07061249, 0.03800357]
        - [-0.02309966, 0.7066823, -0.7071673]
        - [-0.07678938, 0.7039987, 0.7060513]
  tf_mat_link4_0_flan4:
    target_pose:
      position: [0.1095148, -0.5148149, 0.1350878]
      orientation:
        - [1.000019, 4.17549e-09, -6.177052e-05]
        - [-4.367543e-05, -0.7071074, -0.7071198]
        - [-4.368127e-05, 0.7071062, -0.707121]
step_24:
  tf_mat_link1_0_flan1:
    target_pose:
      position: [0.1236869, -0.5144005, -0.1359059]
      orientation:
        - [0.996799, 0.07061249, 0.03800357]
        - [-0.02309966, 0.7066823, -0.7071673]
        - [-0.07678938, 0.7039987, 0.7060513]
  tf_mat_link4_0_flan4:
    target_pose:
      position: [0.1095149, -0.5143889, 0.1355138]
      orientation:
        - [1.000019, 4.17549e-09, -6.177052e-05]
        - [-4.367543e-05, -0.7071074, -0.7071198]
        - [-4.368127e-05, 0.7071062, -0.707121]
step_25:
  tf_mat_link1_0_flan1:
    target_pose:
      position: [0.1236869, -0.5139745, -0.1363319]
      orientation:
        - [0.996799, 0.07061249, 0.03800357]
        - [-0.02309966, 0.7066823, -0.7071673]
        - [-0.07678938, 0.7039987, 0.7060513]
  tf_mat_link4_0_flan4:
    target_pose:
      position: [0.1095149, -0.5139629, 0.1359397]
      orientation:
        - [1.000019, 4.17549e-09, -6.177052e-05]
        - [-4.367543e-05, -0.7071074, -0.7071198]
        - [-4.368127e-05, 0.7071062, -0.707121]
step_26:
  tf_mat_link1_0_flan1:
    target_pose:
      position: [0.1236869, -0.5135486, -0.1367579]
      orientation:
        - [0.996799, 0.07061249, 0.03800357]
        - [-0.02309966, 0.7066823, -0.7071673]
        - [-0.07678938, 0.7039987, 0.7060513]
  tf_mat_link4_0_flan4:
    target_pose:
      position: [0.1095149, -0.5135369, 0.1363657]
      orientation:
        - [1.000019, 4.17549e-09, -6.177052e-05]
        - [-4.367543e-05, -0.7071074, -0.7071198]
        - [-4.368127e-05, 0.7071062, -0.707121]
step_27:
  tf_mat_link1_0_flan1:
    target_pose:
      position: [0.123687, -0.5131226, -0.1371838]
      orientation:
        - [0.996799, 0.07061249, 0.03800357]
        - [-0.02309966, 0.7066823, -0.7071673]
        - [-0.07678938, 0.7039987, 0.7060513]
  tf_mat_link4_0_flan4:
    target_pose:
      position: [0.109515, -0.5131109, 0.1367917]
      orientation:
        - [1.000019, 4.17549e-09, -6.177052e-05]
        - [-4.367543e-05, -0.7071074, -0.7071198]
        - [-4.368127e-05, 0.7071062, -0.707121]
step_28:
  tf_mat_link1_0_flan1:
    target_pose:
      position: [0.123687, -0.5126966, -0.1376098]
      orientation:
        - [0.996799, 0.07061249, 0.03800357]
        - [-0.02309966, 0.7066823, -0.7071673]
        - [-0.07678938, 0.7039987, 0.7060513]
  tf_mat_link4_0_flan4:
    target_pose:
      position: [0.109515, -0.5126849, 0.1372177]
      orientation:
        - [1.000019, 4.17549e-09, -6.177052e-05]
        - [-4.367543e-05, -0.7071074, -0.7071198]
        - [-4.368127e-05, 0.7071062, -0.707121]
step_29:
  tf_mat_link1_0_flan1:
    target_pose:
      position: [0.1236871, -0.5122706, -0.1380358]
      orientation:
        - [0.996799, 0.07061249, 0.03800357]
        - [-0.02309966, 0.7066823, -0.7071673]
        - [-0.07678938, 0.7039987, 0.7060513]
  tf_mat_link4_0_flan4:
    target_pose:
      position: [0.1095151, -0.512259, 0.1376437]
      orientation:
        - [1.000019, 4.17549e-09, -6.177052e-05]
        - [-4.367543e-05, -0.7071074, -0.7071198]
        - [-4.368127e-05, 0.7071062, -0.707121]
step_30:
  tf_mat_link1_0_flan1:
    target_pose:
      position: [0.1236871, -0.5118447, -0.1384618]
      orientation:
        - [0.996799, 0.07061249, 0.03800357]
        - [-0.02309966, 0.7066823, -0.7071673]
        - [-0.07678938, 0.7039987, 0.7060513]
  tf_mat_link4_0_flan4:
    target_pose:
      position: [0.1095151, -0.511833, 0.1380696]
      orientation:
        - [1.000019, 4.17549e-09, -6.177052e-05]
        - [-4.367543e-05, -0.7071074, -0.7071198]
        - [-4.368127e-05, 0.7071062, -0.707121]
step_31:
  tf_mat_link1_0_flan1:
    target_pose:
      position: [0.1236871, -0.5114187, -0.1388878]
      orientation:
        - [0.996799, 0.07061249, 0.03800357]
        - [-0.02309966, 0.7066823, -0.7071673]
        - [-0.07678938, 0.7039987, 0.7060513]
  tf_mat_link4_0_flan4:
    target_pose:
      position: [0.1095151, -0.511407, 0.1384956]
      orientation:
        - [1.000019, 4.17549e-09, -6.177052e-05]
        - [-4.367543e-05, -0.7071074, -0.7071198]
        - [-4.368127e-05, 0.7071062, -0.707121]
step_32:
  tf_mat_link1_0_flan1:
    target_pose:
      position: [0.1236872, -0.5109927, -0.1393137]
      orientation:
        - [0.996799, 0.07061249, 0.03800357]
        - [-0.02309966, 0.7066823, -0.7071673]
        - [-0.07678938, 0.7039987, 0.7060513]
  tf_mat_link4_0_flan4:
    target_pose:
      position: [0.1095152, -0.5109811, 0.1389216]
      orientation:
        - [1.000019, 4.17549e-09, -6.177052e-05]
        - [-4.367543e-05, -0.7071074, -0.7071198]
        - [-4.368127e-05, 0.7071062, -0.707121]
step_33:
  tf_mat_link1_0_flan1:
    target_pose:
      position: [0.1236872, -0.5105668, -0.1397397]
      orientation:
        - [0.996799, 0.07061249, 0.03800357]
        - [-0.02309966, 0.7066823, -0.7071673]
        - [-0.07678938, 0.7039987, 0.7060513]
  tf_mat_link4_0_flan4:
    target_pose:
      position: [0.1095152, -0.5105551, 0.1393475]
      orientation:
        - [1.000019, 4.17549e-09, -6.177052e-05]
        - [-4.367543e-05, -0.7071074, -0.7071198]
        - [-4.368127e-05, 0.7071062, -0.707121]
step_34:
  tf_mat_link1_0_flan1:
    target_pose:
      position: [0.1236872, -0.5101408, -0.1401657]
      orientation:
        - [0.996799, 0.07061249, 0.03800357]
        - [-0.02309966, 0.7066823, -0.7071673]
        - [-0.07678938, 0.7039987, 0.7060513]
  tf_mat_link4_0_flan4:
    target_pose:
      position: [0.1095152, -0.5101292, 0.1397735]
      orientation:
        - [1.000019, 4.17549e-09, -6.177052e-05]
        - [-4.367543e-05, -0.7071074, -0.7071198]
        - [-4.368127e-05, 0.7071062, -0.707121]
step_35:
  tf_mat_link1_0_flan1:
    target_pose:
      position: [0.1236873, -0.5097148, -0.1405917]
      orientation:
        - [0.996799, 0.07061249, 0.03800357]
        - [-0.02309966, 0.7066823, -0.7071673]
        - [-0.07678938, 0.7039987, 0.7060513]
  tf_mat_link4_0_flan4:
    target_pose:
      position: [0.1095153, -0.5097031, 0.1401995]
      orientation:
        - [1.000019, 4.17549e-09, -6.177052e-05]
        - [-4.367543e-05, -0.7071074, -0.7071198]
        - [-4.368127e-05, 0.7071062, -0.707121]
step_36:
  tf_mat_link1_0_flan1:
    target_pose:
      position: [0.1236873, -0.5092888, -0.1410177]
      orientation:
        - [0.996799, 0.07061249, 0.03800357]
        - [-0.02309966, 0.7066823, -0.7071673]
        - [-0.07678938, 0.7039987, 0.7060513]
  tf_mat_link4_0_flan4:
    target_pose:
      position: [0.1095153, -0.5092772, 0.1406255]
      orientation:
        - [1.000019, 4.17549e-09, -6.177052e-05]
        - [-4.367543e-05, -0.7071074, -0.7071198]
        - [-4.368127e-05, 0.7071062, -0.707121]
step_37:
  tf_mat_link1_0_flan1:
    target_pose:
      position: [0.1236873, -0.5088629, -0.1414436]
      orientation:
        - [0.996799, 0.07061249, 0.03800357]
        - [-0.02309966, 0.7066823, -0.7071673]
        - [-0.07678938, 0.7039987, 0.7060513]
  tf_mat_link4_0_flan4:
    target_pose:
      position: [0.1095153, -0.5088512, 0.1410514]
      orientation:
        - [1.000019, 4.17549e-09, -6.177052e-05]
        - [-4.367543e-05, -0.7071074, -0.7071198]
        - [-4.368127e-05, 0.7071062, -0.707121]
step_38:
  tf_mat_link1_0_flan1:
    target_pose:
      position: [0.1236874, -0.5084369, -0.1418696]
      orientation:
        - [0.996799, 0.07061249, 0.03800357]
        - [-0.02309966, 0.7066823, -0.7071673]
        - [-0.07678938, 0.7039987, 0.7060513]
  tf_mat_link4_0_flan4:
    target_pose:
      position: [0.1095154, -0.5084252, 0.1414774]
      orientation:
        - [1.000019, 4.17549e-09, -6.177052e-05]
        - [-4.367543e-05, -0.7071074, -0.7071198]
        - [-4.368127e-05, 0.7071062, -0.707121]
step_39:
  tf_mat_link1_0_flan1:
    target_pose:
      position: [0.1236874, -0.5080109, -0.1422956]
      orientation:
        - [0.996799, 0.07061249, 0.03800357]
        - [-0.02309966, 0.7066823, -0.7071673]
        - [-0.07678938, 0.7039987, 0.7060513]
  tf_mat_link4_0_flan4:
    target_pose:
      position: [0.1095154, -0.5079992, 0.1419034]
      orientation:
        - [1.000019, 4.17549e-09, -6.177052e-05]
        - [-4.367543e-05, -0.7071074, -0.7071198]
        - [-4.368127e-05, 0.7071062, -0.707121]
step_40:
  tf_mat_link1_0_flan1:
    target_pose:
      position: [0.1236875, -0.5075849, -0.1427215]
      orientation:
        - [0.996799, 0.07061249, 0.03800357]
        - [-0.02309966, 0.7066823, -0.7071673]
        - [-0.07678938, 0.7039987, 0.7060513]
  tf_mat_link4_0_flan4:
    target_pose:
      position: [0.1095155, -0.5075732, 0.1423294]
      orientation:
        - [1.000019, 4.17549e-09, -6.177052e-05]
        - [-4.367543e-05, -0.7071074, -0.7071198]
        - [-4.368127e-05, 0.7071062, -0.707121]
step_41:
  tf_mat_link1_0_flan1:
    target_pose:
      position: [0.1236875, -0.5071589, -0.1431476]
      orientation:
        - [0.996799, 0.07061249, 0.03800357]
        - [-0.02309966, 0.7066823, -0.7071673]
        - [-0.07678938, 0.7039987, 0.7060513]
  tf_mat_link4_0_flan4:
    target_pose:
      position: [0.1095155, -0.5071473, 0.1427554]
      orientation:
        - [1.000019, 4.17549e-09, -6.177052e-05]
        - [-4.367543e-05, -0.7071074, -0.7071198]
        - [-4.368127e-05, 0.7071062, -0.707121]
step_42:
  tf_mat_link1_0_flan1:
    target_pose:
      position: [0.1236875, -0.506733, -0.1435735]
      orientation:
        - [0.996799, 0.07061249, 0.03800357]
        - [-0.02309966, 0.7066823, -0.7071673]
        - [-0.07678938, 0.7039987, 0.7060513]
  tf_mat_link4_0_flan4:
    target_pose:
      position: [0.1095155, -0.5067213, 0.1431813]
      orientation:
        - [1.000019, 4.17549e-09, -6.177052e-05]
        - [-4.367543e-05, -0.7071074, -0.7071198]
        - [-4.368127e-05, 0.7071062, -0.707121]
step_43:
  tf_mat_link1_0_flan1:
    target_pose:
      position: [0.1236876, -0.506307, -0.1439995]
      orientation:
        - [0.996799, 0.07061249, 0.03800357]
        - [-0.02309966, 0.7066823, -0.7071673]
        - [-0.07678938, 0.7039987, 0.7060513]
  tf_mat_link4_0_flan4:
    target_pose:
      position: [0.1095156, -0.5062953, 0.1436073]
      orientation:
        - [1.000019, 4.17549e-09, -6.177052e-05]
        - [-4.367543e-05, -0.7071074, -0.7071198]
        - [-4.368127e-05, 0.7071062, -0.707121]
step_44:
  tf_mat_link1_0_flan1:
    target_pose:
      position: [0.1236876, -0.505881, -0.1444255]
      orientation:
        - [0.996799, 0.07061249, 0.03800357]
        - [-0.02309966, 0.7066823, -0.7071673]
        - [-0.07678938, 0.7039987, 0.7060513]
  tf_mat_link4_0_flan4:
    target_pose:
      position: [0.1095156, -0.5058694, 0.1440333]
      orientation:
        - [1.000019, 4.17549e-09, -6.177052e-05]
        - [-4.367543e-05, -0.7071074, -0.7071198]
        - [-4.368127e-05, 0.7071062, -0.707121]
step_45:
  tf_mat_link1_0_flan1:
    target_pose:
      position: [0.1236876, -0.505455, -0.1448514]
      orientation:
        - [0.996799, 0.07061249, 0.03800357]
        - [-0.02309966, 0.7066823, -0.7071673]
        - [-0.07678938, 0.7039987, 0.7060513]
  tf_mat_link4_0_flan4:
    target_pose:
      position: [0.1095156, -0.5054434, 0.1444593]
      orientation:
        - [1.000019, 4.17549e-09, -6.177052e-05]
        - [-4.367543e-05, -0.7071074, -0.7071198]
        - [-4.368127e-05, 0.7071062, -0.707121]
step_46:
  tf_mat_link1_0_flan1:
    target_pose:
      position: [0.1236877, -0.5050291, -0.1452774]
      orientation:
        - [0.996799, 0.07061249, 0.03800357]
        - [-0.02309966, 0.7066823, -0.7071673]
        - [-0.07678938, 0.7039987, 0.7060513]
  tf_mat_link4_0_flan4:
    target_pose:
      position: [0.1095157, -0.5050174, 0.1448852]
      orientation:
        - [1.000019, 4.17549e-09, -6.177052e-05]
        - [-4.367543e-05, -0.7071074, -0.7071198]
        - [-4.368127e-05, 0.7071062, -0.707121]
step_47:
  tf_mat_link1_0_flan1:
    target_pose:
      position: [0.1236877, -0.5046031, -0.1457034]
      orientation:
        - [0.996799, 0.07061249, 0.03800357]
        - [-0.02309966, 0.7066823, -0.7071673]
        - [-0.07678938, 0.7039987, 0.7060513]
  tf_mat_link4_0_flan4:
    target_pose:
      position: [0.1095157, -0.5045914, 0.1453112]
      orientation:
        - [1.000019, 4.17549e-09, -6.177052e-05]
        - [-4.367543e-05, -0.7071074, -0.7071198]
        - [-4.368127e-05, 0.7071062, -0.707121]
step_48:
  tf_mat_link1_0_flan1:
    target_pose:
      position: [0.1236878, -0.5041771, -0.1461294]
      orientation:
        - [0.996799, 0.07061249, 0.03800357]
        - [-0.02309966, 0.7066823, -0.7071673]
        - [-0.07678938, 0.7039987, 0.7060513]
  tf_mat_link4_0_flan4:
    target_pose:
      position: [0.1095157, -0.5041654, 0.1457372]
      orientation:
        - [1.000019, 4.17549e-09, -6.177052e-05]
        - [-4.367543e-05, -0.7071074, -0.7071198]
        - [-4.368127e-05, 0.7071062, -0.707121]
step_49:
  tf_mat_link1_0_flan1:
    target_pose:
      position: [0.1236878, -0.5037511, -0.1465553]
      orientation:
        - [0.996799, 0.07061249, 0.03800357]
        - [-0.02309966, 0.7066823, -0.7071673]
        - [-0.07678938, 0.7039987, 0.7060513]
  tf_mat_link4_0_flan4:
    target_pose:
      position: [0.1095158, -0.5037395, 0.1461632]
      orientation:
        - [1.000019, 4.17549e-09, -6.177052e-05]
        - [-4.367543e-05, -0.7071074, -0.7071198]
        - [-4.368127e-05, 0.7071062, -0.707121]
step_50:
  tf_mat_link1_0_flan1:
    target_pose:
      position: [0.1236878, -0.5033252, -0.1469813]
      orientation:
        - [0.996799, 0.07061249, 0.03800357]
        - [-0.02309966, 0.7066823, -0.7071673]
        - [-0.07678938, 0.7039987, 0.7060513]
  tf_mat_link4_0_flan4:
    target_pose:
      position: [0.1095158, -0.5033135, 0.1465891]
      orientation:
        - [1.000019, 4.17549e-09, -6.177052e-05]
        - [-4.367543e-05, -0.7071074, -0.7071198]
        - [-4.368127e-05, 0.7071062, -0.707121]
step_51:
  tf_mat_link1_0_flan1:
    target_pose:
      position: [0.1236879, -0.5028992, -0.1474073]
      orientation:
        - [0.996799, 0.07061249, 0.03800357]
        - [-0.02309966, 0.7066823, -0.7071673]
        - [-0.07678938, 0.7039987, 0.7060513]
  tf_mat_link4_0_flan4:
    target_pose:
      position: [0.1095159, -0.5028875, 0.1470151]
      orientation:
        - [1.000019, 4.17549e-09, -6.177052e-05]
        - [-4.367543e-05, -0.7071074, -0.7071198]
        - [-4.368127e-05, 0.7071062, -0.707121]
step_52:
  tf_mat_link1_0_flan1:
    target_pose:
      position: [0.1236879, -0.5024732, -0.1478332]
      orientation:
        - [0.996799, 0.07061249, 0.03800357]
        - [-0.02309966, 0.7066823, -0.7071673]
        - [-0.07678938, 0.7039987, 0.7060513]
  tf_mat_link4_0_flan4:
    target_pose:
      position: [0.1095159, -0.5024616, 0.1474411]
      orientation:
        - [1.000019, 4.17549e-09, -6.177052e-05]
        - [-4.367543e-05, -0.7071074, -0.7071198]
        - [-4.368127e-05, 0.7071062, -0.707121]
step_53:
  tf_mat_link1_0_flan1:
    target_pose:
      position: [0.1236879, -0.5020472, -0.1482592]
      orientation:
        - [0.996799, 0.07061249, 0.03800357]
        - [-0.02309966, 0.7066823, -0.7071673]
        - [-0.07678938, 0.7039987, 0.7060513]
  tf_mat_link4_0_flan4:
    target_pose:
      position: [0.1095159, -0.5020356, 0.1478671]
      orientation:
        - [1.000019, 4.17549e-09, -6.177052e-05]
        - [-4.367543e-05, -0.7071074, -0.7071198]
        - [-4.368127e-05, 0.7071062, -0.707121]
step_54:
  tf_mat_link1_0_flan1:
    target_pose:
      position: [0.123688, -0.5016212, -0.1486852]
      orientation:
        - [0.996799, 0.07061249, 0.03800357]
        - [-0.02309966, 0.7066823, -0.7071673]
        - [-0.07678938, 0.7039987, 0.7060513]
  tf_mat_link4_0_flan4:
    target_pose:
      position: [0.109516, -0.5016096, 0.1482931]
      orientation:
        - [1.000019, 4.17549e-09, -6.177052e-05]
        - [-4.367543e-05, -0.7071074, -0.7071198]
        - [-4.368127e-05, 0.7071062, -0.707121]
step_55:
  tf_mat_link1_0_flan1:
    target_pose:
      position: [0.123688, -0.5011953, -0.1491112]
      orientation:
        - [0.996799, 0.07061249, 0.03800357]
        - [-0.02309966, 0.7066823, -0.7071673]
        - [-0.07678938, 0.7039987, 0.7060513]
  tf_mat_link4_0_flan4:
    target_pose:
      position: [0.109516, -0.5011836, 0.148719]
      orientation:
        - [1.000019, 4.17549e-09, -6.177052e-05]
        - [-4.367543e-05, -0.7071074, -0.7071198]
        - [-4.368127e-05, 0.7071062, -0.707121]
step_56:
  tf_mat_link1_0_flan1:
    target_pose:
      position: [0.123688, -0.5007693, -0.1495371]
      orientation:
        - [0.996799, 0.07061249, 0.03800357]
        - [-0.02309966, 0.7066823, -0.7071673]
        - [-0.07678938, 0.7039987, 0.7060513]
  tf_mat_link4_0_flan4:
    target_pose:
      position: [0.109516, -0.5007577, 0.149145]
      orientation:
        - [1.000019, 4.17549e-09, -6.177052e-05]
        - [-4.367543e-05, -0.7071074, -0.7071198]
        - [-4.368127e-05, 0.7071062, -0.707121]
step_57:
  tf_mat_link1_0_flan1:
    target_pose:
      position: [0.1236881, -0.5003433, -0.1499632]
      orientation:
        - [0.996799, 0.07061249, 0.03800357]
        - [-0.02309966, 0.7066823, -0.7071673]
        - [-0.07678938, 0.7039987, 0.7060513]
  tf_mat_link4_0_flan4:
    target_pose:
      position: [0.1095161, -0.5003316, 0.149571]
      orientation:
        - [1.000019, 4.17549e-09, -6.177052e-05]
        - [-4.367543e-05, -0.7071074, -0.7071198]
        - [-4.368127e-05, 0.7071062, -0.707121]
step_58:
  tf_mat_link1_0_flan1:
    target_pose:
      position: [0.1236881, -0.4999174, -0.1503891]
      orientation:
        - [0.996799, 0.07061249, 0.03800357]
        - [-0.02309966, 0.7066823, -0.7071673]
        - [-0.07678938, 0.7039987, 0.7060513]
  tf_mat_link4_0_flan4:
    target_pose:
      position: [0.1095161, -0.4999057, 0.1499969]
      orientation:
        - [1.000019, 4.17549e-09, -6.177052e-05]
        - [-4.367543e-05, -0.7071074, -0.7071198]
        - [-4.368127e-05, 0.7071062, -0.707121]
step_59:
  tf_mat_link1_0_flan1:
    target_pose:
      position: [0.1236882, -0.4994914, -0.1508151]
      orientation:
        - [0.996799, 0.07061249, 0.03800357]
        - [-0.02309966, 0.7066823, -0.7071673]
        - [-0.07678938, 0.7039987, 0.7060513]
  tf_mat_link4_0_flan4:
    target_pose:
      position: [0.1095162, -0.4994797, 0.150423]
      orientation:
        - [1.000019, 4.17549e-09, -6.177052e-05]
        - [-4.367543e-05, -0.7071074, -0.7071198]
        - [-4.368127e-05, 0.7071062, -0.707121]
step_60:
  tf_mat_link1_0_flan1:
    target_pose:
      position: [0.1236882, -0.4990654, -0.1512411]
      orientation:
        - [0.996799, 0.07061249, 0.03800357]
        - [-0.02309966, 0.7066823, -0.7071673]
        - [-0.07678938, 0.7039987, 0.7060513]
  tf_mat_link4_0_flan4:
    target_pose:
      position: [0.1095162, -0.4990537, 0.1508489]
      orientation:
        - [1.000019, 4.17549e-09, -6.177052e-05]
        - [-4.367543e-05, -0.7071074, -0.7071198]
        - [-4.368127e-05, 0.7071062, -0.707121]
step_61:
  tf_mat_link1_0_flan1:
    target_pose:
      position: [0.1236882, -0.4986394, -0.151667]
      orientation:
        - [0.996799, 0.07061249, 0.03800357]
        - [-0.02309966, 0.7066823, -0.7071673]
        - [-0.07678938, 0.7039987, 0.7060513]
  tf_mat_link4_0_flan4:
    target_pose:
      position: [0.1095162, -0.4986278, 0.1512749]
      orientation:
        - [1.000019, 4.17549e-09, -6.177052e-05]
        - [-4.367543e-05, -0.7071074, -0.7071198]
        - [-4.368127e-05, 0.7071062, -0.707121]
step_62:
  tf_mat_link1_0_flan1:
    target_pose:
      position: [0.1236883, -0.4982134, -0.152093]
      orientation:
        - [0.996799, 0.07061249, 0.03800357]
        - [-0.02309966, 0.7066823, -0.7071673]
        - [-0.07678938, 0.7039987, 0.7060513]
  tf_mat_link4_0_flan4:
    target_pose:
      position: [0.1095163, -0.4982018, 0.1517009]
      orientation:
        - [1.000019, 4.17549e-09, -6.177052e-05]
        - [-4.367543e-05, -0.7071074, -0.7071198]
        - [-4.368127e-05, 0.7071062, -0.707121]
step_63:
  tf_mat_link1_0_flan1:
    target_pose:
      position: [0.1236883, -0.4977875, -0.152519]
      orientation:
        - [0.996799, 0.07061249, 0.03800357]
        - [-0.02309966, 0.7066823, -0.7071673]
        - [-0.07678938, 0.7039987, 0.7060513]
  tf_mat_link4_0_flan4:
    target_pose:
      position: [0.1095163, -0.4977758, 0.1521268]
      orientation:
        - [1.000019, 4.17549e-09, -6.177052e-05]
        - [-4.367543e-05, -0.7071074, -0.7071198]
        - [-4.368127e-05, 0.7071062, -0.707121]
step_64:
  tf_mat_link1_0_flan1:
    target_pose:
      position: [0.1236883, -0.4973615, -0.152945]
      orientation:
        - [0.996799, 0.07061249, 0.03800357]
        - [-0.02309966, 0.7066823, -0.7071673]
        - [-0.07678938, 0.7039987, 0.7060513]
  tf_mat_link4_0_flan4:
    target_pose:
      position: [0.1095163, -0.4973499, 0.1525528]
      orientation:
        - [1.000019, 4.17549e-09, -6.177052e-05]
        - [-4.367543e-05, -0.7071074, -0.7071198]
        - [-4.368127e-05, 0.7071062, -0.707121]
step_65:
  tf_mat_link1_0_flan1:
    target_pose:
      position: [0.1236884, -0.4969356, -0.1533709]
      orientation:
        - [0.996799, 0.07061249, 0.03800357]
        - [-0.02309966, 0.7066823, -0.7071673]
        - [-0.07678938, 0.7039987, 0.7060513]
  tf_mat_link4_0_flan4:
    target_pose:
      position: [0.1095164, -0.496924, 0.1529787]
      orientation:
        - [1.000019, 4.17549e-09, -6.177052e-05]
        - [-4.367543e-05, -0.7071074, -0.7071198]
        - [-4.368127e-05, 0.7071062, -0.707121]
step_66:
  tf_mat_link1_0_flan1:
    target_pose:
      position: [0.1236884, -0.4965095, -0.1537969]
      orientation:
        - [0.996799, 0.07061249, 0.03800357]
        - [-0.02309966, 0.7066823, -0.7071673]
        - [-0.07678938, 0.7039987, 0.7060513]
  tf_mat_link4_0_flan4:
    target_pose:
      position: [0.1095164, -0.4964979, 0.1534048]
      orientation:
        - [1.000019, 4.17549e-09, -6.177052e-05]
        - [-4.367543e-05, -0.7071074, -0.7071198]
        - [-4.368127e-05, 0.7071062, -0.707121]
step_67:
  tf_mat_link1_0_flan1:
    target_pose:
      position: [0.1236885, -0.4960836, -0.1542229]
      orientation:
        - [0.996799, 0.07061249, 0.03800357]
        - [-0.02309966, 0.7066823, -0.7071673]
        - [-0.07678938, 0.7039987, 0.7060513]
  tf_mat_link4_0_flan4:
    target_pose:
      position: [0.1095164, -0.4960719, 0.1538308]
      orientation:
        - [1.000019, 4.17549e-09, -6.177052e-05]
        - [-4.367543e-05, -0.7071074, -0.7071198]
        - [-4.368127e-05, 0.7071062, -0.707121]
step_68:
  tf_mat_link1_0_flan1:
    target_pose:
      position: [0.1236885, -0.4956576, -0.1546489]
      orientation:
        - [0.996799, 0.07061249, 0.03800357]
        - [-0.02309966, 0.7066823, -0.7071673]
        - [-0.07678938, 0.7039987, 0.7060513]
  tf_mat_link4_0_flan4:
    target_pose:
      position: [0.1095165, -0.495646, 0.1542567]
      orientation:
        - [1.000019, 4.17549e-09, -6.177052e-05]
        - [-4.367543e-05, -0.7071074, -0.7071198]
        - [-4.368127e-05, 0.7071062, -0.707121]
step_69:
  tf_mat_link1_0_flan1:
    target_pose:
      position: [0.1236885, -0.4952317, -0.1550748]
      orientation:
        - [0.996799, 0.07061249, 0.03800357]
        - [-0.02309966, 0.7066823, -0.7071673]
        - [-0.07678938, 0.7039987, 0.7060513]
  tf_mat_link4_0_flan4:
    target_pose:
      position: [0.1095165, -0.49522, 0.1546827]
      orientation:
        - [1.000019, 4.17549e-09, -6.177052e-05]
        - [-4.367543e-05, -0.7071074, -0.7071198]
        - [-4.368127e-05, 0.7071062, -0.707121]
step_70:
  tf_mat_link1_0_flan1:
    target_pose:
      position: [0.1236886, -0.4948057, -0.1555008]
      orientation:
        - [0.996799, 0.07061249, 0.03800357]
        - [-0.02309966, 0.7066823, -0.7071673]
        - [-0.07678938, 0.7039987, 0.7060513]
  tf_mat_link4_0_flan4:
    target_pose:
      position: [0.1095166, -0.494794, 0.1551086]
      orientation:
        - [1.000019, 4.17549e-09, -6.177052e-05]
        - [-4.367543e-05, -0.7071074, -0.7071198]
        - [-4.368127e-05, 0.7071062, -0.707121]
step_71:
  tf_mat_link1_0_flan1:
    target_pose:
      position: [0.1236886, -0.4943797, -0.1559268]
      orientation:
        - [0.996799, 0.07061249, 0.03800357]
        - [-0.02309966, 0.7066823, -0.7071673]
        - [-0.07678938, 0.7039987, 0.7060513]
  tf_mat_link4_0_flan4:
    target_pose:
      position: [0.1095166, -0.494368, 0.1555347]
      orientation:
        - [1.000019, 4.17549e-09, -6.177052e-05]
        - [-4.367543e-05, -0.7071074, -0.7071198]
        - [-4.368127e-05, 0.7071062, -0.707121]
step_72:
  tf_mat_link1_0_flan1:
    target_pose:
      position: [0.1236886, -0.4939537, -0.1563528]
      orientation:
        - [0.996799, 0.07061249, 0.03800357]
        - [-0.02309966, 0.7066823, -0.7071673]
        - [-0.07678938, 0.7039987, 0.7060513]
  tf_mat_link4_0_flan4:
    target_pose:
      position: [0.1095166, -0.4939421, 0.1559606]
      orientation:
        - [1.000019, 4.17549e-09, -6.177052e-05]
        - [-4.367543e-05, -0.7071074, -0.7071198]
        - [-4.368127e-05, 0.7071062, -0.707121]
step_73:
  tf_mat_link1_0_flan1:
    target_pose:
      position: [0.1236887, -0.4935277, -0.1567788]
      orientation:
        - [0.996799, 0.07061249, 0.03800357]
        - [-0.02309966, 0.7066823, -0.7071673]
        - [-0.07678938, 0.7039987, 0.7060513]
  tf_mat_link4_0_flan4:
    target_pose:
      position: [0.1095167, -0.4935161, 0.1563866]
      orientation:
        - [1.000019, 4.17549e-09, -6.177052e-05]
        - [-4.367543e-05, -0.7071074, -0.7071198]
        - [-4.368127e-05, 0.7071062, -0.707121]
step_74:
  tf_mat_link1_0_flan1:
    target_pose:
      position: [0.1236887, -0.4931017, -0.1572047]
      orientation:
        - [0.996799, 0.07061249, 0.03800357]
        - [-0.02309966, 0.7066823, -0.7071673]
        - [-0.07678938, 0.7039987, 0.7060513]
  tf_mat_link4_0_flan4:
    target_pose:
      position: [0.1095167, -0.4930901, 0.1568126]
      orientation:
        - [1.000019, 4.17549e-09, -6.177052e-05]
        - [-4.367543e-05, -0.7071074, -0.7071198]
        - [-4.368127e-05, 0.7071062, -0.707121]
step_75:
  tf_mat_link1_0_flan1:
    target_pose:
      position: [0.1236887, -0.4926758, -0.1576307]
      orientation:
        - [0.996799, 0.07061249, 0.03800357]
        - [-0.02309966, 0.7066823, -0.7071673]
        - [-0.07678938, 0.7039987, 0.7060513]
  tf_mat_link4_0_flan4:
    target_pose:
      position: [0.1095167, -0.4926641, 0.1572386]
      orientation:
        - [1.000019, 4.17549e-09, -6.177052e-05]
        - [-4.367543e-05, -0.7071074, -0.7071198]
        - [-4.368127e-05, 0.7071062, -0.707121]
step_76:
  tf_mat_link1_0_flan1:
    target_pose:
      position: [0.1236888, -0.4922498, -0.1580567]
      orientation:
        - [0.996799, 0.07061249, 0.03800357]
        - [-0.02309966, 0.7066823, -0.7071673]
        - [-0.07678938, 0.7039987, 0.7060513]
  tf_mat_link4_0_flan4:
    target_pose:
      position: [0.1095168, -0.4922382, 0.1576645]
      orientation:
        - [1.000019, 4.17549e-09, -6.177052e-05]
        - [-4.367543e-05, -0.7071074, -0.7071198]
        - [-4.368127e-05, 0.7071062, -0.707121]
step_77:
  tf_mat_link1_0_flan1:
    target_pose:
      position: [0.1236888, -0.4918238, -0.1584827]
      orientation:
        - [0.996799, 0.07061249, 0.03800357]
        - [-0.02309966, 0.7066823, -0.7071673]
