step_0:
  tf_mat_link1_0_flan1:
    target_pose:
      position: [-0.06407437, -0.4280284, -0.02494511]
      orientation:
        - [0.9834669, -0.02702149, 0.1789684]
        - [0.1392033, 0.7448897, -0.6524909]
        - [-0.1156818, 0.6666398, 0.7363375]
  tf_mat_link4_0_flan4:
    target_pose:
      position: [-0.1807033, -0.5891869, 0.2478359]
      orientation:
        - [0.9852018, -0.09655961, 0.1414933]
        - [0.0402084, -0.6725644, -0.7389346]
        - [0.1665151, 0.7337118, -0.6587279]
step_1:
  tf_mat_link1_0_flan1:
    target_pose:
      position: [-0.06409335, -0.42794, -0.02504435]
      orientation:
        - [0.9834669, -0.02702149, 0.1789684]
        - [0.1392033, 0.7448897, -0.6524909]
        - [-0.1156818, 0.6666398, 0.7363375]
  tf_mat_link4_0_flan4:
    target_pose:
      position: [-0.1807222, -0.5890877, 0.2479244]
      orientation:
        - [0.9852018, -0.09655961, 0.1414933]
        - [0.0402084, -0.6725644, -0.7389346]
        - [0.1665151, 0.7337118, -0.6587279]
step_2:
  tf_mat_link1_0_flan1:
    target_pose:
      position: [-0.06411235, -0.4278516, -0.02514353]
      orientation:
        - [0.9834669, -0.02702149, 0.1789684]
        - [0.1392033, 0.7448897, -0.6524909]
        - [-0.1156818, 0.6666398, 0.7363375]
  tf_mat_link4_0_flan4:
    target_pose:
      position: [-0.1807412, -0.5889885, 0.2480128]
      orientation:
        - [0.9852018, -0.09655961, 0.1414933]
        - [0.0402084, -0.6725644, -0.7389346]
        - [0.1665151, 0.7337118, -0.6587279]
step_3:
  tf_mat_link1_0_flan1:
    target_pose:
      position: [-0.06413135, -0.4277631, -0.02524275]
      orientation:
        - [0.9834669, -0.02702149, 0.1789684]
        - [0.1392033, 0.7448897, -0.6524909]
        - [-0.1156818, 0.6666398, 0.7363375]
  tf_mat_link4_0_flan4:
    target_pose:
      position: [-0.1807602, -0.5888893, 0.2481012]
      orientation:
        - [0.9852018, -0.09655961, 0.1414933]
        - [0.0402084, -0.6725644, -0.7389346]
        - [0.1665151, 0.7337118, -0.6587279]
step_4:
  tf_mat_link1_0_flan1:
    target_pose:
      position: [-0.06415033, -0.4276747, -0.0253419]
      orientation:
        - [0.9834669, -0.02702149, 0.1789684]
        - [0.1392033, 0.7448897, -0.6524909]
        - [-0.1156818, 0.6666398, 0.7363375]
  tf_mat_link4_0_flan4:
    target_pose:
      position: [-0.1807792, -0.5887902, 0.2481896]
      orientation:
        - [0.9852018, -0.09655961, 0.1414933]
        - [0.0402084, -0.6725644, -0.7389346]
        - [0.1665151, 0.7337118, -0.6587279]
step_5:
  tf_mat_link1_0_flan1:
    target_pose:
      position: [-0.06416933, -0.4275863, -0.02544111]
      orientation:
        - [0.9834669, -0.02702149, 0.1789684]
        - [0.1392033, 0.7448897, -0.6524909]
        - [-0.1156818, 0.6666398, 0.7363375]
  tf_mat_link4_0_flan4:
    target_pose:
      position: [-0.1807982, -0.5886909, 0.248278]
      orientation:
        - [0.9852018, -0.09655961, 0.1414933]
        - [0.0402084, -0.6725644, -0.7389346]
        - [0.1665151, 0.7337118, -0.6587279]
step_6:
  tf_mat_link1_0_flan1:
    target_pose:
      position: [-0.06418832, -0.4274979, -0.02554029]
      orientation:
        - [0.9834669, -0.02702149, 0.1789684]
        - [0.1392033, 0.7448897, -0.6524909]
        - [-0.1156818, 0.6666398, 0.7363375]
  tf_mat_link4_0_flan4:
    target_pose:
      position: [-0.1808172, -0.5885918, 0.2483664]
      orientation:
        - [0.9852018, -0.09655961, 0.1414933]
        - [0.0402084, -0.6725644, -0.7389346]
        - [0.1665151, 0.7337118, -0.6587279]
step_7:
  tf_mat_link1_0_flan1:
    target_pose:
      position: [-0.06420732, -0.4274095, -0.02563944]
      orientation:
        - [0.9834669, -0.02702149, 0.1789684]
        - [0.1392033, 0.7448897, -0.6524909]
        - [-0.1156818, 0.6666398, 0.7363375]
  tf_mat_link4_0_flan4:
    target_pose:
      position: [-0.1808362, -0.5884926, 0.2484549]
      orientation:
        - [0.9852018, -0.09655961, 0.1414933]
        - [0.0402084, -0.6725644, -0.7389346]
        - [0.1665151, 0.7337118, -0.6587279]
step_8:
  tf_mat_link1_0_flan1:
    target_pose:
      position: [-0.06422631, -0.427321, -0.02573866]
      orientation:
        - [0.9834669, -0.02702149, 0.1789684]
        - [0.1392033, 0.7448897, -0.6524909]
        - [-0.1156818, 0.6666398, 0.7363375]
  tf_mat_link4_0_flan4:
    target_pose:
      position: [-0.1808552, -0.5883934, 0.2485433]
      orientation:
        - [0.9852018, -0.09655961, 0.1414933]
        - [0.0402084, -0.6725644, -0.7389346]
        - [0.1665151, 0.7337118, -0.6587279]
step_9:
  tf_mat_link1_0_flan1:
    target_pose:
      position: [-0.0642453, -0.4272326, -0.02583787]
      orientation:
        - [0.9834669, -0.02702149, 0.1789684]
        - [0.1392033, 0.7448897, -0.6524909]
        - [-0.1156818, 0.6666398, 0.7363375]
  tf_mat_link4_0_flan4:
    target_pose:
      position: [-0.1808742, -0.5882942, 0.2486317]
      orientation:
        - [0.9852018, -0.09655961, 0.1414933]
        - [0.0402084, -0.6725644, -0.7389346]
        - [0.1665151, 0.7337118, -0.6587279]
step_10:
  tf_mat_link1_0_flan1:
    target_pose:
      position: [-0.0642643, -0.4271442, -0.02593702]
      orientation:
        - [0.9834669, -0.02702149, 0.1789684]
        - [0.1392033, 0.7448897, -0.6524909]
        - [-0.1156818, 0.6666398, 0.7363375]
  tf_mat_link4_0_flan4:
    target_pose:
      position: [-0.1808932, -0.588195, 0.2487201]
      orientation:
        - [0.9852018, -0.09655961, 0.1414933]
        - [0.0402084, -0.6725644, -0.7389346]
        - [0.1665151, 0.7337118, -0.6587279]
step_11:
  tf_mat_link1_0_flan1:
    target_pose:
      position: [-0.0642833, -0.4270558, -0.02603617]
      orientation:
        - [0.9834669, -0.02702149, 0.1789684]
        - [0.1392033, 0.7448897, -0.6524909]
        - [-0.1156818, 0.6666398, 0.7363375]
  tf_mat_link4_0_flan4:
    target_pose:
      position: [-0.1809122, -0.5880959, 0.2488085]
      orientation:
        - [0.9852018, -0.09655961, 0.1414933]
        - [0.0402084, -0.6725644, -0.7389346]
        - [0.1665151, 0.7337118, -0.6587279]
step_12:
  tf_mat_link1_0_flan1:
    target_pose:
      position: [-0.06430228, -0.4269674, -0.02613536]
      orientation:
        - [0.9834669, -0.02702149, 0.1789684]
        - [0.1392033, 0.7448897, -0.6524909]
        - [-0.1156818, 0.6666398, 0.7363375]
  tf_mat_link4_0_flan4:
    target_pose:
      position: [-0.1809312, -0.5879967, 0.2488969]
      orientation:
        - [0.9852018, -0.09655961, 0.1414933]
        - [0.0402084, -0.6725644, -0.7389346]
        - [0.1665151, 0.7337118, -0.6587279]
step_13:
  tf_mat_link1_0_flan1:
    target_pose:
      position: [-0.06432128, -0.4268789, -0.0262346]
      orientation:
        - [0.9834669, -0.02702149, 0.1789684]
        - [0.1392033, 0.7448897, -0.6524909]
        - [-0.1156818, 0.6666398, 0.7363375]
  tf_mat_link4_0_flan4:
    target_pose:
      position: [-0.1809502, -0.5878974, 0.2489854]
      orientation:
        - [0.9852018, -0.09655961, 0.1414933]
        - [0.0402084, -0.6725644, -0.7389346]
        - [0.1665151, 0.7337118, -0.6587279]
step_14:
  tf_mat_link1_0_flan1:
    target_pose:
      position: [-0.06434028, -0.4267904, -0.02633378]
      orientation:
        - [0.9834669, -0.02702149, 0.1789684]
        - [0.1392033, 0.7448897, -0.6524909]
        - [-0.1156818, 0.6666398, 0.7363375]
  tf_mat_link4_0_flan4:
    target_pose:
      position: [-0.1809691, -0.5877983, 0.2490738]
      orientation:
        - [0.9852018, -0.09655961, 0.1414933]
        - [0.0402084, -0.6725644, -0.7389346]
        - [0.1665151, 0.7337118, -0.6587279]
step_15:
  tf_mat_link1_0_flan1:
    target_pose:
      position: [-0.06435926, -0.4267021, -0.02643296]
      orientation:
        - [0.9834669, -0.02702149, 0.1789684]
        - [0.1392033, 0.7448897, -0.6524909]
        - [-0.1156818, 0.6666398, 0.7363375]
  tf_mat_link4_0_flan4:
    target_pose:
      position: [-0.1809881, -0.5876991, 0.2491622]
      orientation:
        - [0.9852018, -0.09655961, 0.1414933]
        - [0.0402084, -0.6725644, -0.7389346]
        - [0.1665151, 0.7337118, -0.6587279]
step_16:
  tf_mat_link1_0_flan1:
    target_pose:
      position: [-0.06437825, -0.4266137, -0.02653214]
      orientation:
        - [0.9834669, -0.02702149, 0.1789684]
        - [0.1392033, 0.7448897, -0.6524909]
        - [-0.1156818, 0.6666398, 0.7363375]
  tf_mat_link4_0_flan4:
    target_pose:
      position: [-0.1810071, -0.5875999, 0.2492506]
      orientation:
        - [0.9852018, -0.09655961, 0.1414933]
        - [0.0402084, -0.6725644, -0.7389346]
        - [0.1665151, 0.7337118, -0.6587279]
step_17:
  tf_mat_link1_0_flan1:
    target_pose:
      position: [-0.06439725, -0.4265253, -0.0266313]
      orientation:
        - [0.9834669, -0.02702149, 0.1789684]
        - [0.1392033, 0.7448897, -0.6524909]
        - [-0.1156818, 0.6666398, 0.7363375]
  tf_mat_link4_0_flan4:
    target_pose:
      position: [-0.1810261, -0.5875007, 0.249339]
      orientation:
        - [0.9852018, -0.09655961, 0.1414933]
        - [0.0402084, -0.6725644, -0.7389346]
        - [0.1665151, 0.7337118, -0.6587279]
step_18:
  tf_mat_link1_0_flan1:
    target_pose:
      position: [-0.06441623, -0.4264369, -0.02673048]
      orientation:
        - [0.9834669, -0.02702149, 0.1789684]
        - [0.1392033, 0.7448897, -0.6524909]
        - [-0.1156818, 0.6666398, 0.7363375]
  tf_mat_link4_0_flan4:
    target_pose:
      position: [-0.1810451, -0.5874016, 0.2494275]
      orientation:
        - [0.9852018, -0.09655961, 0.1414933]
        - [0.0402084, -0.6725644, -0.7389346]
        - [0.1665151, 0.7337118, -0.6587279]
step_19:
  tf_mat_link1_0_flan1:
    target_pose:
      position: [-0.06443523, -0.4263484, -0.02682969]
      orientation:
        - [0.9834669, -0.02702149, 0.1789684]
        - [0.1392033, 0.7448897, -0.6524909]
        - [-0.1156818, 0.6666398, 0.7363375]
  tf_mat_link4_0_flan4:
    target_pose:
      position: [-0.1810641, -0.5873023, 0.2495159]
      orientation:
        - [0.9852018, -0.09655961, 0.1414933]
        - [0.0402084, -0.6725644, -0.7389346]
        - [0.1665151, 0.7337118, -0.6587279]
step_20:
  tf_mat_link1_0_flan1:
    target_pose:
      position: [-0.06445423, -0.42626, -0.02692887]
      orientation:
        - [0.9834669, -0.02702149, 0.1789684]
        - [0.1392033, 0.7448897, -0.6524909]
        - [-0.1156818, 0.6666398, 0.7363375]
  tf_mat_link4_0_flan4:
    target_pose:
      position: [-0.1810831, -0.5872032, 0.2496043]
      orientation:
        - [0.9852018, -0.09655961, 0.1414933]
        - [0.0402084, -0.6725644, -0.7389346]
        - [0.1665151, 0.7337118, -0.6587279]
step_21:
  tf_mat_link1_0_flan1:
    target_pose:
      position: [-0.06447321, -0.4261716, -0.02702808]
      orientation:
        - [0.9834669, -0.02702149, 0.1789684]
        - [0.1392033, 0.7448897, -0.6524909]
        - [-0.1156818, 0.6666398, 0.7363375]
  tf_mat_link4_0_flan4:
    target_pose:
      position: [-0.1811021, -0.587104, 0.2496928]
      orientation:
        - [0.9852018, -0.09655961, 0.1414933]
        - [0.0402084, -0.6725644, -0.7389346]
        - [0.1665151, 0.7337118, -0.6587279]
step_22:
  tf_mat_link1_0_flan1:
    target_pose:
      position: [-0.06449221, -0.4260832, -0.02712721]
      orientation:
        - [0.9834669, -0.02702149, 0.1789684]
        - [0.1392033, 0.7448897, -0.6524909]
        - [-0.1156818, 0.6666398, 0.7363375]
  tf_mat_link4_0_flan4:
    target_pose:
      position: [-0.1811211, -0.5870048, 0.2497811]
      orientation:
        - [0.9852018, -0.09655961, 0.1414933]
        - [0.0402084, -0.6725644, -0.7389346]
        - [0.1665151, 0.7337118, -0.6587279]
step_23:
  tf_mat_link1_0_flan1:
    target_pose:
      position: [-0.06451119, -0.4259947, -0.02722642]
      orientation:
        - [0.9834669, -0.02702149, 0.1789684]
        - [0.1392033, 0.7448897, -0.6524909]
        - [-0.1156818, 0.6666398, 0.7363375]
  tf_mat_link4_0_flan4:
    target_pose:
      position: [-0.1811401, -0.5869056, 0.2498696]
      orientation:
        - [0.9852018, -0.09655961, 0.1414933]
        - [0.0402084, -0.6725644, -0.7389346]
        - [0.1665151, 0.7337118, -0.6587279]
step_24:
  tf_mat_link1_0_flan1:
    target_pose:
      position: [-0.06453019, -0.4259063, -0.02732563]
      orientation:
        - [0.9834669, -0.02702149, 0.1789684]
        - [0.1392033, 0.7448897, -0.6524909]
        - [-0.1156818, 0.6666398, 0.7363375]
  tf_mat_link4_0_flan4:
    target_pose:
      position: [-0.1811591, -0.5868064, 0.249958]
      orientation:
        - [0.9852018, -0.09655961, 0.1414933]
        - [0.0402084, -0.6725644, -0.7389346]
        - [0.1665151, 0.7337118, -0.6587279]
step_25:
  tf_mat_link1_0_flan1:
    target_pose:
      position: [-0.06454919, -0.4258179, -0.02742481]
      orientation:
        - [0.9834669, -0.02702149, 0.1789684]
        - [0.1392033, 0.7448897, -0.6524909]
        - [-0.1156818, 0.6666398, 0.7363375]
  tf_mat_link4_0_flan4:
    target_pose:
      position: [-0.1811781, -0.5867072, 0.2500464]
      orientation:
        - [0.9852018, -0.09655961, 0.1414933]
        - [0.0402084, -0.6725644, -0.7389346]
        - [0.1665151, 0.7337118, -0.6587279]
step_26:
  tf_mat_link1_0_flan1:
    target_pose:
      position: [-0.06456817, -0.4257295, -0.02752399]
      orientation:
        - [0.9834669, -0.02702149, 0.1789684]
        - [0.1392033, 0.7448897, -0.6524909]
        - [-0.1156818, 0.6666398, 0.7363375]
  tf_mat_link4_0_flan4:
    target_pose:
      position: [-0.181197, -0.5866081, 0.2501348]
      orientation:
        - [0.9852018, -0.09655961, 0.1414933]
        - [0.0402084, -0.6725644, -0.7389346]
        - [0.1665151, 0.7337118, -0.6587279]
step_27:
  tf_mat_link1_0_flan1:
    target_pose:
      position: [-0.06458717, -0.425641, -0.02762321]
      orientation:
        - [0.9834669, -0.02702149, 0.1789684]
        - [0.1392033, 0.7448897, -0.6524909]
        - [-0.1156818, 0.6666398, 0.7363375]
  tf_mat_link4_0_flan4:
    target_pose:
      position: [-0.1812161, -0.5865089, 0.2502232]
      orientation:
        - [0.9852018, -0.09655961, 0.1414933]
        - [0.0402084, -0.6725644, -0.7389346]
        - [0.1665151, 0.7337118, -0.6587279]
step_28:
  tf_mat_link1_0_flan1:
    target_pose:
      position: [-0.06460615, -0.4255526, -0.02772237]
      orientation:
        - [0.9834669, -0.02702149, 0.1789684]
        - [0.1392033, 0.7448897, -0.6524909]
        - [-0.1156818, 0.6666398, 0.7363375]
  tf_mat_link4_0_flan4:
    target_pose:
      position: [-0.181235, -0.5864097, 0.2503117]
      orientation:
        - [0.9852018, -0.09655961, 0.1414933]
        - [0.0402084, -0.6725644, -0.7389346]
        - [0.1665151, 0.7337118, -0.6587279]
step_29:
  tf_mat_link1_0_flan1:
    target_pose:
      position: [-0.06462515, -0.4254642, -0.02782157]
      orientation:
        - [0.9834669, -0.02702149, 0.1789684]
        - [0.1392033, 0.7448897, -0.6524909]
        - [-0.1156818, 0.6666398, 0.7363375]
  tf_mat_link4_0_flan4:
    target_pose:
      position: [-0.181254, -0.5863105, 0.2504001]
      orientation:
        - [0.9852018, -0.09655961, 0.1414933]
        - [0.0402084, -0.6725644, -0.7389346]
        - [0.1665151, 0.7337118, -0.6587279]
step_30:
  tf_mat_link1_0_flan1:
    target_pose:
      position: [-0.06464415, -0.4253758, -0.02792074]
      orientation:
        - [0.9834669, -0.02702149, 0.1789684]
        - [0.1392033, 0.7448897, -0.6524909]
        - [-0.1156818, 0.6666398, 0.7363375]
  tf_mat_link4_0_flan4:
    target_pose:
      position: [-0.181273, -0.5862113, 0.2504885]
      orientation:
        - [0.9852018, -0.09655961, 0.1414933]
        - [0.0402084, -0.6725644, -0.7389346]
        - [0.1665151, 0.7337118, -0.6587279]
step_31:
  tf_mat_link1_0_flan1:
    target_pose:
      position: [-0.06466313, -0.4252874, -0.02801992]
      orientation:
        - [0.9834669, -0.02702149, 0.1789684]
        - [0.1392033, 0.7448897, -0.6524909]
        - [-0.1156818, 0.6666398, 0.7363375]
  tf_mat_link4_0_flan4:
    target_pose:
      position: [-0.181292, -0.5861121, 0.2505769]
      orientation:
        - [0.9852018, -0.09655961, 0.1414933]
        - [0.0402084, -0.6725644, -0.7389346]
        - [0.1665151, 0.7337118, -0.6587279]
step_32:
  tf_mat_link1_0_flan1:
    target_pose:
      position: [-0.06468212, -0.425199, -0.02811904]
      orientation:
        - [0.9834669, -0.02702149, 0.1789684]
        - [0.1392033, 0.7448897, -0.6524909]
        - [-0.1156818, 0.6666398, 0.7363375]
  tf_mat_link4_0_flan4:
    target_pose:
      position: [-0.181311, -0.586013, 0.2506653]
      orientation:
        - [0.9852018, -0.09655961, 0.1414933]
        - [0.0402084, -0.6725644, -0.7389346]
        - [0.1665151, 0.7337118, -0.6587279]
step_33:
  tf_mat_link1_0_flan1:
    target_pose:
      position: [-0.06470112, -0.4251105, -0.02821825]
      orientation:
        - [0.9834669, -0.02702149, 0.1789684]
        - [0.1392033, 0.7448897, -0.6524909]
        - [-0.1156818, 0.6666398, 0.7363375]
  tf_mat_link4_0_flan4:
    target_pose:
      position: [-0.18133, -0.5859138, 0.2507538]
      orientation:
        - [0.9852018, -0.09655961, 0.1414933]
        - [0.0402084, -0.6725644, -0.7389346]
        - [0.1665151, 0.7337118, -0.6587279]
step_34:
  tf_mat_link1_0_flan1:
    target_pose:
      position: [-0.06472012, -0.4250221, -0.02831751]
      orientation:
        - [0.9834669, -0.02702149, 0.1789684]
        - [0.1392033, 0.7448897, -0.6524909]
        - [-0.1156818, 0.6666398, 0.7363375]
  tf_mat_link4_0_flan4:
    target_pose:
      position: [-0.181349, -0.5858145, 0.2508422]
      orientation:
        - [0.9852018, -0.09655961, 0.1414933]
        - [0.0402084, -0.6725644, -0.7389346]
        - [0.1665151, 0.7337118, -0.6587279]
step_35:
  tf_mat_link1_0_flan1:
    target_pose:
      position: [-0.06473912, -0.4249336, -0.02841672]
      orientation:
        - [0.9834669, -0.02702149, 0.1789684]
        - [0.1392033, 0.7448897, -0.6524909]
        - [-0.1156818, 0.6666398, 0.7363375]
  tf_mat_link4_0_flan4:
    target_pose:
      position: [-0.181368, -0.5857154, 0.2509307]
      orientation:
        - [0.9852018, -0.09655961, 0.1414933]
        - [0.0402084, -0.6725644, -0.7389346]
        - [0.1665151, 0.7337118, -0.6587279]
step_36:
  tf_mat_link1_0_flan1:
    target_pose:
      position: [-0.06475811, -0.4248453, -0.02851585]
      orientation:
        - [0.9834669, -0.02702149, 0.1789684]
        - [0.1392033, 0.7448897, -0.6524909]
        - [-0.1156818, 0.6666398, 0.7363375]
  tf_mat_link4_0_flan4:
    target_pose:
      position: [-0.181387, -0.5856162, 0.251019]
      orientation:
        - [0.9852018, -0.09655961, 0.1414933]
        - [0.0402084, -0.6725644, -0.7389346]
        - [0.1665151, 0.7337118, -0.6587279]
step_37:
  tf_mat_link1_0_flan1:
    target_pose:
      position: [-0.06477709, -0.4247569, -0.02861501]
      orientation:
        - [0.9834669, -0.02702149, 0.1789684]
        - [0.1392033, 0.7448897, -0.6524909]
        - [-0.1156818, 0.6666398, 0.7363375]
  tf_mat_link4_0_flan4:
    target_pose:
      position: [-0.181406, -0.585517, 0.2511074]
      orientation:
        - [0.9852018, -0.09655961, 0.1414933]
        - [0.0402084, -0.6725644, -0.7389346]
        - [0.1665151, 0.7337118, -0.6587279]
step_38:
  tf_mat_link1_0_flan1:
    target_pose:
      position: [-0.06479608, -0.4246685, -0.02871421]
      orientation:
        - [0.9834669, -0.02702149, 0.1789684]
        - [0.1392033, 0.7448897, -0.6524909]
        - [-0.1156818, 0.6666398, 0.7363375]
  tf_mat_link4_0_flan4:
    target_pose:
      position: [-0.1814249, -0.5854178, 0.2511958]
      orientation:
        - [0.9852018, -0.09655961, 0.1414933]
        - [0.0402084, -0.6725644, -0.7389346]
        - [0.1665151, 0.7337118, -0.6587279]
step_39:
  tf_mat_link1_0_flan1:
    target_pose:
      position: [-0.06481507, -0.42458, -0.02881341]
      orientation:
        - [0.9834669, -0.02702149, 0.1789684]
        - [0.1392033, 0.7448897, -0.6524909]
        - [-0.1156818, 0.6666398, 0.7363375]
  tf_mat_link4_0_flan4:
    target_pose:
      position: [-0.181444, -0.5853186, 0.2512842]
      orientation:
        - [0.9852018, -0.09655961, 0.1414933]
        - [0.0402084, -0.6725644, -0.7389346]
        - [0.1665151, 0.7337118, -0.6587279]
step_40:
  tf_mat_link1_0_flan1:
    target_pose:
      position: [-0.06483406, -0.4244916, -0.02891257]
      orientation:
        - [0.9834669, -0.02702149, 0.1789684]
        - [0.1392033, 0.7448897, -0.6524909]
        - [-0.1156818, 0.6666398, 0.7363375]
  tf_mat_link4_0_flan4:
    target_pose:
      position: [-0.1814629, -0.5852195, 0.2513727]
      orientation:
        - [0.9852018, -0.09655961, 0.1414933]
        - [0.0402084, -0.6725644, -0.7389346]
        - [0.1665151, 0.7337118, -0.6587279]
step_41:
  tf_mat_link1_0_flan1:
    target_pose:
      position: [-0.06485306, -0.4244032, -0.02901182]
      orientation:
        - [0.9834669, -0.02702149, 0.1789684]
        - [0.1392033, 0.7448897, -0.6524909]
        - [-0.1156818, 0.6666398, 0.7363375]
  tf_mat_link4_0_flan4:
    target_pose:
      position: [-0.1814819, -0.5851203, 0.2514611]
      orientation:
        - [0.9852018, -0.09655961, 0.1414933]
        - [0.0402084, -0.6725644, -0.7389346]
        - [0.1665151, 0.7337118, -0.6587279]
step_42:
  tf_mat_link1_0_flan1:
    target_pose:
      position: [-0.06487204, -0.4243148, -0.02911094]
      orientation:
        - [0.9834669, -0.02702149, 0.1789684]
        - [0.1392033, 0.7448897, -0.6524909]
        - [-0.1156818, 0.6666398, 0.7363375]
  tf_mat_link4_0_flan4:
    target_pose:
      position: [-0.1815009, -0.5850211, 0.2515495]
      orientation:
        - [0.9852018, -0.09655961, 0.1414933]
        - [0.0402084, -0.6725644, -0.7389346]
        - [0.1665151, 0.7337118, -0.6587279]
step_43:
  tf_mat_link1_0_flan1:
    target_pose:
      position: [-0.06489104, -0.4242264, -0.02921009]
      orientation:
        - [0.9834669, -0.02702149, 0.1789684]
        - [0.1392033, 0.7448897, -0.6524909]
        - [-0.1156818, 0.6666398, 0.7363375]
  tf_mat_link4_0_flan4:
    target_pose:
      position: [-0.1815199, -0.584922, 0.251638]
      orientation:
        - [0.9852018, -0.09655961, 0.1414933]
        - [0.0402084, -0.6725644, -0.7389346]
        - [0.1665151, 0.7337118, -0.6587279]
step_44:
  tf_mat_link1_0_flan1:
    target_pose:
      position: [-0.06491004, -0.4241379, -0.02930933]
      orientation:
        - [0.9834669, -0.02702149, 0.1789684]
        - [0.1392033, 0.7448897, -0.6524909]
        - [-0.1156818, 0.6666398, 0.7363375]
  tf_mat_link4_0_flan4:
    target_pose:
      position: [-0.1815389, -0.5848227, 0.2517264]
      orientation:
        - [0.9852018, -0.09655961, 0.1414933]
        - [0.0402084, -0.6725644, -0.7389346]
        - [0.1665151, 0.7337118, -0.6587279]
step_45:
  tf_mat_link1_0_flan1:
    target_pose:
      position: [-0.06492902, -0.4240495, -0.0294085]
      orientation:
        - [0.9834669, -0.02702149, 0.1789684]
        - [0.1392033, 0.7448897, -0.6524909]
        - [-0.1156818, 0.6666398, 0.7363375]
  tf_mat_link4_0_flan4:
    target_pose:
      position: [-0.1815579, -0.5847235, 0.2518148]
      orientation:
        - [0.9852018, -0.09655961, 0.1414933]
        - [0.0402084, -0.6725644, -0.7389346]
        - [0.1665151, 0.7337118, -0.6587279]
step_46:
  tf_mat_link1_0_flan1:
    target_pose:
      position: [-0.06494802, -0.4239611, -0.02950771]
      orientation:
        - [0.9834669, -0.02702149, 0.1789684]
        - [0.1392033, 0.7448897, -0.6524909]
        - [-0.1156818, 0.6666398, 0.7363375]
  tf_mat_link4_0_flan4:
    target_pose:
      position: [-0.1815769, -0.5846244, 0.2519032]
      orientation:
        - [0.9852018, -0.09655961, 0.1414933]
        - [0.0402084, -0.6725644, -0.7389346]
        - [0.1665151, 0.7337118, -0.6587279]
step_47:
  tf_mat_link1_0_flan1:
    target_pose:
      position: [-0.06496701, -0.4238727, -0.02960688]
      orientation:
        - [0.9834669, -0.02702149, 0.1789684]
        - [0.1392033, 0.7448897, -0.6524909]
        - [-0.1156818, 0.6666398, 0.7363375]
  tf_mat_link4_0_flan4:
    target_pose:
      position: [-0.1815959, -0.5845252, 0.2519917]
      orientation:
        - [0.9852018, -0.09655961, 0.1414933]
        - [0.0402084, -0.6725644, -0.7389346]
        - [0.1665151, 0.7337118, -0.6587279]
step_48:
  tf_mat_link1_0_flan1:
    target_pose:
      position: [-0.06498601, -0.4237842, -0.02970609]
      orientation:
        - [0.9834669, -0.02702149, 0.1789684]
        - [0.1392033, 0.7448897, -0.6524909]
        - [-0.1156818, 0.6666398, 0.7363375]
  tf_mat_link4_0_flan4:
    target_pose:
      position: [-0.1816149, -0.584426, 0.2520801]
      orientation:
        - [0.9852018, -0.09655961, 0.1414933]
        - [0.0402084, -0.6725644, -0.7389346]
        - [0.1665151, 0.7337118, -0.6587279]
step_49:
  tf_mat_link1_0_flan1:
    target_pose:
      position: [-0.065005, -0.4236959, -0.02980521]
      orientation:
        - [0.9834669, -0.02702149, 0.1789684]
        - [0.1392033, 0.7448897, -0.6524909]
        - [-0.1156818, 0.6666398, 0.7363375]
  tf_mat_link4_0_flan4:
    target_pose:
      position: [-0.1816339, -0.5843269, 0.2521685]
      orientation:
        - [0.9852018, -0.09655961, 0.1414933]
        - [0.0402084, -0.6725644, -0.7389346]
        - [0.1665151, 0.7337118, -0.6587279]
step_50:
  tf_mat_link1_0_flan1:
    target_pose:
      position: [-0.06502399, -0.4236074, -0.02990443]
      orientation:
        - [0.9834669, -0.02702149, 0.1789684]
        - [0.1392033, 0.7448897, -0.6524909]
        - [-0.1156818, 0.6666398, 0.7363375]
  tf_mat_link4_0_flan4:
    target_pose:
      position: [-0.1816529, -0.5842277, 0.2522569]
      orientation:
        - [0.9852018, -0.09655961, 0.1414933]
        - [0.0402084, -0.6725644, -0.7389346]
        - [0.1665151, 0.7337118, -0.6587279]
step_51:
  tf_mat_link1_0_flan1:
    target_pose:
      position: [-0.06504299, -0.423519, -0.03000361]
      orientation:
        - [0.9834669, -0.02702149, 0.1789684]
        - [0.1392033, 0.7448897, -0.6524909]
        - [-0.1156818, 0.6666398, 0.7363375]
  tf_mat_link4_0_flan4:
    target_pose:
      position: [-0.1816719, -0.5841284, 0.2523453]
      orientation:
        - [0.9852018, -0.09655961, 0.1414933]
        - [0.0402084, -0.6725644, -0.7389346]
        - [0.1665151, 0.7337118, -0.6587279]
step_52:
  tf_mat_link1_0_flan1:
    target_pose:
      position: [-0.06506199, -0.4234307, -0.03010282]
      orientation:
        - [0.9834669, -0.02702149, 0.1789684]
        - [0.1392033, 0.7448897, -0.6524909]
        - [-0.1156818, 0.6666398, 0.7363375]
  tf_mat_link4_0_flan4:
    target_pose:
      position: [-0.1816909, -0.5840292, 0.2524337]
      orientation:
        - [0.9852018, -0.09655961, 0.1414933]
        - [0.0402084, -0.6725644, -0.7389346]
        - [0.1665151, 0.7337118, -0.6587279]
step_53:
  tf_mat_link1_0_flan1:
    target_pose:
      position: [-0.06508097, -0.4233422, -0.03020199]
      orientation:
        - [0.9834669, -0.02702149, 0.1789684]
        - [0.1392033, 0.7448897, -0.6524909]
        - [-0.1156818, 0.6666398, 0.7363375]
  tf_mat_link4_0_flan4:
    target_pose:
      position: [-0.1817099, -0.5839301, 0.2525221]
      orientation:
        - [0.9852018, -0.09655961, 0.1414933]
        - [0.0402084, -0.6725644, -0.7389346]
        - [0.1665151, 0.7337118, -0.6587279]
step_54:
  tf_mat_link1_0_flan1:
    target_pose:
      position: [-0.06509997, -0.4232537, -0.03030117]
      orientation:
        - [0.9834669, -0.02702149, 0.1789684]
        - [0.1392033, 0.7448897, -0.6524909]
        - [-0.1156818, 0.6666398, 0.7363375]
  tf_mat_link4_0_flan4:
    target_pose:
      position: [-0.1817288, -0.5838309, 0.2526106]
      orientation:
        - [0.9852018, -0.09655961, 0.1414933]
        - [0.0402084, -0.6725644, -0.7389346]
        - [0.1665151, 0.7337118, -0.6587279]
step_55:
  tf_mat_link1_0_flan1:
    target_pose:
      position: [-0.06511897, -0.4231653, -0.03040037]
      orientation:
        - [0.9834669, -0.02702149, 0.1789684]
        - [0.1392033, 0.7448897, -0.6524909]
        - [-0.1156818, 0.6666398, 0.7363375]
  tf_mat_link4_0_flan4:
    target_pose:
      position: [-0.1817479, -0.5837317, 0.252699]
      orientation:
        - [0.9852018, -0.09655961, 0.1414933]
        - [0.0402084, -0.6725644, -0.7389346]
        - [0.1665151, 0.7337118, -0.6587279]
step_56:
  tf_mat_link1_0_flan1:
    target_pose:
      position: [-0.06513795, -0.4230769, -0.03049956]
      orientation:
        - [0.9834669, -0.02702149, 0.1789684]
        - [0.1392033, 0.7448897, -0.6524909]
        - [-0.1156818, 0.6666398, 0.7363375]
  tf_mat_link4_0_flan4:
    target_pose:
      position: [-0.1817668, -0.5836325, 0.2527874]
      orientation:
        - [0.9852018, -0.09655961, 0.1414933]
        - [0.0402084, -0.6725644, -0.7389346]
        - [0.1665151, 0.7337118, -0.6587279]
step_57:
  tf_mat_link1_0_flan1:
    target_pose:
      position: [-0.06515695, -0.4229885, -0.03059874]
      orientation:
        - [0.9834669, -0.02702149, 0.1789684]
        - [0.1392033, 0.7448897, -0.6524909]
        - [-0.1156818, 0.6666398, 0.7363375]
  tf_mat_link4_0_flan4:
    target_pose:
      position: [-0.1817858, -0.5835333, 0.2528759]
      orientation:
        - [0.9852018, -0.09655961, 0.1414933]
        - [0.0402084, -0.6725644, -0.7389346]
        - [0.1665151, 0.7337118, -0.6587279]
step_58:
  tf_mat_link1_0_flan1:
    target_pose:
      position: [-0.06517594, -0.4229001, -0.03069791]
      orientation:
        - [0.9834669, -0.02702149, 0.1789684]
        - [0.1392033, 0.7448897, -0.6524909]
        - [-0.1156818, 0.6666398, 0.7363375]
  tf_mat_link4_0_flan4:
    target_pose:
      position: [-0.1818048, -0.5834342, 0.2529643]
      orientation:
        - [0.9852018, -0.09655961, 0.1414933]
        - [0.0402084, -0.6725644, -0.7389346]
        - [0.1665151, 0.7337118, -0.6587279]
step_59:
  tf_mat_link1_0_flan1:
    target_pose:
      position: [-0.06519493, -0.4228117, -0.03079712]
      orientation:
        - [0.9834669, -0.02702149, 0.1789684]
        - [0.1392033, 0.7448897, -0.6524909]
        - [-0.1156818, 0.6666398, 0.7363375]
  tf_mat_link4_0_flan4:
    target_pose:
      position: [-0.1818238, -0.5833349, 0.2530527]
      orientation:
        - [0.9852018, -0.09655961, 0.1414933]
        - [0.0402084, -0.6725644, -0.7389346]
        - [0.1665151, 0.7337118, -0.6587279]
step_60:
  tf_mat_link1_0_flan1:
    target_pose:
      position: [-0.06521393, -0.4227233, -0.03089634]
      orientation:
        - [0.9834669, -0.02702149, 0.1789684]
        - [0.1392033, 0.7448897, -0.6524909]
        - [-0.1156818, 0.6666398, 0.7363375]
  tf_mat_link4_0_flan4:
    target_pose:
      position: [-0.1818428, -0.5832357, 0.2531411]
      orientation:
        - [0.9852018, -0.09655961, 0.1414933]
        - [0.0402084, -0.6725644, -0.7389346]
        - [0.1665151, 0.7337118, -0.6587279]
step_61:
  tf_mat_link1_0_flan1:
    target_pose:
      position: [-0.06523293, -0.4226348, -0.0309955]
      orientation:
        - [0.9834669, -0.02702149, 0.1789684]
        - [0.1392033, 0.7448897, -0.6524909]
        - [-0.1156818, 0.6666398, 0.7363375]
  tf_mat_link4_0_flan4:
    target_pose:
      position: [-0.1818618, -0.5831365, 0.2532295]
      orientation:
        - [0.9852018, -0.09655961, 0.1414933]
        - [0.0402084, -0.6725644, -0.7389346]
        - [0.1665151, 0.7337118, -0.6587279]
step_62:
  tf_mat_link1_0_flan1:
    target_pose:
      position: [-0.06525192, -0.4225464, -0.03109469]
      orientation:
        - [0.9834669, -0.02702149, 0.1789684]
        - [0.1392033, 0.7448897, -0.6524909]
        - [-0.1156818, 0.6666398, 0.7363375]
  tf_mat_link4_0_flan4:
    target_pose:
      position: [-0.1818808, -0.5830374, 0.253318]
      orientation:
        - [0.9852018, -0.09655961, 0.1414933]
        - [0.0402084, -0.6725644, -0.7389346]
        - [0.1665151, 0.7337118, -0.6587279]
step_63:
  tf_mat_link1_0_flan1:
    target_pose:
      position: [-0.0652709, -0.422458, -0.03119387]
      orientation:
        - [0.9834669, -0.02702149, 0.1789684]
        - [0.1392033, 0.7448897, -0.6524909]
        - [-0.1156818, 0.6666398, 0.7363375]
  tf_mat_link4_0_flan4:
    target_pose:
      position: [-0.1818998, -0.5829382, 0.2534063]
      orientation:
        - [0.9852018, -0.09655961, 0.1414933]
        - [0.0402084, -0.6725644, -0.7389346]
        - [0.1665151, 0.7337118, -0.6587279]
step_64:
  tf_mat_link1_0_flan1:
    target_pose:
      position: [-0.0652899, -0.4223696, -0.03129305]
      orientation:
        - [0.9834669, -0.02702149, 0.1789684]
        - [0.1392033, 0.7448897, -0.6524909]
        - [-0.1156818, 0.6666398, 0.7363375]
  tf_mat_link4_0_flan4:
    target_pose:
      position: [-0.1819188, -0.582839, 0.2534948]
      orientation:
        - [0.9852018, -0.09655961, 0.1414933]
        - [0.0402084, -0.6725644, -0.7389346]
        - [0.1665151, 0.7337118, -0.6587279]
step_65:
  tf_mat_link1_0_flan1:
    target_pose:
      position: [-0.06530888, -0.4222811, -0.0313922]
      orientation:
        - [0.9834669, -0.02702149, 0.1789684]
        - [0.1392033, 0.7448897, -0.6524909]
        - [-0.1156818, 0.6666398, 0.7363375]
  tf_mat_link4_0_flan4:
    target_pose:
      position: [-0.1819378, -0.5827398, 0.2535832]
      orientation:
        - [0.9852018, -0.09655961, 0.1414933]
        - [0.0402084, -0.6725644, -0.7389346]
        - [0.1665151, 0.7337118, -0.6587279]
step_66:
  tf_mat_link1_0_flan1:
    target_pose:
      position: [-0.06532787, -0.4221927, -0.03149141]
      orientation:
        - [0.9834669, -0.02702149, 0.1789684]
        - [0.1392033, 0.7448897, -0.6524909]
        - [-0.1156818, 0.6666398, 0.7363375]
  tf_mat_link4_0_flan4:
    target_pose:
      position: [-0.1819567, -0.5826406, 0.2536716]
      orientation:
        - [0.9852018, -0.09655961, 0.1414933]
        - [0.0402084, -0.6725644, -0.7389346]
        - [0.1665151, 0.7337118, -0.6587279]
step_67:
  tf_mat_link1_0_flan1:
    target_pose:
      position: [-0.06534687, -0.4221043, -0.03159064]
      orientation:
        - [0.9834669, -0.02702149, 0.1789684]
        - [0.1392033, 0.7448897, -0.6524909]
        - [-0.1156818, 0.6666398, 0.7363375]
  tf_mat_link4_0_flan4:
    target_pose:
      position: [-0.1819758, -0.5825414, 0.25376]
      orientation:
        - [0.9852018, -0.09655961, 0.1414933]
        - [0.0402084, -0.6725644, -0.7389346]
        - [0.1665151, 0.7337118, -0.6587279]
step_68:
  tf_mat_link1_0_flan1:
    target_pose:
      position: [-0.06536587, -0.4220159, -0.03168981]
      orientation:
        - [0.9834669, -0.02702149, 0.1789684]
        - [0.1392033, 0.7448897, -0.6524909]
        - [-0.1156818, 0.6666398, 0.7363375]
  tf_mat_link4_0_flan4:
    target_pose:
      position: [-0.1819947, -0.5824422, 0.2538484]
      orientation:
        - [0.9852018, -0.09655961, 0.1414933]
        - [0.0402084, -0.6725644, -0.7389346]
        - [0.1665151, 0.7337118, -0.6587279]
step_69:
  tf_mat_link1_0_flan1:
    target_pose:
      position: [-0.06538486, -0.4219275, -0.03178896]
      orientation:
        - [0.9834669, -0.02702149, 0.1789684]
        - [0.1392033, 0.7448897, -0.6524909]
        - [-0.1156818, 0.6666398, 0.7363375]
  tf_mat_link4_0_flan4:
    target_pose:
      position: [-0.1820138, -0.5823431, 0.2539369]
      orientation:
        - [0.9852018, -0.09655961, 0.1414933]
        - [0.0402084, -0.6725644, -0.7389346]
        - [0.1665151, 0.7337118, -0.6587279]
step_70:
  tf_mat_link1_0_flan1:
    target_pose:
      position: [-0.06540385, -0.421839, -0.03188819]
      orientation:
        - [0.9834669, -0.02702149, 0.1789684]
        - [0.1392033, 0.7448897, -0.6524909]
        - [-0.1156818, 0.6666398, 0.7363375]
  tf_mat_link4_0_flan4:
    target_pose:
      position: [-0.1820327, -0.5822439, 0.2540253]
      orientation:
        - [0.9852018, -0.09655961, 0.1414933]
        - [0.0402084, -0.6725644, -0.7389346]
        - [0.1665151, 0.7337118, -0.6587279]
step_71:
  tf_mat_link1_0_flan1:
    target_pose:
      position: [-0.06542284, -0.4217506, -0.03198732]
      orientation:
        - [0.9834669, -0.02702149, 0.1789684]
        - [0.1392033, 0.7448897, -0.6524909]
        - [-0.1156818, 0.6666398, 0.7363375]
  tf_mat_link4_0_flan4:
    target_pose:
      position: [-0.1820517, -0.5821447, 0.2541137]
      orientation:
        - [0.9852018, -0.09655961, 0.1414933]
        - [0.0402084, -0.6725644, -0.7389346]
        - [0.1665151, 0.7337118, -0.6587279]
step_72:
  tf_mat_link1_0_flan1:
    target_pose:
      position: [-0.06544182, -0.4216622, -0.03208654]
      orientation:
        - [0.9834669, -0.02702149, 0.1789684]
        - [0.1392033, 0.7448897, -0.6524909]
        - [-0.1156818, 0.6666398, 0.7363375]
  tf_mat_link4_0_flan4:
    target_pose:
      position: [-0.1820707, -0.5820456, 0.2542021]
      orientation:
        - [0.9852018, -0.09655961, 0.1414933]
        - [0.0402084, -0.6725644, -0.7389346]
        - [0.1665151, 0.7337118, -0.6587279]
step_73:
  tf_mat_link1_0_flan1:
    target_pose:
      position: [-0.06546082, -0.4215738, -0.03218573]
      orientation:
        - [0.9834669, -0.02702149, 0.1789684]
        - [0.1392033, 0.7448897, -0.6524909]
        - [-0.1156818, 0.6666398, 0.7363375]
  tf_mat_link4_0_flan4:
    target_pose:
      position: [-0.1820897, -0.5819463, 0.2542906]
      orientation:
        - [0.9852018, -0.09655961, 0.1414933]
        - [0.0402084, -0.6725644, -0.7389346]
        - [0.1665151, 0.7337118, -0.6587279]
step_74:
  tf_mat_link1_0_flan1:
    target_pose:
      position: [-0.06547981, -0.4214854, -0.03228489]
      orientation:
        - [0.9834669, -0.02702149, 0.1789684]
        - [0.1392033, 0.7448897, -0.6524909]
        - [-0.1156818, 0.6666398, 0.7363375]
  tf_mat_link4_0_flan4:
    target_pose:
      position: [-0.1821087, -0.5818472, 0.2543789]
      orientation:
        - [0.9852018, -0.09655961, 0.1414933]
        - [0.0402084, -0.6725644, -0.7389346]
        - [0.1665151, 0.7337118, -0.6587279]
step_75:
  tf_mat_link1_0_flan1:
    target_pose:
      position: [-0.06549881, -0.4213969, -0.03238405]
      orientation:
        - [0.9834669, -0.02702149, 0.1789684]
        - [0.1392033, 0.7448897, -0.6524909]
        - [-0.1156818, 0.6666398, 0.7363375]
  tf_mat_link4_0_flan4:
    target_pose:
      position: [-0.1821277, -0.581748, 0.2544674]
      orientation:
        - [0.9852018, -0.09655961, 0.1414933]
        - [0.0402084, -0.6725644, -0.7389346]
        - [0.1665151, 0.7337118, -0.6587279]
step_76:
  tf_mat_link1_0_flan1:
    target_pose:
      position: [-0.06551781, -0.4213085, -0.03248326]
      orientation:
        - [0.9834669, -0.02702149, 0.1789684]
        - [0.1392033, 0.7448897, -0.6524909]
        - [-0.1156818, 0.6666398, 0.7363375]
  tf_mat_link4_0_flan4:
    target_pose:
      position: [-0.1821467, -0.5816488, 0.2545558]
      orientation:
        - [0.9852018, -0.09655961, 0.1414933]
        - [0.0402084, -0.6725644, -0.7389346]
        - [0.1665151, 0.7337118, -0.6587279]
step_77:
  tf_mat_link1_0_flan1:
    target_pose:
      position: [-0.0655368, -0.4212201, -0.03258246]
      orientation:
        - [0.9834669, -0.02702149, 0.1789684]
        - [0.1392033, 0.7448897, -0.6524909]
        - [-0.1156818, 0.6666398, 0.7363375]
  tf_mat_link4_0_flan4:
    target_pose:
      position: [-0.1821657, -0.5815496, 0.2546442]
      orientation:
        - [0.9852018, -0.09655961, 0.1414933]
        - [0.0402084, -0.6725644, -0.7389346]
        - [0.1665151, 0.7337118, -0.6587279]
step_78:
  tf_mat_link1_0_flan1:
    target_pose:
      position: [-0.06555579, -0.4211317, -0.03268164]
      orientation:
        - [0.9834669, -0.02702149, 0.1789684]
        - [0.1392033, 0.7448897, -0.6524909]
        - [-0.1156818, 0.6666398, 0.7363375]
  tf_mat_link4_0_flan4:
    target_pose:
      position: [-0.1821847, -0.5814505, 0.2547327]
