step_0:
  tf_mat_link1_0_flan1:
    target_pose:
      position: [-0.07402773, -0.4032801, -0.05952916]
      orientation:
        - [0.9804296, 0.0698681, 0.1840703]
        - [0.07999561, 0.7129037, -0.6966863]
        - [-0.1799003, 0.6977729, 0.6933627]
  tf_mat_link4_0_flan4:
    target_pose:
      position: [-0.0876903, -0.5933835, 0.2440141]
      orientation:
        - [0.9892101, 0.0002984668, 0.1465229]
        - [0.1036576, -0.7081895, -0.6983736]
        - [0.1035575, 0.7060225, -0.700579]
step_1:
  tf_mat_link1_0_flan1:
    target_pose:
      position: [-0.07397856, -0.4035151, -0.0592948]
      orientation:
        - [0.9804296, 0.0698681, 0.1840703]
        - [0.07999561, 0.7129037, -0.6966863]
        - [-0.1799003, 0.6977729, 0.6933627]
  tf_mat_link4_0_flan4:
    target_pose:
      position: [-0.08764113, -0.5936179, 0.243779]
      orientation:
        - [0.9892101, 0.0002984668, 0.1465229]
        - [0.1036576, -0.7081895, -0.6983736]
        - [0.1035575, 0.7060225, -0.700579]
step_2:
  tf_mat_link1_0_flan1:
    target_pose:
      position: [-0.0739294, -0.4037503, -0.05906047]
      orientation:
        - [0.9804296, 0.0698681, 0.1840703]
        - [0.07999561, 0.7129037, -0.6966863]
        - [-0.1799003, 0.6977729, 0.6933627]
  tf_mat_link4_0_flan4:
    target_pose:
      position: [-0.08759197, -0.5938522, 0.243544]
      orientation:
        - [0.9892101, 0.0002984668, 0.1465229]
        - [0.1036576, -0.7081895, -0.6983736]
        - [0.1035575, 0.7060225, -0.700579]
step_3:
  tf_mat_link1_0_flan1:
    target_pose:
      position: [-0.07388023, -0.4039854, -0.05882607]
      orientation:
        - [0.9804296, 0.0698681, 0.1840703]
        - [0.07999561, 0.7129037, -0.6966863]
        - [-0.1799003, 0.6977729, 0.6933627]
  tf_mat_link4_0_flan4:
    target_pose:
      position: [-0.08754279, -0.5940865, 0.2433088]
      orientation:
        - [0.9892101, 0.0002984668, 0.1465229]
        - [0.1036576, -0.7081895, -0.6983736]
        - [0.1035575, 0.7060225, -0.700579]
step_4:
  tf_mat_link1_0_flan1:
    target_pose:
      position: [-0.07383105, -0.4042204, -0.05859171]
      orientation:
        - [0.9804296, 0.0698681, 0.1840703]
        - [0.07999561, 0.7129037, -0.6966863]
        - [-0.1799003, 0.6977729, 0.6933627]
  tf_mat_link4_0_flan4:
    target_pose:
      position: [-0.08749362, -0.5943209, 0.2430737]
      orientation:
        - [0.9892101, 0.0002984668, 0.1465229]
        - [0.1036576, -0.7081895, -0.6983736]
        - [0.1035575, 0.7060225, -0.700579]
step_5:
  tf_mat_link1_0_flan1:
    target_pose:
      position: [-0.07378189, -0.4044555, -0.05835736]
      orientation:
        - [0.9804296, 0.0698681, 0.1840703]
        - [0.07999561, 0.7129037, -0.6966863]
        - [-0.1799003, 0.6977729, 0.6933627]
  tf_mat_link4_0_flan4:
    target_pose:
      position: [-0.08744446, -0.5945553, 0.2428387]
      orientation:
        - [0.9892101, 0.0002984668, 0.1465229]
        - [0.1036576, -0.7081895, -0.6983736]
        - [0.1035575, 0.7060225, -0.700579]
step_6:
  tf_mat_link1_0_flan1:
    target_pose:
      position: [-0.07373273, -0.4046906, -0.05812302]
      orientation:
        - [0.9804296, 0.0698681, 0.1840703]
        - [0.07999561, 0.7129037, -0.6966863]
        - [-0.1799003, 0.6977729, 0.6933627]
  tf_mat_link4_0_flan4:
    target_pose:
      position: [-0.0873953, -0.5947896, 0.2426036]
      orientation:
        - [0.9892101, 0.0002984668, 0.1465229]
        - [0.1036576, -0.7081895, -0.6983736]
        - [0.1035575, 0.7060225, -0.700579]
step_7:
  tf_mat_link1_0_flan1:
    target_pose:
      position: [-0.07368355, -0.4049257, -0.0578887]
      orientation:
        - [0.9804296, 0.0698681, 0.1840703]
        - [0.07999561, 0.7129037, -0.6966863]
        - [-0.1799003, 0.6977729, 0.6933627]
  tf_mat_link4_0_flan4:
    target_pose:
      position: [-0.08734612, -0.5950239, 0.2423685]
      orientation:
        - [0.9892101, 0.0002984668, 0.1465229]
        - [0.1036576, -0.7081895, -0.6983736]
        - [0.1035575, 0.7060225, -0.700579]
step_8:
  tf_mat_link1_0_flan1:
    target_pose:
      position: [-0.07363438, -0.4051609, -0.05765434]
      orientation:
        - [0.9804296, 0.0698681, 0.1840703]
        - [0.07999561, 0.7129037, -0.6966863]
        - [-0.1799003, 0.6977729, 0.6933627]
  tf_mat_link4_0_flan4:
    target_pose:
      position: [-0.08729695, -0.5952583, 0.2421334]
      orientation:
        - [0.9892101, 0.0002984668, 0.1465229]
        - [0.1036576, -0.7081895, -0.6983736]
        - [0.1035575, 0.7060225, -0.700579]
step_9:
  tf_mat_link1_0_flan1:
    target_pose:
      position: [-0.07358522, -0.405396, -0.05741997]
      orientation:
        - [0.9804296, 0.0698681, 0.1840703]
        - [0.07999561, 0.7129037, -0.6966863]
        - [-0.1799003, 0.6977729, 0.6933627]
  tf_mat_link4_0_flan4:
    target_pose:
      position: [-0.08724779, -0.5954927, 0.2418983]
      orientation:
        - [0.9892101, 0.0002984668, 0.1465229]
        - [0.1036576, -0.7081895, -0.6983736]
        - [0.1035575, 0.7060225, -0.700579]
step_10:
  tf_mat_link1_0_flan1:
    target_pose:
      position: [-0.07353605, -0.405631, -0.05718562]
      orientation:
        - [0.9804296, 0.0698681, 0.1840703]
        - [0.07999561, 0.7129037, -0.6966863]
        - [-0.1799003, 0.6977729, 0.6933627]
  tf_mat_link4_0_flan4:
    target_pose:
      position: [-0.08719862, -0.5957271, 0.2416632]
      orientation:
        - [0.9892101, 0.0002984668, 0.1465229]
        - [0.1036576, -0.7081895, -0.6983736]
        - [0.1035575, 0.7060225, -0.700579]
step_11:
  tf_mat_link1_0_flan1:
    target_pose:
      position: [-0.07348688, -0.4058661, -0.05695125]
      orientation:
        - [0.9804296, 0.0698681, 0.1840703]
        - [0.07999561, 0.7129037, -0.6966863]
        - [-0.1799003, 0.6977729, 0.6933627]
  tf_mat_link4_0_flan4:
    target_pose:
      position: [-0.08714944, -0.5959614, 0.2414281]
      orientation:
        - [0.9892101, 0.0002984668, 0.1465229]
        - [0.1036576, -0.7081895, -0.6983736]
        - [0.1035575, 0.7060225, -0.700579]
step_12:
  tf_mat_link1_0_flan1:
    target_pose:
      position: [-0.07343772, -0.4061012, -0.05671689]
      orientation:
        - [0.9804296, 0.0698681, 0.1840703]
        - [0.07999561, 0.7129037, -0.6966863]
        - [-0.1799003, 0.6977729, 0.6933627]
  tf_mat_link4_0_flan4:
    target_pose:
      position: [-0.08710028, -0.5961957, 0.241193]
      orientation:
        - [0.9892101, 0.0002984668, 0.1465229]
        - [0.1036576, -0.7081895, -0.6983736]
        - [0.1035575, 0.7060225, -0.700579]
step_13:
  tf_mat_link1_0_flan1:
    target_pose:
      position: [-0.07338855, -0.4063363, -0.05648252]
      orientation:
        - [0.9804296, 0.0698681, 0.1840703]
        - [0.07999561, 0.7129037, -0.6966863]
        - [-0.1799003, 0.6977729, 0.6933627]
  tf_mat_link4_0_flan4:
    target_pose:
      position: [-0.08705111, -0.5964301, 0.2409579]
      orientation:
        - [0.9892101, 0.0002984668, 0.1465229]
        - [0.1036576, -0.7081895, -0.6983736]
        - [0.1035575, 0.7060225, -0.700579]
step_14:
  tf_mat_link1_0_flan1:
    target_pose:
      position: [-0.07333937, -0.4065714, -0.05624817]
      orientation:
        - [0.9804296, 0.0698681, 0.1840703]
        - [0.07999561, 0.7129037, -0.6966863]
        - [-0.1799003, 0.6977729, 0.6933627]
  tf_mat_link4_0_flan4:
    target_pose:
      position: [-0.08700193, -0.5966644, 0.2407228]
      orientation:
        - [0.9892101, 0.0002984668, 0.1465229]
        - [0.1036576, -0.7081895, -0.6983736]
        - [0.1035575, 0.7060225, -0.700579]
step_15:
  tf_mat_link1_0_flan1:
    target_pose:
      position: [-0.07329021, -0.4068064, -0.05601388]
      orientation:
        - [0.9804296, 0.0698681, 0.1840703]
        - [0.07999561, 0.7129037, -0.6966863]
        - [-0.1799003, 0.6977729, 0.6933627]
  tf_mat_link4_0_flan4:
    target_pose:
      position: [-0.08695278, -0.5968987, 0.2404877]
      orientation:
        - [0.9892101, 0.0002984668, 0.1465229]
        - [0.1036576, -0.7081895, -0.6983736]
        - [0.1035575, 0.7060225, -0.700579]
step_16:
  tf_mat_link1_0_flan1:
    target_pose:
      position: [-0.07324104, -0.4070416, -0.05577952]
      orientation:
        - [0.9804296, 0.0698681, 0.1840703]
        - [0.07999561, 0.7129037, -0.6966863]
        - [-0.1799003, 0.6977729, 0.6933627]
  tf_mat_link4_0_flan4:
    target_pose:
      position: [-0.08690361, -0.5971332, 0.2402526]
      orientation:
        - [0.9892101, 0.0002984668, 0.1465229]
        - [0.1036576, -0.7081895, -0.6983736]
        - [0.1035575, 0.7060225, -0.700579]
step_17:
  tf_mat_link1_0_flan1:
    target_pose:
      position: [-0.07319187, -0.4072767, -0.05554515]
      orientation:
        - [0.9804296, 0.0698681, 0.1840703]
        - [0.07999561, 0.7129037, -0.6966863]
        - [-0.1799003, 0.6977729, 0.6933627]
  tf_mat_link4_0_flan4:
    target_pose:
      position: [-0.08685444, -0.5973675, 0.2400175]
      orientation:
        - [0.9892101, 0.0002984668, 0.1465229]
        - [0.1036576, -0.7081895, -0.6983736]
        - [0.1035575, 0.7060225, -0.700579]
step_18:
  tf_mat_link1_0_flan1:
    target_pose:
      position: [-0.07314269, -0.4075117, -0.0553108]
      orientation:
        - [0.9804296, 0.0698681, 0.1840703]
        - [0.07999561, 0.7129037, -0.6966863]
        - [-0.1799003, 0.6977729, 0.6933627]
  tf_mat_link4_0_flan4:
    target_pose:
      position: [-0.08680526, -0.5976019, 0.2397825]
      orientation:
        - [0.9892101, 0.0002984668, 0.1465229]
        - [0.1036576, -0.7081895, -0.6983736]
        - [0.1035575, 0.7060225, -0.700579]
step_19:
  tf_mat_link1_0_flan1:
    target_pose:
      position: [-0.07309353, -0.4077468, -0.05507644]
      orientation:
        - [0.9804296, 0.0698681, 0.1840703]
        - [0.07999561, 0.7129037, -0.6966863]
        - [-0.1799003, 0.6977729, 0.6933627]
  tf_mat_link4_0_flan4:
    target_pose:
      position: [-0.0867561, -0.5978362, 0.2395474]
      orientation:
        - [0.9892101, 0.0002984668, 0.1465229]
        - [0.1036576, -0.7081895, -0.6983736]
        - [0.1035575, 0.7060225, -0.700579]
step_20:
  tf_mat_link1_0_flan1:
    target_pose:
      position: [-0.07304436, -0.4079819, -0.05484211]
      orientation:
        - [0.9804296, 0.0698681, 0.1840703]
        - [0.07999561, 0.7129037, -0.6966863]
        - [-0.1799003, 0.6977729, 0.6933627]
  tf_mat_link4_0_flan4:
    target_pose:
      position: [-0.08670693, -0.5980705, 0.2393123]
      orientation:
        - [0.9892101, 0.0002984668, 0.1465229]
        - [0.1036576, -0.7081895, -0.6983736]
        - [0.1035575, 0.7060225, -0.700579]
step_21:
  tf_mat_link1_0_flan1:
    target_pose:
      position: [-0.07299519, -0.408217, -0.05460778]
      orientation:
        - [0.9804296, 0.0698681, 0.1840703]
        - [0.07999561, 0.7129037, -0.6966863]
        - [-0.1799003, 0.6977729, 0.6933627]
  tf_mat_link4_0_flan4:
    target_pose:
      position: [-0.08665776, -0.5983049, 0.2390772]
      orientation:
        - [0.9892101, 0.0002984668, 0.1465229]
        - [0.1036576, -0.7081895, -0.6983736]
        - [0.1035575, 0.7060225, -0.700579]
step_22:
  tf_mat_link1_0_flan1:
    target_pose:
      position: [-0.07294601, -0.4084521, -0.05437338]
      orientation:
        - [0.9804296, 0.0698681, 0.1840703]
        - [0.07999561, 0.7129037, -0.6966863]
        - [-0.1799003, 0.6977729, 0.6933627]
  tf_mat_link4_0_flan4:
    target_pose:
      position: [-0.08660858, -0.5985392, 0.2388421]
      orientation:
        - [0.9892101, 0.0002984668, 0.1465229]
        - [0.1036576, -0.7081895, -0.6983736]
        - [0.1035575, 0.7060225, -0.700579]
step_23:
  tf_mat_link1_0_flan1:
    target_pose:
      position: [-0.07289686, -0.4086871, -0.05413906]
      orientation:
        - [0.9804296, 0.0698681, 0.1840703]
        - [0.07999561, 0.7129037, -0.6966863]
        - [-0.1799003, 0.6977729, 0.6933627]
  tf_mat_link4_0_flan4:
    target_pose:
      position: [-0.08655942, -0.5987736, 0.238607]
      orientation:
        - [0.9892101, 0.0002984668, 0.1465229]
        - [0.1036576, -0.7081895, -0.6983736]
        - [0.1035575, 0.7060225, -0.700579]
step_24:
  tf_mat_link1_0_flan1:
    target_pose:
      position: [-0.07284769, -0.4089223, -0.0539047]
      orientation:
        - [0.9804296, 0.0698681, 0.1840703]
        - [0.07999561, 0.7129037, -0.6966863]
        - [-0.1799003, 0.6977729, 0.6933627]
  tf_mat_link4_0_flan4:
    target_pose:
      position: [-0.08651026, -0.599008, 0.2383719]
      orientation:
        - [0.9892101, 0.0002984668, 0.1465229]
        - [0.1036576, -0.7081895, -0.6983736]
        - [0.1035575, 0.7060225, -0.700579]
step_25:
  tf_mat_link1_0_flan1:
    target_pose:
      position: [-0.07279851, -0.4091574, -0.05367033]
      orientation:
        - [0.9804296, 0.0698681, 0.1840703]
        - [0.07999561, 0.7129037, -0.6966863]
        - [-0.1799003, 0.6977729, 0.6933627]
  tf_mat_link4_0_flan4:
    target_pose:
      position: [-0.08646108, -0.5992423, 0.2381368]
      orientation:
        - [0.9892101, 0.0002984668, 0.1465229]
        - [0.1036576, -0.7081895, -0.6983736]
        - [0.1035575, 0.7060225, -0.700579]
step_26:
  tf_mat_link1_0_flan1:
    target_pose:
      position: [-0.07274934, -0.4093925, -0.05343597]
      orientation:
        - [0.9804296, 0.0698681, 0.1840703]
        - [0.07999561, 0.7129037, -0.6966863]
        - [-0.1799003, 0.6977729, 0.6933627]
  tf_mat_link4_0_flan4:
    target_pose:
      position: [-0.08641191, -0.5994766, 0.2379017]
      orientation:
        - [0.9892101, 0.0002984668, 0.1465229]
        - [0.1036576, -0.7081895, -0.6983736]
        - [0.1035575, 0.7060225, -0.700579]
step_27:
  tf_mat_link1_0_flan1:
    target_pose:
      position: [-0.07270018, -0.4096275, -0.05320165]
      orientation:
        - [0.9804296, 0.0698681, 0.1840703]
        - [0.07999561, 0.7129037, -0.6966863]
        - [-0.1799003, 0.6977729, 0.6933627]
  tf_mat_link4_0_flan4:
    target_pose:
      position: [-0.08636275, -0.5997109, 0.2376666]
      orientation:
        - [0.9892101, 0.0002984668, 0.1465229]
        - [0.1036576, -0.7081895, -0.6983736]
        - [0.1035575, 0.7060225, -0.700579]
step_28:
  tf_mat_link1_0_flan1:
    target_pose:
      position: [-0.07265101, -0.4098627, -0.05296725]
      orientation:
        - [0.9804296, 0.0698681, 0.1840703]
        - [0.07999561, 0.7129037, -0.6966863]
        - [-0.1799003, 0.6977729, 0.6933627]
  tf_mat_link4_0_flan4:
    target_pose:
      position: [-0.08631358, -0.5999454, 0.2374315]
      orientation:
        - [0.9892101, 0.0002984668, 0.1465229]
        - [0.1036576, -0.7081895, -0.6983736]
        - [0.1035575, 0.7060225, -0.700579]
step_29:
  tf_mat_link1_0_flan1:
    target_pose:
      position: [-0.07260184, -0.4100978, -0.05273291]
      orientation:
        - [0.9804296, 0.0698681, 0.1840703]
        - [0.07999561, 0.7129037, -0.6966863]
        - [-0.1799003, 0.6977729, 0.6933627]
  tf_mat_link4_0_flan4:
    target_pose:
      position: [-0.0862644, -0.6001797, 0.2371964]
      orientation:
        - [0.9892101, 0.0002984668, 0.1465229]
        - [0.1036576, -0.7081895, -0.6983736]
        - [0.1035575, 0.7060225, -0.700579]
step_30:
  tf_mat_link1_0_flan1:
    target_pose:
      position: [-0.07255267, -0.4103329, -0.05249855]
      orientation:
        - [0.9804296, 0.0698681, 0.1840703]
        - [0.07999561, 0.7129037, -0.6966863]
        - [-0.1799003, 0.6977729, 0.6933627]
  tf_mat_link4_0_flan4:
    target_pose:
      position: [-0.08621523, -0.6004141, 0.2369613]
      orientation:
        - [0.9892101, 0.0002984668, 0.1465229]
        - [0.1036576, -0.7081895, -0.6983736]
        - [0.1035575, 0.7060225, -0.700579]
step_31:
  tf_mat_link1_0_flan1:
    target_pose:
      position: [-0.07250351, -0.410568, -0.05226423]
      orientation:
        - [0.9804296, 0.0698681, 0.1840703]
        - [0.07999561, 0.7129037, -0.6966863]
        - [-0.1799003, 0.6977729, 0.6933627]
  tf_mat_link4_0_flan4:
    target_pose:
      position: [-0.08616607, -0.6006484, 0.2367263]
      orientation:
        - [0.9892101, 0.0002984668, 0.1465229]
        - [0.1036576, -0.7081895, -0.6983736]
        - [0.1035575, 0.7060225, -0.700579]
step_32:
  tf_mat_link1_0_flan1:
    target_pose:
      position: [-0.07245433, -0.410803, -0.05202988]
      orientation:
        - [0.9804296, 0.0698681, 0.1840703]
        - [0.07999561, 0.7129037, -0.6966863]
        - [-0.1799003, 0.6977729, 0.6933627]
  tf_mat_link4_0_flan4:
    target_pose:
      position: [-0.0861169, -0.6008828, 0.2364912]
      orientation:
        - [0.9892101, 0.0002984668, 0.1465229]
        - [0.1036576, -0.7081895, -0.6983736]
        - [0.1035575, 0.7060225, -0.700579]
step_33:
  tf_mat_link1_0_flan1:
    target_pose:
      position: [-0.07240516, -0.4110381, -0.05179548]
      orientation:
        - [0.9804296, 0.0698681, 0.1840703]
        - [0.07999561, 0.7129037, -0.6966863]
        - [-0.1799003, 0.6977729, 0.6933627]
  tf_mat_link4_0_flan4:
    target_pose:
      position: [-0.08606773, -0.6011171, 0.2362561]
      orientation:
        - [0.9892101, 0.0002984668, 0.1465229]
        - [0.1036576, -0.7081895, -0.6983736]
        - [0.1035575, 0.7060225, -0.700579]
step_34:
  tf_mat_link1_0_flan1:
    target_pose:
      position: [-0.072356, -0.4112732, -0.05156115]
      orientation:
        - [0.9804296, 0.0698681, 0.1840703]
        - [0.07999561, 0.7129037, -0.6966863]
        - [-0.1799003, 0.6977729, 0.6933627]
  tf_mat_link4_0_flan4:
    target_pose:
      position: [-0.08601857, -0.6013515, 0.236021]
      orientation:
        - [0.9892101, 0.0002984668, 0.1465229]
        - [0.1036576, -0.7081895, -0.6983736]
        - [0.1035575, 0.7060225, -0.700579]
step_35:
  tf_mat_link1_0_flan1:
    target_pose:
      position: [-0.07230683, -0.4115084, -0.05132681]
      orientation:
        - [0.9804296, 0.0698681, 0.1840703]
        - [0.07999561, 0.7129037, -0.6966863]
        - [-0.1799003, 0.6977729, 0.6933627]
  tf_mat_link4_0_flan4:
    target_pose:
      position: [-0.0859694, -0.6015858, 0.2357859]
      orientation:
        - [0.9892101, 0.0002984668, 0.1465229]
        - [0.1036576, -0.7081895, -0.6983736]
        - [0.1035575, 0.7060225, -0.700579]
step_36:
  tf_mat_link1_0_flan1:
    target_pose:
      position: [-0.07225765, -0.4117434, -0.05109246]
      orientation:
        - [0.9804296, 0.0698681, 0.1840703]
        - [0.07999561, 0.7129037, -0.6966863]
        - [-0.1799003, 0.6977729, 0.6933627]
  tf_mat_link4_0_flan4:
    target_pose:
      position: [-0.08592022, -0.6018202, 0.2355508]
      orientation:
        - [0.9892101, 0.0002984668, 0.1465229]
        - [0.1036576, -0.7081895, -0.6983736]
        - [0.1035575, 0.7060225, -0.700579]
step_37:
  tf_mat_link1_0_flan1:
    target_pose:
      position: [-0.07220848, -0.4119785, -0.05085807]
      orientation:
        - [0.9804296, 0.0698681, 0.1840703]
        - [0.07999561, 0.7129037, -0.6966863]
        - [-0.1799003, 0.6977729, 0.6933627]
  tf_mat_link4_0_flan4:
    target_pose:
      position: [-0.08587105, -0.6020545, 0.2353157]
      orientation:
        - [0.9892101, 0.0002984668, 0.1465229]
        - [0.1036576, -0.7081895, -0.6983736]
        - [0.1035575, 0.7060225, -0.700579]
step_38:
  tf_mat_link1_0_flan1:
    target_pose:
      position: [-0.07215932, -0.4122136, -0.05062377]
      orientation:
        - [0.9804296, 0.0698681, 0.1840703]
        - [0.07999561, 0.7129037, -0.6966863]
        - [-0.1799003, 0.6977729, 0.6933627]
  tf_mat_link4_0_flan4:
    target_pose:
      position: [-0.08582189, -0.6022889, 0.2350806]
      orientation:
        - [0.9892101, 0.0002984668, 0.1465229]
        - [0.1036576, -0.7081895, -0.6983736]
        - [0.1035575, 0.7060225, -0.700579]
step_39:
  tf_mat_link1_0_flan1:
    target_pose:
      position: [-0.07211015, -0.4124487, -0.05038938]
      orientation:
        - [0.9804296, 0.0698681, 0.1840703]
        - [0.07999561, 0.7129037, -0.6966863]
        - [-0.1799003, 0.6977729, 0.6933627]
  tf_mat_link4_0_flan4:
    target_pose:
      position: [-0.08577272, -0.6025232, 0.2348455]
      orientation:
        - [0.9892101, 0.0002984668, 0.1465229]
        - [0.1036576, -0.7081895, -0.6983736]
        - [0.1035575, 0.7060225, -0.700579]
step_40:
  tf_mat_link1_0_flan1:
    target_pose:
      position: [-0.07206097, -0.4126838, -0.05015501]
      orientation:
        - [0.9804296, 0.0698681, 0.1840703]
        - [0.07999561, 0.7129037, -0.6966863]
        - [-0.1799003, 0.6977729, 0.6933627]
  tf_mat_link4_0_flan4:
    target_pose:
      position: [-0.08572354, -0.6027576, 0.2346104]
      orientation:
        - [0.9892101, 0.0002984668, 0.1465229]
        - [0.1036576, -0.7081895, -0.6983736]
        - [0.1035575, 0.7060225, -0.700579]
step_41:
  tf_mat_link1_0_flan1:
    target_pose:
      position: [-0.07201182, -0.4129188, -0.04992066]
      orientation:
        - [0.9804296, 0.0698681, 0.1840703]
        - [0.07999561, 0.7129037, -0.6966863]
        - [-0.1799003, 0.6977729, 0.6933627]
  tf_mat_link4_0_flan4:
    target_pose:
      position: [-0.08567439, -0.602992, 0.2343753]
      orientation:
        - [0.9892101, 0.0002984668, 0.1465229]
        - [0.1036576, -0.7081895, -0.6983736]
        - [0.1035575, 0.7060225, -0.700579]
step_42:
  tf_mat_link1_0_flan1:
    target_pose:
      position: [-0.07196265, -0.413154, -0.04968628]
      orientation:
        - [0.9804296, 0.0698681, 0.1840703]
        - [0.07999561, 0.7129037, -0.6966863]
        - [-0.1799003, 0.6977729, 0.6933627]
  tf_mat_link4_0_flan4:
    target_pose:
      position: [-0.08562522, -0.6032263, 0.2341402]
      orientation:
        - [0.9892101, 0.0002984668, 0.1465229]
        - [0.1036576, -0.7081895, -0.6983736]
        - [0.1035575, 0.7060225, -0.700579]
step_43:
  tf_mat_link1_0_flan1:
    target_pose:
      position: [-0.07191347, -0.4133891, -0.04945201]
      orientation:
        - [0.9804296, 0.0698681, 0.1840703]
        - [0.07999561, 0.7129037, -0.6966863]
        - [-0.1799003, 0.6977729, 0.6933627]
  tf_mat_link4_0_flan4:
    target_pose:
      position: [-0.08557604, -0.6034607, 0.2339051]
      orientation:
        - [0.9892101, 0.0002984668, 0.1465229]
        - [0.1036576, -0.7081895, -0.6983736]
        - [0.1035575, 0.7060225, -0.700579]
step_44:
  tf_mat_link1_0_flan1:
    target_pose:
      position: [-0.0718643, -0.4136242, -0.0492176]
      orientation:
        - [0.9804296, 0.0698681, 0.1840703]
        - [0.07999561, 0.7129037, -0.6966863]
        - [-0.1799003, 0.6977729, 0.6933627]
  tf_mat_link4_0_flan4:
    target_pose:
      position: [-0.08552687, -0.603695, 0.23367]
      orientation:
        - [0.9892101, 0.0002984668, 0.1465229]
        - [0.1036576, -0.7081895, -0.6983736]
        - [0.1035575, 0.7060225, -0.700579]
step_45:
  tf_mat_link1_0_flan1:
    target_pose:
      position: [-0.07181513, -0.4138592, -0.04898325]
      orientation:
        - [0.9804296, 0.0698681, 0.1840703]
        - [0.07999561, 0.7129037, -0.6966863]
        - [-0.1799003, 0.6977729, 0.6933627]
  tf_mat_link4_0_flan4:
    target_pose:
      position: [-0.08547769, -0.6039294, 0.2334349]
      orientation:
        - [0.9892101, 0.0002984668, 0.1465229]
        - [0.1036576, -0.7081895, -0.6983736]
        - [0.1035575, 0.7060225, -0.700579]
step_46:
  tf_mat_link1_0_flan1:
    target_pose:
      position: [-0.07176597, -0.4140944, -0.04874884]
      orientation:
        - [0.9804296, 0.0698681, 0.1840703]
        - [0.07999561, 0.7129037, -0.6966863]
        - [-0.1799003, 0.6977729, 0.6933627]
  tf_mat_link4_0_flan4:
    target_pose:
      position: [-0.08542854, -0.6041638, 0.2331998]
      orientation:
        - [0.9892101, 0.0002984668, 0.1465229]
        - [0.1036576, -0.7081895, -0.6983736]
        - [0.1035575, 0.7060225, -0.700579]
step_47:
  tf_mat_link1_0_flan1:
    target_pose:
      position: [-0.07171682, -0.4143294, -0.04851456]
      orientation:
        - [0.9804296, 0.0698681, 0.1840703]
        - [0.07999561, 0.7129037, -0.6966863]
        - [-0.1799003, 0.6977729, 0.6933627]
  tf_mat_link4_0_flan4:
    target_pose:
      position: [-0.08537938, -0.6043981, 0.2329648]
      orientation:
        - [0.9892101, 0.0002984668, 0.1465229]
        - [0.1036576, -0.7081895, -0.6983736]
        - [0.1035575, 0.7060225, -0.700579]
step_48:
  tf_mat_link1_0_flan1:
    target_pose:
      position: [-0.07166763, -0.4145646, -0.04828018]
      orientation:
        - [0.9804296, 0.0698681, 0.1840703]
        - [0.07999561, 0.7129037, -0.6966863]
        - [-0.1799003, 0.6977729, 0.6933627]
  tf_mat_link4_0_flan4:
    target_pose:
      position: [-0.08533019, -0.6046324, 0.2327296]
      orientation:
        - [0.9892101, 0.0002984668, 0.1465229]
        - [0.1036576, -0.7081895, -0.6983736]
        - [0.1035575, 0.7060225, -0.700579]
step_49:
  tf_mat_link1_0_flan1:
    target_pose:
      position: [-0.07161847, -0.4147996, -0.04804587]
      orientation:
        - [0.9804296, 0.0698681, 0.1840703]
        - [0.07999561, 0.7129037, -0.6966863]
        - [-0.1799003, 0.6977729, 0.6933627]
  tf_mat_link4_0_flan4:
    target_pose:
      position: [-0.08528103, -0.6048668, 0.2324946]
      orientation:
        - [0.9892101, 0.0002984668, 0.1465229]
        - [0.1036576, -0.7081895, -0.6983736]
        - [0.1035575, 0.7060225, -0.700579]
step_50:
  tf_mat_link1_0_flan1:
    target_pose:
      position: [-0.07156929, -0.4150347, -0.04781146]
      orientation:
        - [0.9804296, 0.0698681, 0.1840703]
        - [0.07999561, 0.7129037, -0.6966863]
        - [-0.1799003, 0.6977729, 0.6933627]
  tf_mat_link4_0_flan4:
    target_pose:
      position: [-0.08523186, -0.6051012, 0.2322595]
      orientation:
        - [0.9892101, 0.0002984668, 0.1465229]
        - [0.1036576, -0.7081895, -0.6983736]
        - [0.1035575, 0.7060225, -0.700579]
step_51:
  tf_mat_link1_0_flan1:
    target_pose:
      position: [-0.07152011, -0.4152698, -0.04757714]
      orientation:
        - [0.9804296, 0.0698681, 0.1840703]
        - [0.07999561, 0.7129037, -0.6966863]
        - [-0.1799003, 0.6977729, 0.6933627]
  tf_mat_link4_0_flan4:
    target_pose:
      position: [-0.08518267, -0.6053355, 0.2320244]
      orientation:
        - [0.9892101, 0.0002984668, 0.1465229]
        - [0.1036576, -0.7081895, -0.6983736]
        - [0.1035575, 0.7060225, -0.700579]
step_52:
  tf_mat_link1_0_flan1:
    target_pose:
      position: [-0.07147095, -0.4155049, -0.04734278]
      orientation:
        - [0.9804296, 0.0698681, 0.1840703]
        - [0.07999561, 0.7129037, -0.6966863]
        - [-0.1799003, 0.6977729, 0.6933627]
  tf_mat_link4_0_flan4:
    target_pose:
      position: [-0.08513352, -0.6055698, 0.2317893]
      orientation:
        - [0.9892101, 0.0002984668, 0.1465229]
        - [0.1036576, -0.7081895, -0.6983736]
        - [0.1035575, 0.7060225, -0.700579]
step_53:
  tf_mat_link1_0_flan1:
    target_pose:
      position: [-0.07142176, -0.41574, -0.04710841]
      orientation:
        - [0.9804296, 0.0698681, 0.1840703]
        - [0.07999561, 0.7129037, -0.6966863]
        - [-0.1799003, 0.6977729, 0.6933627]
  tf_mat_link4_0_flan4:
    target_pose:
      position: [-0.08508433, -0.6058042, 0.2315542]
      orientation:
        - [0.9892101, 0.0002984668, 0.1465229]
        - [0.1036576, -0.7081895, -0.6983736]
        - [0.1035575, 0.7060225, -0.700579]
step_54:
  tf_mat_link1_0_flan1:
    target_pose:
      position: [-0.0713726, -0.4159751, -0.04687409]
      orientation:
        - [0.9804296, 0.0698681, 0.1840703]
        - [0.07999561, 0.7129037, -0.6966863]
        - [-0.1799003, 0.6977729, 0.6933627]
  tf_mat_link4_0_flan4:
    target_pose:
      position: [-0.08503517, -0.6060386, 0.2313191]
      orientation:
        - [0.9892101, 0.0002984668, 0.1465229]
        - [0.1036576, -0.7081895, -0.6983736]
        - [0.1035575, 0.7060225, -0.700579]
step_55:
  tf_mat_link1_0_flan1:
    target_pose:
      position: [-0.07132342, -0.4162102, -0.0466397]
      orientation:
        - [0.9804296, 0.0698681, 0.1840703]
        - [0.07999561, 0.7129037, -0.6966863]
        - [-0.1799003, 0.6977729, 0.6933627]
  tf_mat_link4_0_flan4:
    target_pose:
      position: [-0.08498599, -0.6062729, 0.231084]
      orientation:
        - [0.9892101, 0.0002984668, 0.1465229]
        - [0.1036576, -0.7081895, -0.6983736]
        - [0.1035575, 0.7060225, -0.700579]
step_56:
  tf_mat_link1_0_flan1:
    target_pose:
      position: [-0.07127427, -0.4164453, -0.04640536]
      orientation:
        - [0.9804296, 0.0698681, 0.1840703]
        - [0.07999561, 0.7129037, -0.6966863]
        - [-0.1799003, 0.6977729, 0.6933627]
  tf_mat_link4_0_flan4:
    target_pose:
      position: [-0.08493683, -0.6065073, 0.2308489]
      orientation:
        - [0.9892101, 0.0002984668, 0.1465229]
        - [0.1036576, -0.7081895, -0.6983736]
        - [0.1035575, 0.7060225, -0.700579]
step_57:
  tf_mat_link1_0_flan1:
    target_pose:
      position: [-0.07122509, -0.4166804, -0.04617104]
      orientation:
        - [0.9804296, 0.0698681, 0.1840703]
        - [0.07999561, 0.7129037, -0.6966863]
        - [-0.1799003, 0.6977729, 0.6933627]
  tf_mat_link4_0_flan4:
    target_pose:
      position: [-0.08488766, -0.6067416, 0.2306138]
      orientation:
        - [0.9892101, 0.0002984668, 0.1465229]
        - [0.1036576, -0.7081895, -0.6983736]
        - [0.1035575, 0.7060225, -0.700579]
step_58:
  tf_mat_link1_0_flan1:
    target_pose:
      position: [-0.07117593, -0.4169155, -0.04593664]
      orientation:
        - [0.9804296, 0.0698681, 0.1840703]
        - [0.07999561, 0.7129037, -0.6966863]
        - [-0.1799003, 0.6977729, 0.6933627]
  tf_mat_link4_0_flan4:
    target_pose:
      position: [-0.08483849, -0.606976, 0.2303787]
      orientation:
        - [0.9892101, 0.0002984668, 0.1465229]
        - [0.1036576, -0.7081895, -0.6983736]
        - [0.1035575, 0.7060225, -0.700579]
step_59:
  tf_mat_link1_0_flan1:
    target_pose:
      position: [-0.07112675, -0.4171506, -0.04570228]
      orientation:
        - [0.9804296, 0.0698681, 0.1840703]
        - [0.07999561, 0.7129037, -0.6966863]
        - [-0.1799003, 0.6977729, 0.6933627]
  tf_mat_link4_0_flan4:
    target_pose:
      position: [-0.08478932, -0.6072103, 0.2301436]
      orientation:
        - [0.9892101, 0.0002984668, 0.1465229]
        - [0.1036576, -0.7081895, -0.6983736]
        - [0.1035575, 0.7060225, -0.700579]
step_60:
  tf_mat_link1_0_flan1:
    target_pose:
      position: [-0.07107759, -0.4173857, -0.04546793]
      orientation:
        - [0.9804296, 0.0698681, 0.1840703]
        - [0.07999561, 0.7129037, -0.6966863]
        - [-0.1799003, 0.6977729, 0.6933627]
  tf_mat_link4_0_flan4:
    target_pose:
      position: [-0.08474016, -0.6074447, 0.2299085]
      orientation:
        - [0.9892101, 0.0002984668, 0.1465229]
        - [0.1036576, -0.7081895, -0.6983736]
        - [0.1035575, 0.7060225, -0.700579]
step_61:
  tf_mat_link1_0_flan1:
    target_pose:
      position: [-0.07102842, -0.4176207, -0.04523359]
      orientation:
        - [0.9804296, 0.0698681, 0.1840703]
        - [0.07999561, 0.7129037, -0.6966863]
        - [-0.1799003, 0.6977729, 0.6933627]
  tf_mat_link4_0_flan4:
    target_pose:
      position: [-0.08469099, -0.607679, 0.2296734]
      orientation:
        - [0.9892101, 0.0002984668, 0.1465229]
        - [0.1036576, -0.7081895, -0.6983736]
        - [0.1035575, 0.7060225, -0.700579]
step_62:
  tf_mat_link1_0_flan1:
    target_pose:
      position: [-0.07097927, -0.4178558, -0.04499927]
      orientation:
        - [0.9804296, 0.0698681, 0.1840703]
        - [0.07999561, 0.7129037, -0.6966863]
        - [-0.1799003, 0.6977729, 0.6933627]
  tf_mat_link4_0_flan4:
    target_pose:
      position: [-0.08464183, -0.6079134, 0.2294383]
      orientation:
        - [0.9892101, 0.0002984668, 0.1465229]
        - [0.1036576, -0.7081895, -0.6983736]
        - [0.1035575, 0.7060225, -0.700579]
step_63:
  tf_mat_link1_0_flan1:
    target_pose:
      position: [-0.07093009, -0.4180909, -0.04476491]
      orientation:
        - [0.9804296, 0.0698681, 0.1840703]
        - [0.07999561, 0.7129037, -0.6966863]
        - [-0.1799003, 0.6977729, 0.6933627]
  tf_mat_link4_0_flan4:
    target_pose:
      position: [-0.08459266, -0.6081477, 0.2292032]
      orientation:
        - [0.9892101, 0.0002984668, 0.1465229]
        - [0.1036576, -0.7081895, -0.6983736]
        - [0.1035575, 0.7060225, -0.700579]
step_64:
  tf_mat_link1_0_flan1:
    target_pose:
      position: [-0.07088092, -0.418326, -0.04453056]
      orientation:
        - [0.9804296, 0.0698681, 0.1840703]
        - [0.07999561, 0.7129037, -0.6966863]
        - [-0.1799003, 0.6977729, 0.6933627]
  tf_mat_link4_0_flan4:
    target_pose:
      position: [-0.08454348, -0.608382, 0.2289682]
      orientation:
        - [0.9892101, 0.0002984668, 0.1465229]
        - [0.1036576, -0.7081895, -0.6983736]
        - [0.1035575, 0.7060225, -0.700579]
step_65:
  tf_mat_link1_0_flan1:
    target_pose:
      position: [-0.07083175, -0.4185611, -0.04429622]
      orientation:
        - [0.9804296, 0.0698681, 0.1840703]
        - [0.07999561, 0.7129037, -0.6966863]
        - [-0.1799003, 0.6977729, 0.6933627]
  tf_mat_link4_0_flan4:
    target_pose:
      position: [-0.08449431, -0.6086164, 0.2287331]
      orientation:
        - [0.9892101, 0.0002984668, 0.1465229]
        - [0.1036576, -0.7081895, -0.6983736]
        - [0.1035575, 0.7060225, -0.700579]
step_66:
  tf_mat_link1_0_flan1:
    target_pose:
      position: [-0.07078257, -0.4187962, -0.04406182]
      orientation:
        - [0.9804296, 0.0698681, 0.1840703]
        - [0.07999561, 0.7129037, -0.6966863]
        - [-0.1799003, 0.6977729, 0.6933627]
  tf_mat_link4_0_flan4:
    target_pose:
      position: [-0.08444513, -0.6088508, 0.228498]
      orientation:
        - [0.9892101, 0.0002984668, 0.1465229]
        - [0.1036576, -0.7081895, -0.6983736]
        - [0.1035575, 0.7060225, -0.700579]
step_67:
  tf_mat_link1_0_flan1:
    target_pose:
      position: [-0.07073341, -0.4190313, -0.04382746]
      orientation:
        - [0.9804296, 0.0698681, 0.1840703]
        - [0.07999561, 0.7129037, -0.6966863]
        - [-0.1799003, 0.6977729, 0.6933627]
  tf_mat_link4_0_flan4:
    target_pose:
      position: [-0.08439598, -0.6090851, 0.2282629]
      orientation:
        - [0.9892101, 0.0002984668, 0.1465229]
        - [0.1036576, -0.7081895, -0.6983736]
        - [0.1035575, 0.7060225, -0.700579]
step_68:
  tf_mat_link1_0_flan1:
    target_pose:
      position: [-0.07068424, -0.4192664, -0.04359311]
      orientation:
        - [0.9804296, 0.0698681, 0.1840703]
        - [0.07999561, 0.7129037, -0.6966863]
        - [-0.1799003, 0.6977729, 0.6933627]
  tf_mat_link4_0_flan4:
    target_pose:
      position: [-0.08434681, -0.6093195, 0.2280278]
      orientation:
        - [0.9892101, 0.0002984668, 0.1465229]
        - [0.1036576, -0.7081895, -0.6983736]
        - [0.1035575, 0.7060225, -0.700579]
step_69:
  tf_mat_link1_0_flan1:
    target_pose:
      position: [-0.07063507, -0.4195015, -0.04335877]
      orientation:
        - [0.9804296, 0.0698681, 0.1840703]
        - [0.07999561, 0.7129037, -0.6966863]
        - [-0.1799003, 0.6977729, 0.6933627]
  tf_mat_link4_0_flan4:
    target_pose:
      position: [-0.08429763, -0.6095539, 0.2277927]
      orientation:
        - [0.9892101, 0.0002984668, 0.1465229]
        - [0.1036576, -0.7081895, -0.6983736]
        - [0.1035575, 0.7060225, -0.700579]
step_70:
  tf_mat_link1_0_flan1:
    target_pose:
      position: [-0.07058591, -0.4197366, -0.04312445]
      orientation:
        - [0.9804296, 0.0698681, 0.1840703]
        - [0.07999561, 0.7129037, -0.6966863]
        - [-0.1799003, 0.6977729, 0.6933627]
  tf_mat_link4_0_flan4:
    target_pose:
      position: [-0.08424848, -0.6097882, 0.2275576]
      orientation:
        - [0.9892101, 0.0002984668, 0.1465229]
        - [0.1036576, -0.7081895, -0.6983736]
        - [0.1035575, 0.7060225, -0.700579]
step_71:
  tf_mat_link1_0_flan1:
    target_pose:
      position: [-0.07053673, -0.4199717, -0.04289007]
      orientation:
        - [0.9804296, 0.0698681, 0.1840703]
        - [0.07999561, 0.7129037, -0.6966863]
        - [-0.1799003, 0.6977729, 0.6933627]
  tf_mat_link4_0_flan4:
    target_pose:
      position: [-0.0841993, -0.6100226, 0.2273225]
      orientation:
        - [0.9892101, 0.0002984668, 0.1465229]
        - [0.1036576, -0.7081895, -0.6983736]
        - [0.1035575, 0.7060225, -0.700579]
step_72:
  tf_mat_link1_0_flan1:
    target_pose:
      position: [-0.07048756, -0.4202068, -0.04265572]
      orientation:
        - [0.9804296, 0.0698681, 0.1840703]
        - [0.07999561, 0.7129037, -0.6966863]
        - [-0.1799003, 0.6977729, 0.6933627]
  tf_mat_link4_0_flan4:
    target_pose:
      position: [-0.08415013, -0.610257, 0.2270874]
      orientation:
        - [0.9892101, 0.0002984668, 0.1465229]
        - [0.1036576, -0.7081895, -0.6983736]
        - [0.1035575, 0.7060225, -0.700579]
step_73:
  tf_mat_link1_0_flan1:
    target_pose:
      position: [-0.07043839, -0.4204419, -0.04242136]
      orientation:
        - [0.9804296, 0.0698681, 0.1840703]
        - [0.07999561, 0.7129037, -0.6966863]
        - [-0.1799003, 0.6977729, 0.6933627]
  tf_mat_link4_0_flan4:
    target_pose:
      position: [-0.08410095, -0.6104913, 0.2268523]
      orientation:
        - [0.9892101, 0.0002984668, 0.1465229]
        - [0.1036576, -0.7081895, -0.6983736]
        - [0.1035575, 0.7060225, -0.700579]
step_74:
  tf_mat_link1_0_flan1:
    target_pose:
      position: [-0.07038921, -0.420677, -0.04218696]
      orientation:
        - [0.9804296, 0.0698681, 0.1840703]
        - [0.07999561, 0.7129037, -0.6966863]
        - [-0.1799003, 0.6977729, 0.6933627]
  tf_mat_link4_0_flan4:
    target_pose:
      position: [-0.08405178, -0.6107256, 0.2266172]
      orientation:
        - [0.9892101, 0.0002984668, 0.1465229]
        - [0.1036576, -0.7081895, -0.6983736]
        - [0.1035575, 0.7060225, -0.700579]
step_75:
  tf_mat_link1_0_flan1:
    target_pose:
      position: [-0.07034006, -0.4209121, -0.04195262]
      orientation:
        - [0.9804296, 0.0698681, 0.1840703]
        - [0.07999561, 0.7129037, -0.6966863]
        - [-0.1799003, 0.6977729, 0.6933627]
  tf_mat_link4_0_flan4:
    target_pose:
      position: [-0.08400262, -0.61096, 0.2263821]
      orientation:
        - [0.9892101, 0.0002984668, 0.1465229]
        - [0.1036576, -0.7081895, -0.6983736]
        - [0.1035575, 0.7060225, -0.700579]
step_76:
  tf_mat_link1_0_flan1:
    target_pose:
      position: [-0.07029089, -0.4211472, -0.04171827]
      orientation:
        - [0.9804296, 0.0698681, 0.1840703]
        - [0.07999561, 0.7129037, -0.6966863]
        - [-0.1799003, 0.6977729, 0.6933627]
  tf_mat_link4_0_flan4:
    target_pose:
      position: [-0.08395346, -0.6111943, 0.226147]
      orientation:
        - [0.9892101, 0.0002984668, 0.1465229]
        - [0.1036576, -0.7081895, -0.6983736]
        - [0.1035575, 0.7060225, -0.700579]
step_77:
  tf_mat_link1_0_flan1:
    target_pose:
      position: [-0.07024171, -0.4213823, -0.04148391]
      orientation:
        - [0.9804296, 0.0698681, 0.1840703]
        - [0.07999561, 0.7129037, -0.6966863]
        - [-0.1799003, 0.6977729, 0.6933627]
  tf_mat_link4_0_flan4:
    target_pose:
      position: [-0.08390428, -0.6114287, 0.2259119]
      orientation:
        - [0.9892101, 0.0002984668, 0.1465229]
        - [0.1036576, -0.7081895, -0.6983736]
        - [0.1035575, 0.7060225, -0.700579]
step_78:
  tf_mat_link1_0_flan1:
    target_pose:
      position: [-0.07019255, -0.4216174, -0.04124959]
      orientation:
        - [0.9804296, 0.0698681, 0.1840703]
        - [0.07999561, 0.7129037, -0.6966863]
        - [-0.1799003, 0.6977729, 0.6933627]
  tf_mat_link4_0_flan4:
    target_pose:
      position: [-0.08385512, -0.611663, 0.2256768]
