step_0:
  tf_mat_link1_0_flan1:
    target_pose:
      position: [-0.227744, -0.3936752, -0.1326272]
      orientation:
        - [0.9629287, 0.1991207, 0.1819873]
        - [-0.02731691, 0.743146, -0.6685713]
        - [-0.2683695, 0.6388152, 0.7210358]
  tf_mat_link4_0_flan4:
    target_pose:
      position: [-0.1028369, -0.4656576, 0.2952226]
      orientation:
        - [0.9808128, 0.130466, 0.1448608]
        - [0.1949512, -0.6556061, -0.7295029]
        - [-0.0002037659, 0.7437467, -0.6684614]
step_1:
  tf_mat_link1_0_flan1:
    target_pose:
      position: [-0.2277295, -0.3937421, -0.1325542]
      orientation:
        - [0.9629287, 0.1991207, 0.1819873]
        - [-0.02731691, 0.743146, -0.6685713]
        - [-0.2683695, 0.6388152, 0.7210358]
  tf_mat_link4_0_flan4:
    target_pose:
      position: [-0.1028224, -0.4657306, 0.2951557]
      orientation:
        - [0.9808128, 0.130466, 0.1448608]
        - [0.1949512, -0.6556061, -0.7295029]
        - [-0.0002037659, 0.7437467, -0.6684614]
step_2:
  tf_mat_link1_0_flan1:
    target_pose:
      position: [-0.227715, -0.393809, -0.1324813]
      orientation:
        - [0.9629287, 0.1991207, 0.1819873]
        - [-0.02731691, 0.743146, -0.6685713]
        - [-0.2683695, 0.6388152, 0.7210358]
  tf_mat_link4_0_flan4:
    target_pose:
      position: [-0.1028079, -0.4658036, 0.2950888]
      orientation:
        - [0.9808128, 0.130466, 0.1448608]
        - [0.1949512, -0.6556061, -0.7295029]
        - [-0.0002037659, 0.7437467, -0.6684614]
step_3:
  tf_mat_link1_0_flan1:
    target_pose:
      position: [-0.2277005, -0.3938759, -0.1324082]
      orientation:
        - [0.9629287, 0.1991207, 0.1819873]
        - [-0.02731691, 0.743146, -0.6685713]
        - [-0.2683695, 0.6388152, 0.7210358]
  tf_mat_link4_0_flan4:
    target_pose:
      position: [-0.1027934, -0.4658767, 0.2950219]
      orientation:
        - [0.9808128, 0.130466, 0.1448608]
        - [0.1949512, -0.6556061, -0.7295029]
        - [-0.0002037659, 0.7437467, -0.6684614]
step_4:
  tf_mat_link1_0_flan1:
    target_pose:
      position: [-0.227686, -0.3939428, -0.1323352]
      orientation:
        - [0.9629287, 0.1991207, 0.1819873]
        - [-0.02731691, 0.743146, -0.6685713]
        - [-0.2683695, 0.6388152, 0.7210358]
  tf_mat_link4_0_flan4:
    target_pose:
      position: [-0.1027789, -0.4659496, 0.294955]
      orientation:
        - [0.9808128, 0.130466, 0.1448608]
        - [0.1949512, -0.6556061, -0.7295029]
        - [-0.0002037659, 0.7437467, -0.6684614]
step_5:
  tf_mat_link1_0_flan1:
    target_pose:
      position: [-0.2276715, -0.3940096, -0.1322623]
      orientation:
        - [0.9629287, 0.1991207, 0.1819873]
        - [-0.02731691, 0.743146, -0.6685713]
        - [-0.2683695, 0.6388152, 0.7210358]
  tf_mat_link4_0_flan4:
    target_pose:
      position: [-0.1027645, -0.4660226, 0.2948881]
      orientation:
        - [0.9808128, 0.130466, 0.1448608]
        - [0.1949512, -0.6556061, -0.7295029]
        - [-0.0002037659, 0.7437467, -0.6684614]
step_6:
  tf_mat_link1_0_flan1:
    target_pose:
      position: [-0.227657, -0.3940766, -0.1321893]
      orientation:
        - [0.9629287, 0.1991207, 0.1819873]
        - [-0.02731691, 0.743146, -0.6685713]
        - [-0.2683695, 0.6388152, 0.7210358]
  tf_mat_link4_0_flan4:
    target_pose:
      position: [-0.1027499, -0.4660957, 0.2948212]
      orientation:
        - [0.9808128, 0.130466, 0.1448608]
        - [0.1949512, -0.6556061, -0.7295029]
        - [-0.0002037659, 0.7437467, -0.6684614]
step_7:
  tf_mat_link1_0_flan1:
    target_pose:
      position: [-0.2276425, -0.3941434, -0.1321163]
      orientation:
        - [0.9629287, 0.1991207, 0.1819873]
        - [-0.02731691, 0.743146, -0.6685713]
        - [-0.2683695, 0.6388152, 0.7210358]
  tf_mat_link4_0_flan4:
    target_pose:
      position: [-0.1027355, -0.4661686, 0.2947544]
      orientation:
        - [0.9808128, 0.130466, 0.1448608]
        - [0.1949512, -0.6556061, -0.7295029]
        - [-0.0002037659, 0.7437467, -0.6684614]
step_8:
  tf_mat_link1_0_flan1:
    target_pose:
      position: [-0.227628, -0.3942104, -0.1320433]
      orientation:
        - [0.9629287, 0.1991207, 0.1819873]
        - [-0.02731691, 0.743146, -0.6685713]
        - [-0.2683695, 0.6388152, 0.7210358]
  tf_mat_link4_0_flan4:
    target_pose:
      position: [-0.1027209, -0.4662416, 0.2946874]
      orientation:
        - [0.9808128, 0.130466, 0.1448608]
        - [0.1949512, -0.6556061, -0.7295029]
        - [-0.0002037659, 0.7437467, -0.6684614]
step_9:
  tf_mat_link1_0_flan1:
    target_pose:
      position: [-0.2276135, -0.3942772, -0.1319703]
      orientation:
        - [0.9629287, 0.1991207, 0.1819873]
        - [-0.02731691, 0.743146, -0.6685713]
        - [-0.2683695, 0.6388152, 0.7210358]
  tf_mat_link4_0_flan4:
    target_pose:
      position: [-0.1027065, -0.4663146, 0.2946206]
      orientation:
        - [0.9808128, 0.130466, 0.1448608]
        - [0.1949512, -0.6556061, -0.7295029]
        - [-0.0002037659, 0.7437467, -0.6684614]
step_10:
  tf_mat_link1_0_flan1:
    target_pose:
      position: [-0.2275991, -0.3943441, -0.1318973]
      orientation:
        - [0.9629287, 0.1991207, 0.1819873]
        - [-0.02731691, 0.743146, -0.6685713]
        - [-0.2683695, 0.6388152, 0.7210358]
  tf_mat_link4_0_flan4:
    target_pose:
      position: [-0.102692, -0.4663876, 0.2945537]
      orientation:
        - [0.9808128, 0.130466, 0.1448608]
        - [0.1949512, -0.6556061, -0.7295029]
        - [-0.0002037659, 0.7437467, -0.6684614]
step_11:
  tf_mat_link1_0_flan1:
    target_pose:
      position: [-0.2275845, -0.394411, -0.1318243]
      orientation:
        - [0.9629287, 0.1991207, 0.1819873]
        - [-0.02731691, 0.743146, -0.6685713]
        - [-0.2683695, 0.6388152, 0.7210358]
  tf_mat_link4_0_flan4:
    target_pose:
      position: [-0.1026775, -0.4664606, 0.2944868]
      orientation:
        - [0.9808128, 0.130466, 0.1448608]
        - [0.1949512, -0.6556061, -0.7295029]
        - [-0.0002037659, 0.7437467, -0.6684614]
step_12:
  tf_mat_link1_0_flan1:
    target_pose:
      position: [-0.22757, -0.3944779, -0.1317512]
      orientation:
        - [0.9629287, 0.1991207, 0.1819873]
        - [-0.02731691, 0.743146, -0.6685713]
        - [-0.2683695, 0.6388152, 0.7210358]
  tf_mat_link4_0_flan4:
    target_pose:
      position: [-0.1026629, -0.4665336, 0.2944199]
      orientation:
        - [0.9808128, 0.130466, 0.1448608]
        - [0.1949512, -0.6556061, -0.7295029]
        - [-0.0002037659, 0.7437467, -0.6684614]
step_13:
  tf_mat_link1_0_flan1:
    target_pose:
      position: [-0.2275555, -0.3945448, -0.1316783]
      orientation:
        - [0.9629287, 0.1991207, 0.1819873]
        - [-0.02731691, 0.743146, -0.6685713]
        - [-0.2683695, 0.6388152, 0.7210358]
  tf_mat_link4_0_flan4:
    target_pose:
      position: [-0.1026485, -0.4666066, 0.294353]
      orientation:
        - [0.9808128, 0.130466, 0.1448608]
        - [0.1949512, -0.6556061, -0.7295029]
        - [-0.0002037659, 0.7437467, -0.6684614]
step_14:
  tf_mat_link1_0_flan1:
    target_pose:
      position: [-0.2275411, -0.3946117, -0.1316052]
      orientation:
        - [0.9629287, 0.1991207, 0.1819873]
        - [-0.02731691, 0.743146, -0.6685713]
        - [-0.2683695, 0.6388152, 0.7210358]
  tf_mat_link4_0_flan4:
    target_pose:
      position: [-0.102634, -0.4666797, 0.2942861]
      orientation:
        - [0.9808128, 0.130466, 0.1448608]
        - [0.1949512, -0.6556061, -0.7295029]
        - [-0.0002037659, 0.7437467, -0.6684614]
step_15:
  tf_mat_link1_0_flan1:
    target_pose:
      position: [-0.2275265, -0.3946786, -0.1315322]
      orientation:
        - [0.9629287, 0.1991207, 0.1819873]
        - [-0.02731691, 0.743146, -0.6685713]
        - [-0.2683695, 0.6388152, 0.7210358]
  tf_mat_link4_0_flan4:
    target_pose:
      position: [-0.1026195, -0.4667526, 0.2942192]
      orientation:
        - [0.9808128, 0.130466, 0.1448608]
        - [0.1949512, -0.6556061, -0.7295029]
        - [-0.0002037659, 0.7437467, -0.6684614]
step_16:
  tf_mat_link1_0_flan1:
    target_pose:
      position: [-0.2275121, -0.3947454, -0.1314593]
      orientation:
        - [0.9629287, 0.1991207, 0.1819873]
        - [-0.02731691, 0.743146, -0.6685713]
        - [-0.2683695, 0.6388152, 0.7210358]
  tf_mat_link4_0_flan4:
    target_pose:
      position: [-0.102605, -0.4668256, 0.2941523]
      orientation:
        - [0.9808128, 0.130466, 0.1448608]
        - [0.1949512, -0.6556061, -0.7295029]
        - [-0.0002037659, 0.7437467, -0.6684614]
step_17:
  tf_mat_link1_0_flan1:
    target_pose:
      position: [-0.2274975, -0.3948124, -0.1313863]
      orientation:
        - [0.9629287, 0.1991207, 0.1819873]
        - [-0.02731691, 0.743146, -0.6685713]
        - [-0.2683695, 0.6388152, 0.7210358]
  tf_mat_link4_0_flan4:
    target_pose:
      position: [-0.1025905, -0.4668986, 0.2940854]
      orientation:
        - [0.9808128, 0.130466, 0.1448608]
        - [0.1949512, -0.6556061, -0.7295029]
        - [-0.0002037659, 0.7437467, -0.6684614]
step_18:
  tf_mat_link1_0_flan1:
    target_pose:
      position: [-0.2274831, -0.3948792, -0.1313133]
      orientation:
        - [0.9629287, 0.1991207, 0.1819873]
        - [-0.02731691, 0.743146, -0.6685713]
        - [-0.2683695, 0.6388152, 0.7210358]
  tf_mat_link4_0_flan4:
    target_pose:
      position: [-0.102576, -0.4669716, 0.2940186]
      orientation:
        - [0.9808128, 0.130466, 0.1448608]
        - [0.1949512, -0.6556061, -0.7295029]
        - [-0.0002037659, 0.7437467, -0.6684614]
step_19:
  tf_mat_link1_0_flan1:
    target_pose:
      position: [-0.2274686, -0.3949461, -0.1312402]
      orientation:
        - [0.9629287, 0.1991207, 0.1819873]
        - [-0.02731691, 0.743146, -0.6685713]
        - [-0.2683695, 0.6388152, 0.7210358]
  tf_mat_link4_0_flan4:
    target_pose:
      position: [-0.1025615, -0.4670446, 0.2939516]
      orientation:
        - [0.9808128, 0.130466, 0.1448608]
        - [0.1949512, -0.6556061, -0.7295029]
        - [-0.0002037659, 0.7437467, -0.6684614]
step_20:
  tf_mat_link1_0_flan1:
    target_pose:
      position: [-0.2274541, -0.395013, -0.1311673]
      orientation:
        - [0.9629287, 0.1991207, 0.1819873]
        - [-0.02731691, 0.743146, -0.6685713]
        - [-0.2683695, 0.6388152, 0.7210358]
  tf_mat_link4_0_flan4:
    target_pose:
      position: [-0.102547, -0.4671176, 0.2938848]
      orientation:
        - [0.9808128, 0.130466, 0.1448608]
        - [0.1949512, -0.6556061, -0.7295029]
        - [-0.0002037659, 0.7437467, -0.6684614]
step_21:
  tf_mat_link1_0_flan1:
    target_pose:
      position: [-0.2274396, -0.3950799, -0.1310943]
      orientation:
        - [0.9629287, 0.1991207, 0.1819873]
        - [-0.02731691, 0.743146, -0.6685713]
        - [-0.2683695, 0.6388152, 0.7210358]
  tf_mat_link4_0_flan4:
    target_pose:
      position: [-0.1025325, -0.4671906, 0.2938179]
      orientation:
        - [0.9808128, 0.130466, 0.1448608]
        - [0.1949512, -0.6556061, -0.7295029]
        - [-0.0002037659, 0.7437467, -0.6684614]
step_22:
  tf_mat_link1_0_flan1:
    target_pose:
      position: [-0.2274251, -0.3951468, -0.1310213]
      orientation:
        - [0.9629287, 0.1991207, 0.1819873]
        - [-0.02731691, 0.743146, -0.6685713]
        - [-0.2683695, 0.6388152, 0.7210358]
  tf_mat_link4_0_flan4:
    target_pose:
      position: [-0.102518, -0.4672636, 0.293751]
      orientation:
        - [0.9808128, 0.130466, 0.1448608]
        - [0.1949512, -0.6556061, -0.7295029]
        - [-0.0002037659, 0.7437467, -0.6684614]
step_23:
  tf_mat_link1_0_flan1:
    target_pose:
      position: [-0.2274106, -0.3952137, -0.1309483]
      orientation:
        - [0.9629287, 0.1991207, 0.1819873]
        - [-0.02731691, 0.743146, -0.6685713]
        - [-0.2683695, 0.6388152, 0.7210358]
  tf_mat_link4_0_flan4:
    target_pose:
      position: [-0.1025035, -0.4673366, 0.2936841]
      orientation:
        - [0.9808128, 0.130466, 0.1448608]
        - [0.1949512, -0.6556061, -0.7295029]
        - [-0.0002037659, 0.7437467, -0.6684614]
step_24:
  tf_mat_link1_0_flan1:
    target_pose:
      position: [-0.2273961, -0.3952806, -0.1308753]
      orientation:
        - [0.9629287, 0.1991207, 0.1819873]
        - [-0.02731691, 0.743146, -0.6685713]
        - [-0.2683695, 0.6388152, 0.7210358]
  tf_mat_link4_0_flan4:
    target_pose:
      position: [-0.102489, -0.4674096, 0.2936172]
      orientation:
        - [0.9808128, 0.130466, 0.1448608]
        - [0.1949512, -0.6556061, -0.7295029]
        - [-0.0002037659, 0.7437467, -0.6684614]
step_25:
  tf_mat_link1_0_flan1:
    target_pose:
      position: [-0.2273816, -0.3953474, -0.1308023]
      orientation:
        - [0.9629287, 0.1991207, 0.1819873]
        - [-0.02731691, 0.743146, -0.6685713]
        - [-0.2683695, 0.6388152, 0.7210358]
  tf_mat_link4_0_flan4:
    target_pose:
      position: [-0.1024745, -0.4674826, 0.2935503]
      orientation:
        - [0.9808128, 0.130466, 0.1448608]
        - [0.1949512, -0.6556061, -0.7295029]
        - [-0.0002037659, 0.7437467, -0.6684614]
step_26:
  tf_mat_link1_0_flan1:
    target_pose:
      position: [-0.2273671, -0.3954144, -0.1307293]
      orientation:
        - [0.9629287, 0.1991207, 0.1819873]
        - [-0.02731691, 0.743146, -0.6685713]
        - [-0.2683695, 0.6388152, 0.7210358]
  tf_mat_link4_0_flan4:
    target_pose:
      position: [-0.10246, -0.4675556, 0.2934834]
      orientation:
        - [0.9808128, 0.130466, 0.1448608]
        - [0.1949512, -0.6556061, -0.7295029]
        - [-0.0002037659, 0.7437467, -0.6684614]
step_27:
  tf_mat_link1_0_flan1:
    target_pose:
      position: [-0.2273526, -0.3954812, -0.1306563]
      orientation:
        - [0.9629287, 0.1991207, 0.1819873]
        - [-0.02731691, 0.743146, -0.6685713]
        - [-0.2683695, 0.6388152, 0.7210358]
  tf_mat_link4_0_flan4:
    target_pose:
      position: [-0.1024455, -0.4676286, 0.2934166]
      orientation:
        - [0.9808128, 0.130466, 0.1448608]
        - [0.1949512, -0.6556061, -0.7295029]
        - [-0.0002037659, 0.7437467, -0.6684614]
step_28:
  tf_mat_link1_0_flan1:
    target_pose:
      position: [-0.2273381, -0.3955481, -0.1305833]
      orientation:
        - [0.9629287, 0.1991207, 0.1819873]
        - [-0.02731691, 0.743146, -0.6685713]
        - [-0.2683695, 0.6388152, 0.7210358]
  tf_mat_link4_0_flan4:
    target_pose:
      position: [-0.102431, -0.4677016, 0.2933496]
      orientation:
        - [0.9808128, 0.130466, 0.1448608]
        - [0.1949512, -0.6556061, -0.7295029]
        - [-0.0002037659, 0.7437467, -0.6684614]
step_29:
  tf_mat_link1_0_flan1:
    target_pose:
      position: [-0.2273237, -0.395615, -0.1305103]
      orientation:
        - [0.9629287, 0.1991207, 0.1819873]
        - [-0.02731691, 0.743146, -0.6685713]
        - [-0.2683695, 0.6388152, 0.7210358]
  tf_mat_link4_0_flan4:
    target_pose:
      position: [-0.1024165, -0.4677746, 0.2932827]
      orientation:
        - [0.9808128, 0.130466, 0.1448608]
        - [0.1949512, -0.6556061, -0.7295029]
        - [-0.0002037659, 0.7437467, -0.6684614]
step_30:
  tf_mat_link1_0_flan1:
    target_pose:
      position: [-0.2273091, -0.3956819, -0.1304373]
      orientation:
        - [0.9629287, 0.1991207, 0.1819873]
        - [-0.02731691, 0.743146, -0.6685713]
        - [-0.2683695, 0.6388152, 0.7210358]
  tf_mat_link4_0_flan4:
    target_pose:
      position: [-0.102402, -0.4678476, 0.2932159]
      orientation:
        - [0.9808128, 0.130466, 0.1448608]
        - [0.1949512, -0.6556061, -0.7295029]
        - [-0.0002037659, 0.7437467, -0.6684614]
step_31:
  tf_mat_link1_0_flan1:
    target_pose:
      position: [-0.2272947, -0.3957488, -0.1303642]
      orientation:
        - [0.9629287, 0.1991207, 0.1819873]
        - [-0.02731691, 0.743146, -0.6685713]
        - [-0.2683695, 0.6388152, 0.7210358]
  tf_mat_link4_0_flan4:
    target_pose:
      position: [-0.1023875, -0.4679206, 0.293149]
      orientation:
        - [0.9808128, 0.130466, 0.1448608]
        - [0.1949512, -0.6556061, -0.7295029]
        - [-0.0002037659, 0.7437467, -0.6684614]
step_32:
  tf_mat_link1_0_flan1:
    target_pose:
      position: [-0.2272801, -0.3958157, -0.1302913]
      orientation:
        - [0.9629287, 0.1991207, 0.1819873]
        - [-0.02731691, 0.743146, -0.6685713]
        - [-0.2683695, 0.6388152, 0.7210358]
  tf_mat_link4_0_flan4:
    target_pose:
      position: [-0.102373, -0.4679936, 0.2930821]
      orientation:
        - [0.9808128, 0.130466, 0.1448608]
        - [0.1949512, -0.6556061, -0.7295029]
        - [-0.0002037659, 0.7437467, -0.6684614]
step_33:
  tf_mat_link1_0_flan1:
    target_pose:
      position: [-0.2272657, -0.3958826, -0.1302183]
      orientation:
        - [0.9629287, 0.1991207, 0.1819873]
        - [-0.02731691, 0.743146, -0.6685713]
        - [-0.2683695, 0.6388152, 0.7210358]
  tf_mat_link4_0_flan4:
    target_pose:
      position: [-0.1023585, -0.4680666, 0.2930152]
      orientation:
        - [0.9808128, 0.130466, 0.1448608]
        - [0.1949512, -0.6556061, -0.7295029]
        - [-0.0002037659, 0.7437467, -0.6684614]
step_34:
  tf_mat_link1_0_flan1:
    target_pose:
      position: [-0.2272512, -0.3959495, -0.1301453]
      orientation:
        - [0.9629287, 0.1991207, 0.1819873]
        - [-0.02731691, 0.743146, -0.6685713]
        - [-0.2683695, 0.6388152, 0.7210358]
  tf_mat_link4_0_flan4:
    target_pose:
      position: [-0.1023441, -0.4681396, 0.2929482]
      orientation:
        - [0.9808128, 0.130466, 0.1448608]
        - [0.1949512, -0.6556061, -0.7295029]
        - [-0.0002037659, 0.7437467, -0.6684614]
step_35:
  tf_mat_link1_0_flan1:
    target_pose:
      position: [-0.2272367, -0.3960164, -0.1300723]
      orientation:
        - [0.9629287, 0.1991207, 0.1819873]
        - [-0.02731691, 0.743146, -0.6685713]
        - [-0.2683695, 0.6388152, 0.7210358]
  tf_mat_link4_0_flan4:
    target_pose:
      position: [-0.1023296, -0.4682126, 0.2928814]
      orientation:
        - [0.9808128, 0.130466, 0.1448608]
        - [0.1949512, -0.6556061, -0.7295029]
        - [-0.0002037659, 0.7437467, -0.6684614]
step_36:
  tf_mat_link1_0_flan1:
    target_pose:
      position: [-0.2272222, -0.3960833, -0.1299993]
      orientation:
        - [0.9629287, 0.1991207, 0.1819873]
        - [-0.02731691, 0.743146, -0.6685713]
        - [-0.2683695, 0.6388152, 0.7210358]
  tf_mat_link4_0_flan4:
    target_pose:
      position: [-0.1023151, -0.4682856, 0.2928145]
      orientation:
        - [0.9808128, 0.130466, 0.1448608]
        - [0.1949512, -0.6556061, -0.7295029]
        - [-0.0002037659, 0.7437467, -0.6684614]
step_37:
  tf_mat_link1_0_flan1:
    target_pose:
      position: [-0.2272077, -0.3961502, -0.1299263]
      orientation:
        - [0.9629287, 0.1991207, 0.1819873]
        - [-0.02731691, 0.743146, -0.6685713]
        - [-0.2683695, 0.6388152, 0.7210358]
  tf_mat_link4_0_flan4:
    target_pose:
      position: [-0.1023006, -0.4683586, 0.2927476]
      orientation:
        - [0.9808128, 0.130466, 0.1448608]
        - [0.1949512, -0.6556061, -0.7295029]
        - [-0.0002037659, 0.7437467, -0.6684614]
step_38:
  tf_mat_link1_0_flan1:
    target_pose:
      position: [-0.2271932, -0.396217, -0.1298533]
      orientation:
        - [0.9629287, 0.1991207, 0.1819873]
        - [-0.02731691, 0.743146, -0.6685713]
        - [-0.2683695, 0.6388152, 0.7210358]
  tf_mat_link4_0_flan4:
    target_pose:
      position: [-0.1022861, -0.4684316, 0.2926807]
      orientation:
        - [0.9808128, 0.130466, 0.1448608]
        - [0.1949512, -0.6556061, -0.7295029]
        - [-0.0002037659, 0.7437467, -0.6684614]
step_39:
  tf_mat_link1_0_flan1:
    target_pose:
      position: [-0.2271787, -0.396284, -0.1297803]
      orientation:
        - [0.9629287, 0.1991207, 0.1819873]
        - [-0.02731691, 0.743146, -0.6685713]
        - [-0.2683695, 0.6388152, 0.7210358]
  tf_mat_link4_0_flan4:
    target_pose:
      position: [-0.1022716, -0.4685046, 0.2926138]
      orientation:
        - [0.9808128, 0.130466, 0.1448608]
        - [0.1949512, -0.6556061, -0.7295029]
        - [-0.0002037659, 0.7437467, -0.6684614]
step_40:
  tf_mat_link1_0_flan1:
    target_pose:
      position: [-0.2271642, -0.3963508, -0.1297073]
      orientation:
        - [0.9629287, 0.1991207, 0.1819873]
        - [-0.02731691, 0.743146, -0.6685713]
        - [-0.2683695, 0.6388152, 0.7210358]
  tf_mat_link4_0_flan4:
    target_pose:
      position: [-0.1022571, -0.4685776, 0.292547]
      orientation:
        - [0.9808128, 0.130466, 0.1448608]
        - [0.1949512, -0.6556061, -0.7295029]
        - [-0.0002037659, 0.7437467, -0.6684614]
step_41:
  tf_mat_link1_0_flan1:
    target_pose:
      position: [-0.2271497, -0.3964177, -0.1296343]
      orientation:
        - [0.9629287, 0.1991207, 0.1819873]
        - [-0.02731691, 0.743146, -0.6685713]
        - [-0.2683695, 0.6388152, 0.7210358]
  tf_mat_link4_0_flan4:
    target_pose:
      position: [-0.1022426, -0.4686505, 0.29248]
      orientation:
        - [0.9808128, 0.130466, 0.1448608]
        - [0.1949512, -0.6556061, -0.7295029]
        - [-0.0002037659, 0.7437467, -0.6684614]
step_42:
  tf_mat_link1_0_flan1:
    target_pose:
      position: [-0.2271352, -0.3964846, -0.1295613]
      orientation:
        - [0.9629287, 0.1991207, 0.1819873]
        - [-0.02731691, 0.743146, -0.6685713]
        - [-0.2683695, 0.6388152, 0.7210358]
  tf_mat_link4_0_flan4:
    target_pose:
      position: [-0.1022281, -0.4687236, 0.2924132]
      orientation:
        - [0.9808128, 0.130466, 0.1448608]
        - [0.1949512, -0.6556061, -0.7295029]
        - [-0.0002037659, 0.7437467, -0.6684614]
step_43:
  tf_mat_link1_0_flan1:
    target_pose:
      position: [-0.2271207, -0.3965515, -0.1294883]
      orientation:
        - [0.9629287, 0.1991207, 0.1819873]
        - [-0.02731691, 0.743146, -0.6685713]
        - [-0.2683695, 0.6388152, 0.7210358]
  tf_mat_link4_0_flan4:
    target_pose:
      position: [-0.1022136, -0.4687966, 0.2923462]
      orientation:
        - [0.9808128, 0.130466, 0.1448608]
        - [0.1949512, -0.6556061, -0.7295029]
        - [-0.0002037659, 0.7437467, -0.6684614]
step_44:
  tf_mat_link1_0_flan1:
    target_pose:
      position: [-0.2271062, -0.3966184, -0.1294153]
      orientation:
        - [0.9629287, 0.1991207, 0.1819873]
        - [-0.02731691, 0.743146, -0.6685713]
        - [-0.2683695, 0.6388152, 0.7210358]
  tf_mat_link4_0_flan4:
    target_pose:
      position: [-0.1021991, -0.4688696, 0.2922794]
      orientation:
        - [0.9808128, 0.130466, 0.1448608]
        - [0.1949512, -0.6556061, -0.7295029]
        - [-0.0002037659, 0.7437467, -0.6684614]
step_45:
  tf_mat_link1_0_flan1:
    target_pose:
      position: [-0.2270917, -0.3966853, -0.1293423]
      orientation:
        - [0.9629287, 0.1991207, 0.1819873]
        - [-0.02731691, 0.743146, -0.6685713]
        - [-0.2683695, 0.6388152, 0.7210358]
  tf_mat_link4_0_flan4:
    target_pose:
      position: [-0.1021846, -0.4689426, 0.2922125]
      orientation:
        - [0.9808128, 0.130466, 0.1448608]
        - [0.1949512, -0.6556061, -0.7295029]
        - [-0.0002037659, 0.7437467, -0.6684614]
step_46:
  tf_mat_link1_0_flan1:
    target_pose:
      position: [-0.2270772, -0.3967521, -0.1292693]
      orientation:
        - [0.9629287, 0.1991207, 0.1819873]
        - [-0.02731691, 0.743146, -0.6685713]
        - [-0.2683695, 0.6388152, 0.7210358]
  tf_mat_link4_0_flan4:
    target_pose:
      position: [-0.1021701, -0.4690156, 0.2921456]
      orientation:
        - [0.9808128, 0.130466, 0.1448608]
        - [0.1949512, -0.6556061, -0.7295029]
        - [-0.0002037659, 0.7437467, -0.6684614]
step_47:
  tf_mat_link1_0_flan1:
    target_pose:
      position: [-0.2270627, -0.3968191, -0.1291963]
      orientation:
        - [0.9629287, 0.1991207, 0.1819873]
        - [-0.02731691, 0.743146, -0.6685713]
        - [-0.2683695, 0.6388152, 0.7210358]
  tf_mat_link4_0_flan4:
    target_pose:
      position: [-0.1021556, -0.4690885, 0.2920787]
      orientation:
        - [0.9808128, 0.130466, 0.1448608]
        - [0.1949512, -0.6556061, -0.7295029]
        - [-0.0002037659, 0.7437467, -0.6684614]
step_48:
  tf_mat_link1_0_flan1:
    target_pose:
      position: [-0.2270482, -0.396886, -0.1291233]
      orientation:
        - [0.9629287, 0.1991207, 0.1819873]
        - [-0.02731691, 0.743146, -0.6685713]
        - [-0.2683695, 0.6388152, 0.7210358]
  tf_mat_link4_0_flan4:
    target_pose:
      position: [-0.1021411, -0.4691616, 0.2920119]
      orientation:
        - [0.9808128, 0.130466, 0.1448608]
        - [0.1949512, -0.6556061, -0.7295029]
        - [-0.0002037659, 0.7437467, -0.6684614]
step_49:
  tf_mat_link1_0_flan1:
    target_pose:
      position: [-0.2270337, -0.3969528, -0.1290503]
      orientation:
        - [0.9629287, 0.1991207, 0.1819873]
        - [-0.02731691, 0.743146, -0.6685713]
        - [-0.2683695, 0.6388152, 0.7210358]
  tf_mat_link4_0_flan4:
    target_pose:
      position: [-0.1021266, -0.4692346, 0.2919449]
      orientation:
        - [0.9808128, 0.130466, 0.1448608]
        - [0.1949512, -0.6556061, -0.7295029]
        - [-0.0002037659, 0.7437467, -0.6684614]
step_50:
  tf_mat_link1_0_flan1:
    target_pose:
      position: [-0.2270192, -0.3970197, -0.1289773]
      orientation:
        - [0.9629287, 0.1991207, 0.1819873]
        - [-0.02731691, 0.743146, -0.6685713]
        - [-0.2683695, 0.6388152, 0.7210358]
  tf_mat_link4_0_flan4:
    target_pose:
      position: [-0.1021121, -0.4693076, 0.291878]
      orientation:
        - [0.9808128, 0.130466, 0.1448608]
        - [0.1949512, -0.6556061, -0.7295029]
        - [-0.0002037659, 0.7437467, -0.6684614]
step_51:
  tf_mat_link1_0_flan1:
    target_pose:
      position: [-0.2270047, -0.3970866, -0.1289043]
      orientation:
        - [0.9629287, 0.1991207, 0.1819873]
        - [-0.02731691, 0.743146, -0.6685713]
        - [-0.2683695, 0.6388152, 0.7210358]
  tf_mat_link4_0_flan4:
    target_pose:
      position: [-0.1020976, -0.4693805, 0.2918112]
      orientation:
        - [0.9808128, 0.130466, 0.1448608]
        - [0.1949512, -0.6556061, -0.7295029]
        - [-0.0002037659, 0.7437467, -0.6684614]
step_52:
  tf_mat_link1_0_flan1:
    target_pose:
      position: [-0.2269902, -0.3971535, -0.1288313]
      orientation:
        - [0.9629287, 0.1991207, 0.1819873]
        - [-0.02731691, 0.743146, -0.6685713]
        - [-0.2683695, 0.6388152, 0.7210358]
  tf_mat_link4_0_flan4:
    target_pose:
      position: [-0.1020831, -0.4694535, 0.2917442]
      orientation:
        - [0.9808128, 0.130466, 0.1448608]
        - [0.1949512, -0.6556061, -0.7295029]
        - [-0.0002037659, 0.7437467, -0.6684614]
step_53:
  tf_mat_link1_0_flan1:
    target_pose:
      position: [-0.2269757, -0.3972204, -0.1287583]
      orientation:
        - [0.9629287, 0.1991207, 0.1819873]
        - [-0.02731691, 0.743146, -0.6685713]
        - [-0.2683695, 0.6388152, 0.7210358]
  tf_mat_link4_0_flan4:
    target_pose:
      position: [-0.1020686, -0.4695266, 0.2916774]
      orientation:
        - [0.9808128, 0.130466, 0.1448608]
        - [0.1949512, -0.6556061, -0.7295029]
        - [-0.0002037659, 0.7437467, -0.6684614]
step_54:
  tf_mat_link1_0_flan1:
    target_pose:
      position: [-0.2269613, -0.3972873, -0.1286853]
      orientation:
        - [0.9629287, 0.1991207, 0.1819873]
        - [-0.02731691, 0.743146, -0.6685713]
        - [-0.2683695, 0.6388152, 0.7210358]
  tf_mat_link4_0_flan4:
    target_pose:
      position: [-0.1020542, -0.4695996, 0.2916104]
      orientation:
        - [0.9808128, 0.130466, 0.1448608]
        - [0.1949512, -0.6556061, -0.7295029]
        - [-0.0002037659, 0.7437467, -0.6684614]
step_55:
  tf_mat_link1_0_flan1:
    target_pose:
      position: [-0.2269467, -0.3973542, -0.1286123]
      orientation:
        - [0.9629287, 0.1991207, 0.1819873]
        - [-0.02731691, 0.743146, -0.6685713]
        - [-0.2683695, 0.6388152, 0.7210358]
  tf_mat_link4_0_flan4:
    target_pose:
      position: [-0.1020396, -0.4696726, 0.2915436]
      orientation:
        - [0.9808128, 0.130466, 0.1448608]
        - [0.1949512, -0.6556061, -0.7295029]
        - [-0.0002037659, 0.7437467, -0.6684614]
step_56:
  tf_mat_link1_0_flan1:
    target_pose:
      position: [-0.2269323, -0.3974211, -0.1285393]
      orientation:
        - [0.9629287, 0.1991207, 0.1819873]
        - [-0.02731691, 0.743146, -0.6685713]
        - [-0.2683695, 0.6388152, 0.7210358]
  tf_mat_link4_0_flan4:
    target_pose:
      position: [-0.1020252, -0.4697455, 0.2914767]
      orientation:
        - [0.9808128, 0.130466, 0.1448608]
        - [0.1949512, -0.6556061, -0.7295029]
        - [-0.0002037659, 0.7437467, -0.6684614]
step_57:
  tf_mat_link1_0_flan1:
    target_pose:
      position: [-0.2269177, -0.397488, -0.1284663]
      orientation:
        - [0.9629287, 0.1991207, 0.1819873]
        - [-0.02731691, 0.743146, -0.6685713]
        - [-0.2683695, 0.6388152, 0.7210358]
  tf_mat_link4_0_flan4:
    target_pose:
      position: [-0.1020106, -0.4698186, 0.2914098]
      orientation:
        - [0.9808128, 0.130466, 0.1448608]
        - [0.1949512, -0.6556061, -0.7295029]
        - [-0.0002037659, 0.7437467, -0.6684614]
step_58:
  tf_mat_link1_0_flan1:
    target_pose:
      position: [-0.2269033, -0.3975548, -0.1283933]
      orientation:
        - [0.9629287, 0.1991207, 0.1819873]
        - [-0.02731691, 0.743146, -0.6685713]
        - [-0.2683695, 0.6388152, 0.7210358]
  tf_mat_link4_0_flan4:
    target_pose:
      position: [-0.1019962, -0.4698915, 0.2913429]
      orientation:
        - [0.9808128, 0.130466, 0.1448608]
        - [0.1949512, -0.6556061, -0.7295029]
        - [-0.0002037659, 0.7437467, -0.6684614]
step_59:
  tf_mat_link1_0_flan1:
    target_pose:
      position: [-0.2268887, -0.3976218, -0.1283203]
      orientation:
        - [0.9629287, 0.1991207, 0.1819873]
        - [-0.02731691, 0.743146, -0.6685713]
        - [-0.2683695, 0.6388152, 0.7210358]
  tf_mat_link4_0_flan4:
    target_pose:
      position: [-0.1019816, -0.4699646, 0.291276]
      orientation:
        - [0.9808128, 0.130466, 0.1448608]
        - [0.1949512, -0.6556061, -0.7295029]
        - [-0.0002037659, 0.7437467, -0.6684614]
step_60:
  tf_mat_link1_0_flan1:
    target_pose:
      position: [-0.2268743, -0.3976887, -0.1282473]
      orientation:
        - [0.9629287, 0.1991207, 0.1819873]
        - [-0.02731691, 0.743146, -0.6685713]
        - [-0.2683695, 0.6388152, 0.7210358]
  tf_mat_link4_0_flan4:
    target_pose:
      position: [-0.1019672, -0.4700375, 0.2912091]
      orientation:
        - [0.9808128, 0.130466, 0.1448608]
        - [0.1949512, -0.6556061, -0.7295029]
        - [-0.0002037659, 0.7437467, -0.6684614]
step_61:
  tf_mat_link1_0_flan1:
    target_pose:
      position: [-0.2268597, -0.3977555, -0.1281743]
      orientation:
        - [0.9629287, 0.1991207, 0.1819873]
        - [-0.02731691, 0.743146, -0.6685713]
        - [-0.2683695, 0.6388152, 0.7210358]
  tf_mat_link4_0_flan4:
    target_pose:
      position: [-0.1019526, -0.4701106, 0.2911423]
      orientation:
        - [0.9808128, 0.130466, 0.1448608]
        - [0.1949512, -0.6556061, -0.7295029]
        - [-0.0002037659, 0.7437467, -0.6684614]
step_62:
  tf_mat_link1_0_flan1:
    target_pose:
      position: [-0.2268453, -0.3978225, -0.1281013]
      orientation:
        - [0.9629287, 0.1991207, 0.1819873]
        - [-0.02731691, 0.743146, -0.6685713]
        - [-0.2683695, 0.6388152, 0.7210358]
  tf_mat_link4_0_flan4:
    target_pose:
      position: [-0.1019382, -0.4701836, 0.2910753]
      orientation:
        - [0.9808128, 0.130466, 0.1448608]
        - [0.1949512, -0.6556061, -0.7295029]
        - [-0.0002037659, 0.7437467, -0.6684614]
step_63:
  tf_mat_link1_0_flan1:
    target_pose:
      position: [-0.2268308, -0.3978893, -0.1280283]
      orientation:
        - [0.9629287, 0.1991207, 0.1819873]
        - [-0.02731691, 0.743146, -0.6685713]
        - [-0.2683695, 0.6388152, 0.7210358]
  tf_mat_link4_0_flan4:
    target_pose:
      position: [-0.1019237, -0.4702566, 0.2910085]
      orientation:
        - [0.9808128, 0.130466, 0.1448608]
        - [0.1949512, -0.6556061, -0.7295029]
        - [-0.0002037659, 0.7437467, -0.6684614]
step_64:
  tf_mat_link1_0_flan1:
    target_pose:
      position: [-0.2268163, -0.3979562, -0.1279553]
      orientation:
        - [0.9629287, 0.1991207, 0.1819873]
        - [-0.02731691, 0.743146, -0.6685713]
        - [-0.2683695, 0.6388152, 0.7210358]
  tf_mat_link4_0_flan4:
    target_pose:
      position: [-0.1019092, -0.4703296, 0.2909415]
      orientation:
        - [0.9808128, 0.130466, 0.1448608]
        - [0.1949512, -0.6556061, -0.7295029]
        - [-0.0002037659, 0.7437467, -0.6684614]
step_65:
  tf_mat_link1_0_flan1:
    target_pose:
      position: [-0.2268018, -0.3980231, -0.1278823]
      orientation:
        - [0.9629287, 0.1991207, 0.1819873]
        - [-0.02731691, 0.743146, -0.6685713]
        - [-0.2683695, 0.6388152, 0.7210358]
  tf_mat_link4_0_flan4:
    target_pose:
      position: [-0.1018947, -0.4704025, 0.2908747]
      orientation:
        - [0.9808128, 0.130466, 0.1448608]
        - [0.1949512, -0.6556061, -0.7295029]
        - [-0.0002037659, 0.7437467, -0.6684614]
step_66:
  tf_mat_link1_0_flan1:
    target_pose:
      position: [-0.2267873, -0.39809, -0.1278093]
      orientation:
        - [0.9629287, 0.1991207, 0.1819873]
        - [-0.02731691, 0.743146, -0.6685713]
        - [-0.2683695, 0.6388152, 0.7210358]
  tf_mat_link4_0_flan4:
    target_pose:
      position: [-0.1018802, -0.4704756, 0.2908078]
      orientation:
        - [0.9808128, 0.130466, 0.1448608]
        - [0.1949512, -0.6556061, -0.7295029]
        - [-0.0002037659, 0.7437467, -0.6684614]
step_67:
  tf_mat_link1_0_flan1:
    target_pose:
      position: [-0.2267728, -0.3981569, -0.1277363]
      orientation:
        - [0.9629287, 0.1991207, 0.1819873]
        - [-0.02731691, 0.743146, -0.6685713]
        - [-0.2683695, 0.6388152, 0.7210358]
  tf_mat_link4_0_flan4:
    target_pose:
      position: [-0.1018657, -0.4705486, 0.2907409]
      orientation:
        - [0.9808128, 0.130466, 0.1448608]
        - [0.1949512, -0.6556061, -0.7295029]
        - [-0.0002037659, 0.7437467, -0.6684614]
step_68:
  tf_mat_link1_0_flan1:
    target_pose:
      position: [-0.2267583, -0.3982238, -0.1276633]
      orientation:
        - [0.9629287, 0.1991207, 0.1819873]
        - [-0.02731691, 0.743146, -0.6685713]
        - [-0.2683695, 0.6388152, 0.7210358]
  tf_mat_link4_0_flan4:
    target_pose:
      position: [-0.1018512, -0.4706216, 0.290674]
      orientation:
        - [0.9808128, 0.130466, 0.1448608]
        - [0.1949512, -0.6556061, -0.7295029]
        - [-0.0002037659, 0.7437467, -0.6684614]
step_69:
  tf_mat_link1_0_flan1:
    target_pose:
      position: [-0.2267438, -0.3982907, -0.1275903]
      orientation:
        - [0.9629287, 0.1991207, 0.1819873]
        - [-0.02731691, 0.743146, -0.6685713]
        - [-0.2683695, 0.6388152, 0.7210358]
  tf_mat_link4_0_flan4:
    target_pose:
      position: [-0.1018367, -0.4706946, 0.2906071]
      orientation:
        - [0.9808128, 0.130466, 0.1448608]
        - [0.1949512, -0.6556061, -0.7295029]
        - [-0.0002037659, 0.7437467, -0.6684614]
step_70:
  tf_mat_link1_0_flan1:
    target_pose:
      position: [-0.2267293, -0.3983575, -0.1275173]
      orientation:
        - [0.9629287, 0.1991207, 0.1819873]
        - [-0.02731691, 0.743146, -0.6685713]
        - [-0.2683695, 0.6388152, 0.7210358]
  tf_mat_link4_0_flan4:
    target_pose:
      position: [-0.1018222, -0.4707676, 0.2905402]
      orientation:
        - [0.9808128, 0.130466, 0.1448608]
        - [0.1949512, -0.6556061, -0.7295029]
        - [-0.0002037659, 0.7437467, -0.6684614]
step_71:
  tf_mat_link1_0_flan1:
    target_pose:
      position: [-0.2267148, -0.3984245, -0.1274444]
      orientation:
        - [0.9629287, 0.1991207, 0.1819873]
        - [-0.02731691, 0.743146, -0.6685713]
        - [-0.2683695, 0.6388152, 0.7210358]
  tf_mat_link4_0_flan4:
    target_pose:
      position: [-0.1018077, -0.4708405, 0.2904733]
      orientation:
        - [0.9808128, 0.130466, 0.1448608]
        - [0.1949512, -0.6556061, -0.7295029]
        - [-0.0002037659, 0.7437467, -0.6684614]
step_72:
  tf_mat_link1_0_flan1:
    target_pose:
      position: [-0.2267003, -0.3984913, -0.1273713]
      orientation:
        - [0.9629287, 0.1991207, 0.1819873]
        - [-0.02731691, 0.743146, -0.6685713]
        - [-0.2683695, 0.6388152, 0.7210358]
  tf_mat_link4_0_flan4:
    target_pose:
      position: [-0.1017932, -0.4709136, 0.2904065]
      orientation:
        - [0.9808128, 0.130466, 0.1448608]
        - [0.1949512, -0.6556061, -0.7295029]
        - [-0.0002037659, 0.7437467, -0.6684614]
step_73:
  tf_mat_link1_0_flan1:
    target_pose:
      position: [-0.2266858, -0.3985582, -0.1272984]
      orientation:
        - [0.9629287, 0.1991207, 0.1819873]
        - [-0.02731691, 0.743146, -0.6685713]
        - [-0.2683695, 0.6388152, 0.7210358]
  tf_mat_link4_0_flan4:
    target_pose:
      position: [-0.1017787, -0.4709865, 0.2903396]
      orientation:
        - [0.9808128, 0.130466, 0.1448608]
        - [0.1949512, -0.6556061, -0.7295029]
        - [-0.0002037659, 0.7437467, -0.6684614]
step_74:
  tf_mat_link1_0_flan1:
    target_pose:
      position: [-0.2266713, -0.3986251, -0.1272253]
      orientation:
        - [0.9629287, 0.1991207, 0.1819873]
        - [-0.02731691, 0.743146, -0.6685713]
        - [-0.2683695, 0.6388152, 0.7210358]
  tf_mat_link4_0_flan4:
    target_pose:
      position: [-0.1017642, -0.4710595, 0.2902727]
      orientation:
        - [0.9808128, 0.130466, 0.1448608]
        - [0.1949512, -0.6556061, -0.7295029]
        - [-0.0002037659, 0.7437467, -0.6684614]
step_75:
  tf_mat_link1_0_flan1:
    target_pose:
      position: [-0.2266568, -0.398692, -0.1271523]
      orientation:
        - [0.9629287, 0.1991207, 0.1819873]
        - [-0.02731691, 0.743146, -0.6685713]
        - [-0.2683695, 0.6388152, 0.7210358]
  tf_mat_link4_0_flan4:
    target_pose:
      position: [-0.1017497, -0.4711325, 0.2902058]
      orientation:
        - [0.9808128, 0.130466, 0.1448608]
        - [0.1949512, -0.6556061, -0.7295029]
        - [-0.0002037659, 0.7437467, -0.6684614]
step_76:
  tf_mat_link1_0_flan1:
    target_pose:
      position: [-0.2266423, -0.3987589, -0.1270793]
      orientation:
        - [0.9629287, 0.1991207, 0.1819873]
        - [-0.02731691, 0.743146, -0.6685713]
        - [-0.2683695, 0.6388152, 0.7210358]
  tf_mat_link4_0_flan4:
    target_pose:
      position: [-0.1017352, -0.4712056, 0.2901389]
      orientation:
        - [0.9808128, 0.130466, 0.1448608]
        - [0.1949512, -0.6556061, -0.7295029]
        - [-0.0002037659, 0.7437467, -0.6684614]
step_77:
  tf_mat_link1_0_flan1:
    target_pose:
      position: [-0.2266278, -0.3988258, -0.1270063]
      orientation:
        - [0.9629287, 0.1991207, 0.1819873]
        - [-0.02731691, 0.743146, -0.6685713]
        - [-0.2683695, 0.6388152, 0.7210358]
  tf_mat_link4_0_flan4:
    target_pose:
      position: [-0.1017207, -0.4712785, 0.290072]
      orientation:
        - [0.9808128, 0.130466, 0.1448608]
        - [0.1949512, -0.6556061, -0.7295029]
        - [-0.0002037659, 0.7437467, -0.6684614]
step_78:
  tf_mat_link1_0_flan1:
    target_pose:
      position: [-0.2266133, -0.3988927, -0.1269333]
      orientation:
        - [0.9629287, 0.1991207, 0.1819873]
        - [-0.02731691, 0.743146, -0.6685713]
        - [-0.2683695, 0.6388152, 0.7210358]
  tf_mat_link4_0_flan4:
    target_pose:
      position: [-0.1017062, -0.4713515, 0.2900051]
      orientation:
        - [0.9808128, 0.130466, 0.1448608]
        - [0.1949512, -0.6556061, -0.7295029]
