step_0:
  tf_mat_link1_0_flan1:
    target_pose:
      position: [-0.2407909, -0.4680498, -0.1981878]
      orientation:
        - [0.9629287, 0.1991207, 0.1819873]
        - [-0.02731691, 0.743146, -0.6685713]
        - [-0.2683695, 0.6388152, 0.7210358]
  tf_mat_link4_0_flan4:
    target_pose:
      position: [-0.1158833, -0.400097, 0.2208479]
      orientation:
        - [0.9808128, 0.130466, 0.1448608]
        - [0.1949512, -0.6556061, -0.7295029]
        - [-0.0002037659, 0.7437467, -0.6684614]
step_1:
  tf_mat_link1_0_flan1:
    target_pose:
      position: [-0.2407909, -0.4680498, -0.1981878]
      orientation:
        - [0.9629287, 0.1991207, 0.1819873]
        - [-0.02731691, 0.743146, -0.6685713]
        - [-0.2683695, 0.6388152, 0.7210358]
  tf_mat_link4_0_flan4:
    target_pose:
      position: [-0.1158833, -0.400097, 0.2208479]
      orientation:
        - [0.9808128, 0.130466, 0.1448608]
        - [0.1949512, -0.6556061, -0.7295029]
        - [-0.0002037659, 0.7437467, -0.6684614]
step_2:
  tf_mat_link1_0_flan1:
    target_pose:
      position: [-0.2407909, -0.4680498, -0.1981878]
      orientation:
        - [0.9629287, 0.1991207, 0.1819873]
        - [-0.02731691, 0.743146, -0.6685713]
        - [-0.2683695, 0.6388152, 0.7210358]
  tf_mat_link4_0_flan4:
    target_pose:
      position: [-0.1158833, -0.400097, 0.2208479]
      orientation:
        - [0.9808128, 0.130466, 0.1448608]
        - [0.1949512, -0.6556061, -0.7295029]
        - [-0.0002037659, 0.7437467, -0.6684614]
step_3:
  tf_mat_link1_0_flan1:
    target_pose:
      position: [-0.2407909, -0.4680498, -0.1981878]
      orientation:
        - [0.9629287, 0.1991207, 0.1819873]
        - [-0.02731691, 0.743146, -0.6685713]
        - [-0.2683695, 0.6388152, 0.7210358]
  tf_mat_link4_0_flan4:
    target_pose:
      position: [-0.1158833, -0.400097, 0.2208479]
      orientation:
        - [0.9808128, 0.130466, 0.1448608]
        - [0.1949512, -0.6556061, -0.7295029]
        - [-0.0002037659, 0.7437467, -0.6684614]
step_4:
  tf_mat_link1_0_flan1:
    target_pose:
      position: [-0.2407909, -0.4680498, -0.1981878]
      orientation:
        - [0.9629287, 0.1991207, 0.1819873]
        - [-0.02731691, 0.743146, -0.6685713]
        - [-0.2683695, 0.6388152, 0.7210358]
  tf_mat_link4_0_flan4:
    target_pose:
      position: [-0.1158833, -0.400097, 0.2208479]
      orientation:
        - [0.9808128, 0.130466, 0.1448608]
        - [0.1949512, -0.6556061, -0.7295029]
        - [-0.0002037659, 0.7437467, -0.6684614]
step_5:
  tf_mat_link1_0_flan1:
    target_pose:
      position: [-0.2407909, -0.4680498, -0.1981878]
      orientation:
        - [0.9629287, 0.1991207, 0.1819873]
        - [-0.02731691, 0.743146, -0.6685713]
        - [-0.2683695, 0.6388152, 0.7210358]
  tf_mat_link4_0_flan4:
    target_pose:
      position: [-0.1158833, -0.400097, 0.2208479]
      orientation:
        - [0.9808128, 0.130466, 0.1448608]
        - [0.1949512, -0.6556061, -0.7295029]
        - [-0.0002037659, 0.7437467, -0.6684614]
step_6:
  tf_mat_link1_0_flan1:
    target_pose:
      position: [-0.2407909, -0.4680498, -0.1981878]
      orientation:
        - [0.9629287, 0.1991207, 0.1819873]
        - [-0.02731691, 0.743146, -0.6685713]
        - [-0.2683695, 0.6388152, 0.7210358]
  tf_mat_link4_0_flan4:
    target_pose:
      position: [-0.1158833, -0.400097, 0.2208479]
      orientation:
        - [0.9808128, 0.130466, 0.1448608]
        - [0.1949512, -0.6556061, -0.7295029]
        - [-0.0002037659, 0.7437467, -0.6684614]
step_7:
  tf_mat_link1_0_flan1:
    target_pose:
      position: [-0.2407909, -0.4680498, -0.1981878]
      orientation:
        - [0.9629287, 0.1991207, 0.1819873]
        - [-0.02731691, 0.743146, -0.6685713]
        - [-0.2683695, 0.6388152, 0.7210358]
  tf_mat_link4_0_flan4:
    target_pose:
      position: [-0.1158833, -0.400097, 0.2208479]
      orientation:
        - [0.9808128, 0.130466, 0.1448608]
        - [0.1949512, -0.6556061, -0.7295029]
        - [-0.0002037659, 0.7437467, -0.6684614]
step_8:
  tf_mat_link1_0_flan1:
    target_pose:
      position: [-0.2407909, -0.4680498, -0.1981878]
      orientation:
        - [0.9629287, 0.1991207, 0.1819873]
        - [-0.02731691, 0.743146, -0.6685713]
        - [-0.2683695, 0.6388152, 0.7210358]
  tf_mat_link4_0_flan4:
    target_pose:
      position: [-0.1158833, -0.400097, 0.2208479]
      orientation:
        - [0.9808128, 0.130466, 0.1448608]
        - [0.1949512, -0.6556061, -0.7295029]
        - [-0.0002037659, 0.7437467, -0.6684614]
step_9:
  tf_mat_link1_0_flan1:
    target_pose:
      position: [-0.2407909, -0.4680498, -0.1981878]
      orientation:
        - [0.9629287, 0.1991207, 0.1819873]
        - [-0.02731691, 0.743146, -0.6685713]
        - [-0.2683695, 0.6388152, 0.7210358]
  tf_mat_link4_0_flan4:
    target_pose:
      position: [-0.1158833, -0.400097, 0.2208479]
      orientation:
        - [0.9808128, 0.130466, 0.1448608]
        - [0.1949512, -0.6556061, -0.7295029]
        - [-0.0002037659, 0.7437467, -0.6684614]
step_10:
  tf_mat_link1_0_flan1:
    target_pose:
      position: [-0.2407909, -0.4680498, -0.1981878]
      orientation:
        - [0.9629287, 0.1991207, 0.1819873]
        - [-0.02731691, 0.743146, -0.6685713]
        - [-0.2683695, 0.6388152, 0.7210358]
  tf_mat_link4_0_flan4:
    target_pose:
      position: [-0.1158833, -0.400097, 0.2208479]
      orientation:
        - [0.9808128, 0.130466, 0.1448608]
        - [0.1949512, -0.6556061, -0.7295029]
        - [-0.0002037659, 0.7437467, -0.6684614]
step_11:
  tf_mat_link1_0_flan1:
    target_pose:
      position: [-0.2407909, -0.4680498, -0.1981878]
      orientation:
        - [0.9629287, 0.1991207, 0.1819873]
        - [-0.02731691, 0.743146, -0.6685713]
        - [-0.2683695, 0.6388152, 0.7210358]
  tf_mat_link4_0_flan4:
    target_pose:
      position: [-0.1158833, -0.400097, 0.2208479]
      orientation:
        - [0.9808128, 0.130466, 0.1448608]
        - [0.1949512, -0.6556061, -0.7295029]
        - [-0.0002037659, 0.7437467, -0.6684614]
step_12:
  tf_mat_link1_0_flan1:
    target_pose:
      position: [-0.2407909, -0.4680498, -0.1981878]
      orientation:
        - [0.9629287, 0.1991207, 0.1819873]
        - [-0.02731691, 0.743146, -0.6685713]
        - [-0.2683695, 0.6388152, 0.7210358]
  tf_mat_link4_0_flan4:
    target_pose:
      position: [-0.1158833, -0.400097, 0.2208479]
      orientation:
        - [0.9808128, 0.130466, 0.1448608]
        - [0.1949512, -0.6556061, -0.7295029]
        - [-0.0002037659, 0.7437467, -0.6684614]
step_13:
  tf_mat_link1_0_flan1:
    target_pose:
      position: [-0.2407909, -0.4680498, -0.1981878]
      orientation:
        - [0.9629287, 0.1991207, 0.1819873]
        - [-0.02731691, 0.743146, -0.6685713]
        - [-0.2683695, 0.6388152, 0.7210358]
  tf_mat_link4_0_flan4:
    target_pose:
      position: [-0.1158833, -0.400097, 0.2208479]
      orientation:
        - [0.9808128, 0.130466, 0.1448608]
        - [0.1949512, -0.6556061, -0.7295029]
        - [-0.0002037659, 0.7437467, -0.6684614]
step_14:
  tf_mat_link1_0_flan1:
    target_pose:
      position: [-0.2407909, -0.4680498, -0.1981878]
      orientation:
        - [0.9629287, 0.1991207, 0.1819873]
        - [-0.02731691, 0.743146, -0.6685713]
        - [-0.2683695, 0.6388152, 0.7210358]
  tf_mat_link4_0_flan4:
    target_pose:
      position: [-0.1158833, -0.400097, 0.2208479]
      orientation:
        - [0.9808128, 0.130466, 0.1448608]
        - [0.1949512, -0.6556061, -0.7295029]
        - [-0.0002037659, 0.7437467, -0.6684614]
step_15:
  tf_mat_link1_0_flan1:
    target_pose:
      position: [-0.2407909, -0.4680498, -0.1981878]
      orientation:
        - [0.9629287, 0.1991207, 0.1819873]
        - [-0.02731691, 0.743146, -0.6685713]
        - [-0.2683695, 0.6388152, 0.7210358]
  tf_mat_link4_0_flan4:
    target_pose:
      position: [-0.1158833, -0.400097, 0.2208479]
      orientation:
        - [0.9808128, 0.130466, 0.1448608]
        - [0.1949512, -0.6556061, -0.7295029]
        - [-0.0002037659, 0.7437467, -0.6684614]
step_16:
  tf_mat_link1_0_flan1:
    target_pose:
      position: [-0.2407909, -0.4680498, -0.1981878]
      orientation:
        - [0.9629287, 0.1991207, 0.1819873]
        - [-0.02731691, 0.743146, -0.6685713]
        - [-0.2683695, 0.6388152, 0.7210358]
  tf_mat_link4_0_flan4:
    target_pose:
      position: [-0.1158833, -0.400097, 0.2208479]
      orientation:
        - [0.9808128, 0.130466, 0.1448608]
        - [0.1949512, -0.6556061, -0.7295029]
        - [-0.0002037659, 0.7437467, -0.6684614]
step_17:
  tf_mat_link1_0_flan1:
    target_pose:
      position: [-0.2407909, -0.4680498, -0.1981878]
      orientation:
        - [0.9629287, 0.1991207, 0.1819873]
        - [-0.02731691, 0.743146, -0.6685713]
        - [-0.2683695, 0.6388152, 0.7210358]
  tf_mat_link4_0_flan4:
    target_pose:
      position: [-0.1158833, -0.400097, 0.2208479]
      orientation:
        - [0.9808128, 0.130466, 0.1448608]
        - [0.1949512, -0.6556061, -0.7295029]
        - [-0.0002037659, 0.7437467, -0.6684614]
step_18:
  tf_mat_link1_0_flan1:
    target_pose:
      position: [-0.2407909, -0.4680498, -0.1981878]
      orientation:
        - [0.9629287, 0.1991207, 0.1819873]
        - [-0.02731691, 0.743146, -0.6685713]
        - [-0.2683695, 0.6388152, 0.7210358]
  tf_mat_link4_0_flan4:
    target_pose:
      position: [-0.1158833, -0.400097, 0.2208479]
      orientation:
        - [0.9808128, 0.130466, 0.1448608]
        - [0.1949512, -0.6556061, -0.7295029]
        - [-0.0002037659, 0.7437467, -0.6684614]
step_19:
  tf_mat_link1_0_flan1:
    target_pose:
      position: [-0.2407909, -0.4680498, -0.1981878]
      orientation:
        - [0.9629287, 0.1991207, 0.1819873]
        - [-0.02731691, 0.743146, -0.6685713]
        - [-0.2683695, 0.6388152, 0.7210358]
  tf_mat_link4_0_flan4:
    target_pose:
      position: [-0.1158833, -0.400097, 0.2208479]
      orientation:
        - [0.9808128, 0.130466, 0.1448608]
        - [0.1949512, -0.6556061, -0.7295029]
        - [-0.0002037659, 0.7437467, -0.6684614]
step_20:
  tf_mat_link1_0_flan1:
    target_pose:
      position: [-0.2407909, -0.4680498, -0.1981878]
      orientation:
        - [0.9629287, 0.1991207, 0.1819873]
        - [-0.02731691, 0.743146, -0.6685713]
        - [-0.2683695, 0.6388152, 0.7210358]
  tf_mat_link4_0_flan4:
    target_pose:
      position: [-0.1158833, -0.400097, 0.2208479]
      orientation:
        - [0.9808128, 0.130466, 0.1448608]
        - [0.1949512, -0.6556061, -0.7295029]
        - [-0.0002037659, 0.7437467, -0.6684614]
step_21:
  tf_mat_link1_0_flan1:
    target_pose:
      position: [-0.2407909, -0.4680498, -0.1981878]
      orientation:
        - [0.9629287, 0.1991207, 0.1819873]
        - [-0.02731691, 0.743146, -0.6685713]
        - [-0.2683695, 0.6388152, 0.7210358]
  tf_mat_link4_0_flan4:
    target_pose:
      position: [-0.1158833, -0.400097, 0.2208479]
      orientation:
        - [0.9808128, 0.130466, 0.1448608]
        - [0.1949512, -0.6556061, -0.7295029]
        - [-0.0002037659, 0.7437467, -0.6684614]
step_22:
  tf_mat_link1_0_flan1:
    target_pose:
      position: [-0.2407909, -0.4680498, -0.1981878]
      orientation:
        - [0.9629287, 0.1991207, 0.1819873]
        - [-0.02731691, 0.743146, -0.6685713]
        - [-0.2683695, 0.6388152, 0.7210358]
  tf_mat_link4_0_flan4:
    target_pose:
      position: [-0.1158833, -0.400097, 0.2208479]
      orientation:
        - [0.9808128, 0.130466, 0.1448608]
        - [0.1949512, -0.6556061, -0.7295029]
        - [-0.0002037659, 0.7437467, -0.6684614]
step_23:
  tf_mat_link1_0_flan1:
    target_pose:
      position: [-0.2407909, -0.4680498, -0.1981878]
      orientation:
        - [0.9629287, 0.1991207, 0.1819873]
        - [-0.02731691, 0.743146, -0.6685713]
        - [-0.2683695, 0.6388152, 0.7210358]
  tf_mat_link4_0_flan4:
    target_pose:
      position: [-0.1158833, -0.400097, 0.2208479]
      orientation:
        - [0.9808128, 0.130466, 0.1448608]
        - [0.1949512, -0.6556061, -0.7295029]
        - [-0.0002037659, 0.7437467, -0.6684614]
step_24:
  tf_mat_link1_0_flan1:
    target_pose:
      position: [-0.2407909, -0.4680498, -0.1981878]
      orientation:
        - [0.9629287, 0.1991207, 0.1819873]
        - [-0.02731691, 0.743146, -0.6685713]
        - [-0.2683695, 0.6388152, 0.7210358]
  tf_mat_link4_0_flan4:
    target_pose:
      position: [-0.1158833, -0.400097, 0.2208479]
      orientation:
        - [0.9808128, 0.130466, 0.1448608]
        - [0.1949512, -0.6556061, -0.7295029]
        - [-0.0002037659, 0.7437467, -0.6684614]
step_25:
  tf_mat_link1_0_flan1:
    target_pose:
      position: [-0.2407909, -0.4680498, -0.1981878]
      orientation:
        - [0.9629287, 0.1991207, 0.1819873]
        - [-0.02731691, 0.743146, -0.6685713]
        - [-0.2683695, 0.6388152, 0.7210358]
  tf_mat_link4_0_flan4:
    target_pose:
      position: [-0.1158833, -0.400097, 0.2208479]
      orientation:
        - [0.9808128, 0.130466, 0.1448608]
        - [0.1949512, -0.6556061, -0.7295029]
        - [-0.0002037659, 0.7437467, -0.6684614]
step_26:
  tf_mat_link1_0_flan1:
    target_pose:
      position: [-0.2407909, -0.4680498, -0.1981878]
      orientation:
        - [0.9629287, 0.1991207, 0.1819873]
        - [-0.02731691, 0.743146, -0.6685713]
        - [-0.2683695, 0.6388152, 0.7210358]
  tf_mat_link4_0_flan4:
    target_pose:
      position: [-0.1158833, -0.400097, 0.2208479]
      orientation:
        - [0.9808128, 0.130466, 0.1448608]
        - [0.1949512, -0.6556061, -0.7295029]
        - [-0.0002037659, 0.7437467, -0.6684614]
step_27:
  tf_mat_link1_0_flan1:
    target_pose:
      position: [-0.2407909, -0.4680498, -0.1981878]
      orientation:
        - [0.9629287, 0.1991207, 0.1819873]
        - [-0.02731691, 0.743146, -0.6685713]
        - [-0.2683695, 0.6388152, 0.7210358]
  tf_mat_link4_0_flan4:
    target_pose:
      position: [-0.1158833, -0.400097, 0.2208479]
      orientation:
        - [0.9808128, 0.130466, 0.1448608]
        - [0.1949512, -0.6556061, -0.7295029]
        - [-0.0002037659, 0.7437467, -0.6684614]
step_28:
  tf_mat_link1_0_flan1:
    target_pose:
      position: [-0.2407909, -0.4680498, -0.1981878]
      orientation:
        - [0.9629287, 0.1991207, 0.1819873]
        - [-0.02731691, 0.743146, -0.6685713]
        - [-0.2683695, 0.6388152, 0.7210358]
  tf_mat_link4_0_flan4:
    target_pose:
      position: [-0.1158833, -0.400097, 0.2208479]
      orientation:
        - [0.9808128, 0.130466, 0.1448608]
        - [0.1949512, -0.6556061, -0.7295029]
        - [-0.0002037659, 0.7437467, -0.6684614]
step_29:
  tf_mat_link1_0_flan1:
    target_pose:
      position: [-0.2407909, -0.4680498, -0.1981878]
      orientation:
        - [0.9629287, 0.1991207, 0.1819873]
        - [-0.02731691, 0.743146, -0.6685713]
        - [-0.2683695, 0.6388152, 0.7210358]
  tf_mat_link4_0_flan4:
    target_pose:
      position: [-0.1158833, -0.400097, 0.2208479]
      orientation:
        - [0.9808128, 0.130466, 0.1448608]
        - [0.1949512, -0.6556061, -0.7295029]
        - [-0.0002037659, 0.7437467, -0.6684614]
step_30:
  tf_mat_link1_0_flan1:
    target_pose:
      position: [-0.2407909, -0.4680498, -0.1981878]
      orientation:
        - [0.9629287, 0.1991207, 0.1819873]
        - [-0.02731691, 0.743146, -0.6685713]
        - [-0.2683695, 0.6388152, 0.7210358]
  tf_mat_link4_0_flan4:
    target_pose:
      position: [-0.1158833, -0.400097, 0.2208479]
      orientation:
        - [0.9808128, 0.130466, 0.1448608]
        - [0.1949512, -0.6556061, -0.7295029]
        - [-0.0002037659, 0.7437467, -0.6684614]
step_31:
  tf_mat_link1_0_flan1:
    target_pose:
      position: [-0.2407909, -0.4680498, -0.1981878]
      orientation:
        - [0.9629287, 0.1991207, 0.1819873]
        - [-0.02731691, 0.743146, -0.6685713]
        - [-0.2683695, 0.6388152, 0.7210358]
  tf_mat_link4_0_flan4:
    target_pose:
      position: [-0.1158833, -0.400097, 0.2208479]
      orientation:
        - [0.9808128, 0.130466, 0.1448608]
        - [0.1949512, -0.6556061, -0.7295029]
        - [-0.0002037659, 0.7437467, -0.6684614]
step_32:
  tf_mat_link1_0_flan1:
    target_pose:
      position: [-0.2407909, -0.4680498, -0.1981878]
      orientation:
        - [0.9629287, 0.1991207, 0.1819873]
        - [-0.02731691, 0.743146, -0.6685713]
        - [-0.2683695, 0.6388152, 0.7210358]
  tf_mat_link4_0_flan4:
    target_pose:
      position: [-0.1158833, -0.400097, 0.2208479]
      orientation:
        - [0.9808128, 0.130466, 0.1448608]
        - [0.1949512, -0.6556061, -0.7295029]
        - [-0.0002037659, 0.7437467, -0.6684614]
step_33:
  tf_mat_link1_0_flan1:
    target_pose:
      position: [-0.2407909, -0.4680498, -0.1981878]
      orientation:
        - [0.9629287, 0.1991207, 0.1819873]
        - [-0.02731691, 0.743146, -0.6685713]
        - [-0.2683695, 0.6388152, 0.7210358]
  tf_mat_link4_0_flan4:
    target_pose:
      position: [-0.1158833, -0.400097, 0.2208479]
      orientation:
        - [0.9808128, 0.130466, 0.1448608]
        - [0.1949512, -0.6556061, -0.7295029]
        - [-0.0002037659, 0.7437467, -0.6684614]
step_34:
  tf_mat_link1_0_flan1:
    target_pose:
      position: [-0.2407909, -0.4680498, -0.1981878]
      orientation:
        - [0.9629287, 0.1991207, 0.1819873]
        - [-0.02731691, 0.743146, -0.6685713]
        - [-0.2683695, 0.6388152, 0.7210358]
  tf_mat_link4_0_flan4:
    target_pose:
      position: [-0.1158833, -0.400097, 0.2208479]
      orientation:
        - [0.9808128, 0.130466, 0.1448608]
        - [0.1949512, -0.6556061, -0.7295029]
        - [-0.0002037659, 0.7437467, -0.6684614]
step_35:
  tf_mat_link1_0_flan1:
    target_pose:
      position: [-0.2407909, -0.4680498, -0.1981878]
      orientation:
        - [0.9629287, 0.1991207, 0.1819873]
        - [-0.02731691, 0.743146, -0.6685713]
        - [-0.2683695, 0.6388152, 0.7210358]
  tf_mat_link4_0_flan4:
    target_pose:
      position: [-0.1158833, -0.400097, 0.2208479]
      orientation:
        - [0.9808128, 0.130466, 0.1448608]
        - [0.1949512, -0.6556061, -0.7295029]
        - [-0.0002037659, 0.7437467, -0.6684614]
step_36:
  tf_mat_link1_0_flan1:
    target_pose:
      position: [-0.2407909, -0.4680498, -0.1981878]
      orientation:
        - [0.9629287, 0.1991207, 0.1819873]
        - [-0.02731691, 0.743146, -0.6685713]
        - [-0.2683695, 0.6388152, 0.7210358]
  tf_mat_link4_0_flan4:
    target_pose:
      position: [-0.1158833, -0.400097, 0.2208479]
      orientation:
        - [0.9808128, 0.130466, 0.1448608]
        - [0.1949512, -0.6556061, -0.7295029]
        - [-0.0002037659, 0.7437467, -0.6684614]
step_37:
  tf_mat_link1_0_flan1:
    target_pose:
      position: [-0.2407909, -0.4680498, -0.1981878]
      orientation:
        - [0.9629287, 0.1991207, 0.1819873]
        - [-0.02731691, 0.743146, -0.6685713]
        - [-0.2683695, 0.6388152, 0.7210358]
  tf_mat_link4_0_flan4:
    target_pose:
      position: [-0.1158833, -0.400097, 0.2208479]
      orientation:
        - [0.9808128, 0.130466, 0.1448608]
        - [0.1949512, -0.6556061, -0.7295029]
        - [-0.0002037659, 0.7437467, -0.6684614]
step_38:
  tf_mat_link1_0_flan1:
    target_pose:
      position: [-0.2407909, -0.4680498, -0.1981878]
      orientation:
        - [0.9629287, 0.1991207, 0.1819873]
        - [-0.02731691, 0.743146, -0.6685713]
        - [-0.2683695, 0.6388152, 0.7210358]
  tf_mat_link4_0_flan4:
    target_pose:
      position: [-0.1158833, -0.400097, 0.2208479]
      orientation:
        - [0.9808128, 0.130466, 0.1448608]
        - [0.1949512, -0.6556061, -0.7295029]
        - [-0.0002037659, 0.7437467, -0.6684614]
step_39:
  tf_mat_link1_0_flan1:
    target_pose:
      position: [-0.2407909, -0.4680498, -0.1981878]
      orientation:
        - [0.9629287, 0.1991207, 0.1819873]
        - [-0.02731691, 0.743146, -0.6685713]
        - [-0.2683695, 0.6388152, 0.7210358]
  tf_mat_link4_0_flan4:
    target_pose:
      position: [-0.1158833, -0.400097, 0.2208479]
      orientation:
        - [0.9808128, 0.130466, 0.1448608]
        - [0.1949512, -0.6556061, -0.7295029]
        - [-0.0002037659, 0.7437467, -0.6684614]
step_40:
  tf_mat_link1_0_flan1:
    target_pose:
      position: [-0.2407909, -0.4680498, -0.1981878]
      orientation:
        - [0.9629287, 0.1991207, 0.1819873]
        - [-0.02731691, 0.743146, -0.6685713]
        - [-0.2683695, 0.6388152, 0.7210358]
  tf_mat_link4_0_flan4:
    target_pose:
      position: [-0.1158833, -0.400097, 0.2208479]
      orientation:
        - [0.9808128, 0.130466, 0.1448608]
        - [0.1949512, -0.6556061, -0.7295029]
        - [-0.0002037659, 0.7437467, -0.6684614]
step_41:
  tf_mat_link1_0_flan1:
    target_pose:
      position: [-0.2407909, -0.4680498, -0.1981878]
      orientation:
        - [0.9629287, 0.1991207, 0.1819873]
        - [-0.02731691, 0.743146, -0.6685713]
        - [-0.2683695, 0.6388152, 0.7210358]
  tf_mat_link4_0_flan4:
    target_pose:
      position: [-0.1158833, -0.400097, 0.2208479]
      orientation:
        - [0.9808128, 0.130466, 0.1448608]
        - [0.1949512, -0.6556061, -0.7295029]
        - [-0.0002037659, 0.7437467, -0.6684614]
step_42:
  tf_mat_link1_0_flan1:
    target_pose:
      position: [-0.2407909, -0.4680498, -0.1981878]
      orientation:
        - [0.9629287, 0.1991207, 0.1819873]
        - [-0.02731691, 0.743146, -0.6685713]
        - [-0.2683695, 0.6388152, 0.7210358]
  tf_mat_link4_0_flan4:
    target_pose:
      position: [-0.1158833, -0.400097, 0.2208479]
      orientation:
        - [0.9808128, 0.130466, 0.1448608]
        - [0.1949512, -0.6556061, -0.7295029]
        - [-0.0002037659, 0.7437467, -0.6684614]
step_43:
  tf_mat_link1_0_flan1:
    target_pose:
      position: [-0.2407909, -0.4680498, -0.1981878]
      orientation:
        - [0.9629287, 0.1991207, 0.1819873]
        - [-0.02731691, 0.743146, -0.6685713]
        - [-0.2683695, 0.6388152, 0.7210358]
  tf_mat_link4_0_flan4:
    target_pose:
      position: [-0.1158833, -0.400097, 0.2208479]
      orientation:
        - [0.9808128, 0.130466, 0.1448608]
        - [0.1949512, -0.6556061, -0.7295029]
        - [-0.0002037659, 0.7437467, -0.6684614]
step_44:
  tf_mat_link1_0_flan1:
    target_pose:
      position: [-0.2407909, -0.4680498, -0.1981878]
      orientation:
        - [0.9629287, 0.1991207, 0.1819873]
        - [-0.02731691, 0.743146, -0.6685713]
        - [-0.2683695, 0.6388152, 0.7210358]
  tf_mat_link4_0_flan4:
    target_pose:
      position: [-0.1158833, -0.400097, 0.2208479]
      orientation:
        - [0.9808128, 0.130466, 0.1448608]
        - [0.1949512, -0.6556061, -0.7295029]
        - [-0.0002037659, 0.7437467, -0.6684614]
step_45:
  tf_mat_link1_0_flan1:
    target_pose:
      position: [-0.2407909, -0.4680498, -0.1981878]
      orientation:
        - [0.9629287, 0.1991207, 0.1819873]
        - [-0.02731691, 0.743146, -0.6685713]
        - [-0.2683695, 0.6388152, 0.7210358]
  tf_mat_link4_0_flan4:
    target_pose:
      position: [-0.1158833, -0.400097, 0.2208479]
      orientation:
        - [0.9808128, 0.130466, 0.1448608]
        - [0.1949512, -0.6556061, -0.7295029]
        - [-0.0002037659, 0.7437467, -0.6684614]
step_46:
  tf_mat_link1_0_flan1:
    target_pose:
      position: [-0.2407909, -0.4680498, -0.1981878]
      orientation:
        - [0.9629287, 0.1991207, 0.1819873]
        - [-0.02731691, 0.743146, -0.6685713]
        - [-0.2683695, 0.6388152, 0.7210358]
  tf_mat_link4_0_flan4:
    target_pose:
      position: [-0.1158833, -0.400097, 0.2208479]
      orientation:
        - [0.9808128, 0.130466, 0.1448608]
        - [0.1949512, -0.6556061, -0.7295029]
        - [-0.0002037659, 0.7437467, -0.6684614]
step_47:
  tf_mat_link1_0_flan1:
    target_pose:
      position: [-0.2407909, -0.4680498, -0.1981878]
      orientation:
        - [0.9629287, 0.1991207, 0.1819873]
        - [-0.02731691, 0.743146, -0.6685713]
        - [-0.2683695, 0.6388152, 0.7210358]
  tf_mat_link4_0_flan4:
    target_pose:
      position: [-0.1158833, -0.400097, 0.2208479]
      orientation:
        - [0.9808128, 0.130466, 0.1448608]
        - [0.1949512, -0.6556061, -0.7295029]
        - [-0.0002037659, 0.7437467, -0.6684614]
step_48:
  tf_mat_link1_0_flan1:
    target_pose:
      position: [-0.2407909, -0.4680498, -0.1981878]
      orientation:
        - [0.9629287, 0.1991207, 0.1819873]
        - [-0.02731691, 0.743146, -0.6685713]
        - [-0.2683695, 0.6388152, 0.7210358]
  tf_mat_link4_0_flan4:
    target_pose:
      position: [-0.1158833, -0.400097, 0.2208479]
      orientation:
        - [0.9808128, 0.130466, 0.1448608]
        - [0.1949512, -0.6556061, -0.7295029]
        - [-0.0002037659, 0.7437467, -0.6684614]
step_49:
  tf_mat_link1_0_flan1:
    target_pose:
      position: [-0.2407909, -0.4680498, -0.1981878]
      orientation:
        - [0.9629287, 0.1991207, 0.1819873]
        - [-0.02731691, 0.743146, -0.6685713]
        - [-0.2683695, 0.6388152, 0.7210358]
  tf_mat_link4_0_flan4:
    target_pose:
      position: [-0.1158833, -0.400097, 0.2208479]
      orientation:
        - [0.9808128, 0.130466, 0.1448608]
        - [0.1949512, -0.6556061, -0.7295029]
        - [-0.0002037659, 0.7437467, -0.6684614]
step_50:
  tf_mat_link1_0_flan1:
    target_pose:
      position: [-0.2407909, -0.4680498, -0.1981878]
      orientation:
        - [0.9629287, 0.1991207, 0.1819873]
        - [-0.02731691, 0.743146, -0.6685713]
        - [-0.2683695, 0.6388152, 0.7210358]
  tf_mat_link4_0_flan4:
    target_pose:
      position: [-0.1158833, -0.400097, 0.2208479]
      orientation:
        - [0.9808128, 0.130466, 0.1448608]
        - [0.1949512, -0.6556061, -0.7295029]
        - [-0.0002037659, 0.7437467, -0.6684614]
step_51:
  tf_mat_link1_0_flan1:
    target_pose:
      position: [-0.2407909, -0.4680498, -0.1981878]
      orientation:
        - [0.9629287, 0.1991207, 0.1819873]
        - [-0.02731691, 0.743146, -0.6685713]
        - [-0.2683695, 0.6388152, 0.7210358]
  tf_mat_link4_0_flan4:
    target_pose:
      position: [-0.1158833, -0.400097, 0.2208479]
      orientation:
        - [0.9808128, 0.130466, 0.1448608]
        - [0.1949512, -0.6556061, -0.7295029]
        - [-0.0002037659, 0.7437467, -0.6684614]
step_52:
  tf_mat_link1_0_flan1:
    target_pose:
      position: [-0.2407909, -0.4680498, -0.1981878]
      orientation:
        - [0.9629287, 0.1991207, 0.1819873]
        - [-0.02731691, 0.743146, -0.6685713]
        - [-0.2683695, 0.6388152, 0.7210358]
  tf_mat_link4_0_flan4:
    target_pose:
      position: [-0.1158833, -0.400097, 0.2208479]
      orientation:
        - [0.9808128, 0.130466, 0.1448608]
        - [0.1949512, -0.6556061, -0.7295029]
        - [-0.0002037659, 0.7437467, -0.6684614]
step_53:
  tf_mat_link1_0_flan1:
    target_pose:
      position: [-0.2407909, -0.4680498, -0.1981878]
      orientation:
        - [0.9629287, 0.1991207, 0.1819873]
        - [-0.02731691, 0.743146, -0.6685713]
        - [-0.2683695, 0.6388152, 0.7210358]
  tf_mat_link4_0_flan4:
    target_pose:
      position: [-0.1158833, -0.400097, 0.2208479]
      orientation:
        - [0.9808128, 0.130466, 0.1448608]
        - [0.1949512, -0.6556061, -0.7295029]
        - [-0.0002037659, 0.7437467, -0.6684614]
step_54:
  tf_mat_link1_0_flan1:
    target_pose:
      position: [-0.2407909, -0.4680498, -0.1981878]
      orientation:
        - [0.9629287, 0.1991207, 0.1819873]
        - [-0.02731691, 0.743146, -0.6685713]
        - [-0.2683695, 0.6388152, 0.7210358]
  tf_mat_link4_0_flan4:
    target_pose:
      position: [-0.1158833, -0.400097, 0.2208479]
      orientation:
        - [0.9808128, 0.130466, 0.1448608]
        - [0.1949512, -0.6556061, -0.7295029]
        - [-0.0002037659, 0.7437467, -0.6684614]
step_55:
  tf_mat_link1_0_flan1:
    target_pose:
      position: [-0.2407909, -0.4680498, -0.1981878]
      orientation:
        - [0.9629287, 0.1991207, 0.1819873]
        - [-0.02731691, 0.743146, -0.6685713]
        - [-0.2683695, 0.6388152, 0.7210358]
  tf_mat_link4_0_flan4:
    target_pose:
      position: [-0.1158833, -0.400097, 0.2208479]
      orientation:
        - [0.9808128, 0.130466, 0.1448608]
        - [0.1949512, -0.6556061, -0.7295029]
        - [-0.0002037659, 0.7437467, -0.6684614]
step_56:
  tf_mat_link1_0_flan1:
    target_pose:
      position: [-0.2407909, -0.4680498, -0.1981878]
      orientation:
        - [0.9629287, 0.1991207, 0.1819873]
        - [-0.02731691, 0.743146, -0.6685713]
        - [-0.2683695, 0.6388152, 0.7210358]
  tf_mat_link4_0_flan4:
    target_pose:
      position: [-0.1158833, -0.400097, 0.2208479]
      orientation:
        - [0.9808128, 0.130466, 0.1448608]
        - [0.1949512, -0.6556061, -0.7295029]
        - [-0.0002037659, 0.7437467, -0.6684614]
step_57:
  tf_mat_link1_0_flan1:
    target_pose:
      position: [-0.2407909, -0.4680498, -0.1981878]
      orientation:
        - [0.9629287, 0.1991207, 0.1819873]
        - [-0.02731691, 0.743146, -0.6685713]
        - [-0.2683695, 0.6388152, 0.7210358]
  tf_mat_link4_0_flan4:
    target_pose:
      position: [-0.1158833, -0.400097, 0.2208479]
      orientation:
        - [0.9808128, 0.130466, 0.1448608]
        - [0.1949512, -0.6556061, -0.7295029]
        - [-0.0002037659, 0.7437467, -0.6684614]
step_58:
  tf_mat_link1_0_flan1:
    target_pose:
      position: [-0.2407909, -0.4680498, -0.1981878]
      orientation:
        - [0.9629287, 0.1991207, 0.1819873]
        - [-0.02731691, 0.743146, -0.6685713]
        - [-0.2683695, 0.6388152, 0.7210358]
  tf_mat_link4_0_flan4:
    target_pose:
      position: [-0.1158833, -0.400097, 0.2208479]
      orientation:
        - [0.9808128, 0.130466, 0.1448608]
        - [0.1949512, -0.6556061, -0.7295029]
        - [-0.0002037659, 0.7437467, -0.6684614]
step_59:
  tf_mat_link1_0_flan1:
    target_pose:
      position: [-0.2407909, -0.4680498, -0.1981878]
      orientation:
        - [0.9629287, 0.1991207, 0.1819873]
        - [-0.02731691, 0.743146, -0.6685713]
        - [-0.2683695, 0.6388152, 0.7210358]
  tf_mat_link4_0_flan4:
    target_pose:
      position: [-0.1158833, -0.400097, 0.2208479]
      orientation:
        - [0.9808128, 0.130466, 0.1448608]
        - [0.1949512, -0.6556061, -0.7295029]
        - [-0.0002037659, 0.7437467, -0.6684614]
step_60:
  tf_mat_link1_0_flan1:
    target_pose:
      position: [-0.2407909, -0.4680498, -0.1981878]
      orientation:
        - [0.9629287, 0.1991207, 0.1819873]
        - [-0.02731691, 0.743146, -0.6685713]
        - [-0.2683695, 0.6388152, 0.7210358]
  tf_mat_link4_0_flan4:
    target_pose:
      position: [-0.1158833, -0.400097, 0.2208479]
      orientation:
        - [0.9808128, 0.130466, 0.1448608]
        - [0.1949512, -0.6556061, -0.7295029]
        - [-0.0002037659, 0.7437467, -0.6684614]
step_61:
  tf_mat_link1_0_flan1:
    target_pose:
      position: [-0.2407909, -0.4680498, -0.1981878]
      orientation:
        - [0.9629287, 0.1991207, 0.1819873]
        - [-0.02731691, 0.743146, -0.6685713]
        - [-0.2683695, 0.6388152, 0.7210358]
  tf_mat_link4_0_flan4:
    target_pose:
      position: [-0.1158833, -0.400097, 0.2208479]
      orientation:
        - [0.9808128, 0.130466, 0.1448608]
        - [0.1949512, -0.6556061, -0.7295029]
        - [-0.0002037659, 0.7437467, -0.6684614]
step_62:
  tf_mat_link1_0_flan1:
    target_pose:
      position: [-0.2407909, -0.4680498, -0.1981878]
      orientation:
        - [0.9629287, 0.1991207, 0.1819873]
        - [-0.02731691, 0.743146, -0.6685713]
        - [-0.2683695, 0.6388152, 0.7210358]
  tf_mat_link4_0_flan4:
    target_pose:
      position: [-0.1158833, -0.400097, 0.2208479]
      orientation:
        - [0.9808128, 0.130466, 0.1448608]
        - [0.1949512, -0.6556061, -0.7295029]
        - [-0.0002037659, 0.7437467, -0.6684614]
step_63:
  tf_mat_link1_0_flan1:
    target_pose:
      position: [-0.2407909, -0.4680498, -0.1981878]
      orientation:
        - [0.9629287, 0.1991207, 0.1819873]
        - [-0.02731691, 0.743146, -0.6685713]
        - [-0.2683695, 0.6388152, 0.7210358]
  tf_mat_link4_0_flan4:
    target_pose:
      position: [-0.1158833, -0.400097, 0.2208479]
      orientation:
        - [0.9808128, 0.130466, 0.1448608]
        - [0.1949512, -0.6556061, -0.7295029]
        - [-0.0002037659, 0.7437467, -0.6684614]
step_64:
  tf_mat_link1_0_flan1:
    target_pose:
      position: [-0.2407909, -0.4680498, -0.1981878]
      orientation:
        - [0.9629287, 0.1991207, 0.1819873]
        - [-0.02731691, 0.743146, -0.6685713]
        - [-0.2683695, 0.6388152, 0.7210358]
  tf_mat_link4_0_flan4:
    target_pose:
      position: [-0.1158833, -0.400097, 0.2208479]
      orientation:
        - [0.9808128, 0.130466, 0.1448608]
        - [0.1949512, -0.6556061, -0.7295029]
        - [-0.0002037659, 0.7437467, -0.6684614]
step_65:
  tf_mat_link1_0_flan1:
    target_pose:
      position: [-0.2407909, -0.4680498, -0.1981878]
      orientation:
        - [0.9629287, 0.1991207, 0.1819873]
        - [-0.02731691, 0.743146, -0.6685713]
        - [-0.2683695, 0.6388152, 0.7210358]
  tf_mat_link4_0_flan4:
    target_pose:
      position: [-0.1158833, -0.400097, 0.2208479]
      orientation:
        - [0.9808128, 0.130466, 0.1448608]
        - [0.1949512, -0.6556061, -0.7295029]
        - [-0.0002037659, 0.7437467, -0.6684614]
step_66:
  tf_mat_link1_0_flan1:
    target_pose:
      position: [-0.2407909, -0.4680498, -0.1981878]
      orientation:
        - [0.9629287, 0.1991207, 0.1819873]
        - [-0.02731691, 0.743146, -0.6685713]
        - [-0.2683695, 0.6388152, 0.7210358]
  tf_mat_link4_0_flan4:
    target_pose:
      position: [-0.1158833, -0.400097, 0.2208479]
      orientation:
        - [0.9808128, 0.130466, 0.1448608]
        - [0.1949512, -0.6556061, -0.7295029]
        - [-0.0002037659, 0.7437467, -0.6684614]
step_67:
  tf_mat_link1_0_flan1:
    target_pose:
      position: [-0.2407909, -0.4680498, -0.1981878]
      orientation:
        - [0.9629287, 0.1991207, 0.1819873]
        - [-0.02731691, 0.743146, -0.6685713]
        - [-0.2683695, 0.6388152, 0.7210358]
  tf_mat_link4_0_flan4:
    target_pose:
      position: [-0.1158833, -0.400097, 0.2208479]
      orientation:
        - [0.9808128, 0.130466, 0.1448608]
        - [0.1949512, -0.6556061, -0.7295029]
        - [-0.0002037659, 0.7437467, -0.6684614]
step_68:
  tf_mat_link1_0_flan1:
    target_pose:
      position: [-0.2407909, -0.4680498, -0.1981878]
      orientation:
        - [0.9629287, 0.1991207, 0.1819873]
        - [-0.02731691, 0.743146, -0.6685713]
        - [-0.2683695, 0.6388152, 0.7210358]
  tf_mat_link4_0_flan4:
    target_pose:
      position: [-0.1158833, -0.400097, 0.2208479]
      orientation:
        - [0.9808128, 0.130466, 0.1448608]
        - [0.1949512, -0.6556061, -0.7295029]
        - [-0.0002037659, 0.7437467, -0.6684614]
step_69:
  tf_mat_link1_0_flan1:
    target_pose:
      position: [-0.2407909, -0.4680498, -0.1981878]
      orientation:
        - [0.9629287, 0.1991207, 0.1819873]
        - [-0.02731691, 0.743146, -0.6685713]
        - [-0.2683695, 0.6388152, 0.7210358]
  tf_mat_link4_0_flan4:
    target_pose:
      position: [-0.1158833, -0.400097, 0.2208479]
      orientation:
        - [0.9808128, 0.130466, 0.1448608]
        - [0.1949512, -0.6556061, -0.7295029]
        - [-0.0002037659, 0.7437467, -0.6684614]
step_70:
  tf_mat_link1_0_flan1:
    target_pose:
      position: [-0.2407909, -0.4680498, -0.1981878]
      orientation:
        - [0.9629287, 0.1991207, 0.1819873]
        - [-0.02731691, 0.743146, -0.6685713]
        - [-0.2683695, 0.6388152, 0.7210358]
  tf_mat_link4_0_flan4:
    target_pose:
      position: [-0.1158833, -0.400097, 0.2208479]
      orientation:
        - [0.9808128, 0.130466, 0.1448608]
        - [0.1949512, -0.6556061, -0.7295029]
        - [-0.0002037659, 0.7437467, -0.6684614]
step_71:
  tf_mat_link1_0_flan1:
    target_pose:
      position: [-0.2407909, -0.4680498, -0.1981878]
      orientation:
        - [0.9629287, 0.1991207, 0.1819873]
        - [-0.02731691, 0.743146, -0.6685713]
        - [-0.2683695, 0.6388152, 0.7210358]
  tf_mat_link4_0_flan4:
    target_pose:
      position: [-0.1158833, -0.400097, 0.2208479]
      orientation:
        - [0.9808128, 0.130466, 0.1448608]
        - [0.1949512, -0.6556061, -0.7295029]
        - [-0.0002037659, 0.7437467, -0.6684614]
step_72:
  tf_mat_link1_0_flan1:
    target_pose:
      position: [-0.2407909, -0.4680498, -0.1981878]
      orientation:
        - [0.9629287, 0.1991207, 0.1819873]
        - [-0.02731691, 0.743146, -0.6685713]
        - [-0.2683695, 0.6388152, 0.7210358]
  tf_mat_link4_0_flan4:
    target_pose:
      position: [-0.1158833, -0.400097, 0.2208479]
      orientation:
        - [0.9808128, 0.130466, 0.1448608]
        - [0.1949512, -0.6556061, -0.7295029]
        - [-0.0002037659, 0.7437467, -0.6684614]
step_73:
  tf_mat_link1_0_flan1:
    target_pose:
      position: [-0.2407909, -0.4680498, -0.1981878]
      orientation:
        - [0.9629287, 0.1991207, 0.1819873]
        - [-0.02731691, 0.743146, -0.6685713]
        - [-0.2683695, 0.6388152, 0.7210358]
  tf_mat_link4_0_flan4:
    target_pose:
      position: [-0.1158833, -0.400097, 0.2208479]
      orientation:
        - [0.9808128, 0.130466, 0.1448608]
        - [0.1949512, -0.6556061, -0.7295029]
        - [-0.0002037659, 0.7437467, -0.6684614]
step_74:
  tf_mat_link1_0_flan1:
    target_pose:
      position: [-0.2407909, -0.4680498, -0.1981878]
      orientation:
        - [0.9629287, 0.1991207, 0.1819873]
        - [-0.02731691, 0.743146, -0.6685713]
        - [-0.2683695, 0.6388152, 0.7210358]
  tf_mat_link4_0_flan4:
    target_pose:
      position: [-0.1158833, -0.400097, 0.2208479]
      orientation:
        - [0.9808128, 0.130466, 0.1448608]
        - [0.1949512, -0.6556061, -0.7295029]
        - [-0.0002037659, 0.7437467, -0.6684614]
step_75:
  tf_mat_link1_0_flan1:
    target_pose:
      position: [-0.2407909, -0.4680498, -0.1981878]
      orientation:
        - [0.9629287, 0.1991207, 0.1819873]
        - [-0.02731691, 0.743146, -0.6685713]
        - [-0.2683695, 0.6388152, 0.7210358]
  tf_mat_link4_0_flan4:
    target_pose:
      position: [-0.1158833, -0.400097, 0.2208479]
      orientation:
        - [0.9808128, 0.130466, 0.1448608]
        - [0.1949512, -0.6556061, -0.7295029]
        - [-0.0002037659, 0.7437467, -0.6684614]
step_76:
  tf_mat_link1_0_flan1:
    target_pose:
      position: [-0.2407909, -0.4680498, -0.1981878]
      orientation:
        - [0.9629287, 0.1991207, 0.1819873]
        - [-0.02731691, 0.743146, -0.6685713]
        - [-0.2683695, 0.6388152, 0.7210358]
  tf_mat_link4_0_flan4:
    target_pose:
      position: [-0.1158833, -0.400097, 0.2208479]
      orientation:
        - [0.9808128, 0.130466, 0.1448608]
        - [0.1949512, -0.6556061, -0.7295029]
        - [-0.0002037659, 0.7437467, -0.6684614]
step_77:
  tf_mat_link1_0_flan1:
    target_pose:
      position: [-0.2407909, -0.4680498, -0.1981878]
      orientation:
        - [0.9629287, 0.1991207, 0.1819873]
        - [-0.02731691, 0.743146, -0.6685713]
        - [-0.2683695, 0.6388152, 0.7210358]
  tf_mat_link4_0_flan4:
    target_pose:
      position: [-0.1158833, -0.400097, 0.2208479]
      orientation:
        - [0.9808128, 0.130466, 0.1448608]
        - [0.1949512, -0.6556061, -0.7295029]
        - [-0.0002037659, 0.7437467, -0.6684614]
step_78:
  tf_mat_link1_0_flan1:
    target_pose:
      position: [-0.2407909, -0.4680498, -0.1981878]
      orientation:
        - [0.9629287, 0.1991207, 0.1819873]
        - [-0.02731691, 0.743146, -0.6685713]
        - [-0.2683695, 0.6388152, 0.7210358]
  tf_mat_link4_0_flan4:
    target_pose:
      position: [-0.1158833, -0.400097, 0.2208479]
      orientation:
        - [0.9808128, 0.130466, 0.1448608]
        - [0.1949512, -0.6556061, -0.7295029]
        - [-0.0002037659, 0.7437467, -0.6684614]
step_79:
  tf_mat_link1_0_flan1:
