step_0:
  tf_mat_link1_0_flan1:
    target_pose:
      position: [-0.2235037, -0.3695033, -0.1113198]
      orientation:
        - [0.9629283, 0.1991208, 0.1819885]
        - [-0.02731624, 0.7431462, -0.6685712]
        - [-0.2683706, 0.638815, 0.7210357]
  tf_mat_link4_0_flan4:
    target_pose:
      position: [-0.09859657, -0.486965, 0.3193947]
      orientation:
        - [0.9808125, 0.1304661, 0.144862]
        - [0.1949522, -0.6556059, -0.7295027]
        - [-0.0002030581, 0.7437469, -0.6684612]
step_1:
  tf_mat_link1_0_flan1:
    target_pose:
      position: [-0.2234892, -0.3695702, -0.1112467]
      orientation:
        - [0.9629283, 0.1991208, 0.1819885]
        - [-0.02731624, 0.7431462, -0.6685712]
        - [-0.2683706, 0.638815, 0.7210357]
  tf_mat_link4_0_flan4:
    target_pose:
      position: [-0.09858205, -0.487038, 0.3193278]
      orientation:
        - [0.9808125, 0.1304661, 0.144862]
        - [0.1949522, -0.6556059, -0.7295027]
        - [-0.0002030581, 0.7437469, -0.6684612]
step_2:
  tf_mat_link1_0_flan1:
    target_pose:
      position: [-0.2234747, -0.3696371, -0.1111737]
      orientation:
        - [0.9629283, 0.1991208, 0.1819885]
        - [-0.02731624, 0.7431462, -0.6685712]
        - [-0.2683706, 0.638815, 0.7210357]
  tf_mat_link4_0_flan4:
    target_pose:
      position: [-0.09856757, -0.487111, 0.3192609]
      orientation:
        - [0.9808125, 0.1304661, 0.144862]
        - [0.1949522, -0.6556059, -0.7295027]
        - [-0.0002030581, 0.7437469, -0.6684612]
step_3:
  tf_mat_link1_0_flan1:
    target_pose:
      position: [-0.2234602, -0.369704, -0.1111008]
      orientation:
        - [0.9629283, 0.1991208, 0.1819885]
        - [-0.02731624, 0.7431462, -0.6685712]
        - [-0.2683706, 0.638815, 0.7210357]
  tf_mat_link4_0_flan4:
    target_pose:
      position: [-0.09855308, -0.487184, 0.3191941]
      orientation:
        - [0.9808125, 0.1304661, 0.144862]
        - [0.1949522, -0.6556059, -0.7295027]
        - [-0.0002030581, 0.7437469, -0.6684612]
step_4:
  tf_mat_link1_0_flan1:
    target_pose:
      position: [-0.2234457, -0.3697709, -0.1110277]
      orientation:
        - [0.9629283, 0.1991208, 0.1819885]
        - [-0.02731624, 0.7431462, -0.6685712]
        - [-0.2683706, 0.638815, 0.7210357]
  tf_mat_link4_0_flan4:
    target_pose:
      position: [-0.09853858, -0.487257, 0.3191271]
      orientation:
        - [0.9808125, 0.1304661, 0.144862]
        - [0.1949522, -0.6556059, -0.7295027]
        - [-0.0002030581, 0.7437469, -0.6684612]
step_5:
  tf_mat_link1_0_flan1:
    target_pose:
      position: [-0.2234312, -0.3698378, -0.1109548]
      orientation:
        - [0.9629283, 0.1991208, 0.1819885]
        - [-0.02731624, 0.7431462, -0.6685712]
        - [-0.2683706, 0.638815, 0.7210357]
  tf_mat_link4_0_flan4:
    target_pose:
      position: [-0.09852409, -0.4873299, 0.3190603]
      orientation:
        - [0.9808125, 0.1304661, 0.144862]
        - [0.1949522, -0.6556059, -0.7295027]
        - [-0.0002030581, 0.7437469, -0.6684612]
step_6:
  tf_mat_link1_0_flan1:
    target_pose:
      position: [-0.2234167, -0.3699047, -0.1108818]
      orientation:
        - [0.9629283, 0.1991208, 0.1819885]
        - [-0.02731624, 0.7431462, -0.6685712]
        - [-0.2683706, 0.638815, 0.7210357]
  tf_mat_link4_0_flan4:
    target_pose:
      position: [-0.09850958, -0.487403, 0.3189934]
      orientation:
        - [0.9808125, 0.1304661, 0.144862]
        - [0.1949522, -0.6556059, -0.7295027]
        - [-0.0002030581, 0.7437469, -0.6684612]
step_7:
  tf_mat_link1_0_flan1:
    target_pose:
      position: [-0.2234022, -0.3699716, -0.1108087]
      orientation:
        - [0.9629283, 0.1991208, 0.1819885]
        - [-0.02731624, 0.7431462, -0.6685712]
        - [-0.2683706, 0.638815, 0.7210357]
  tf_mat_link4_0_flan4:
    target_pose:
      position: [-0.0984951, -0.487476, 0.3189265]
      orientation:
        - [0.9808125, 0.1304661, 0.144862]
        - [0.1949522, -0.6556059, -0.7295027]
        - [-0.0002030581, 0.7437469, -0.6684612]
step_8:
  tf_mat_link1_0_flan1:
    target_pose:
      position: [-0.2233877, -0.3700384, -0.1107358]
      orientation:
        - [0.9629283, 0.1991208, 0.1819885]
        - [-0.02731624, 0.7431462, -0.6685712]
        - [-0.2683706, 0.638815, 0.7210357]
  tf_mat_link4_0_flan4:
    target_pose:
      position: [-0.09848061, -0.4875489, 0.3188596]
      orientation:
        - [0.9808125, 0.1304661, 0.144862]
        - [0.1949522, -0.6556059, -0.7295027]
        - [-0.0002030581, 0.7437469, -0.6684612]
step_9:
  tf_mat_link1_0_flan1:
    target_pose:
      position: [-0.2233732, -0.3701054, -0.1106628]
      orientation:
        - [0.9629283, 0.1991208, 0.1819885]
        - [-0.02731624, 0.7431462, -0.6685712]
        - [-0.2683706, 0.638815, 0.7210357]
  tf_mat_link4_0_flan4:
    target_pose:
      position: [-0.0984661, -0.487622, 0.3187927]
      orientation:
        - [0.9808125, 0.1304661, 0.144862]
        - [0.1949522, -0.6556059, -0.7295027]
        - [-0.0002030581, 0.7437469, -0.6684612]
step_10:
  tf_mat_link1_0_flan1:
    target_pose:
      position: [-0.2233587, -0.3701722, -0.1105898]
      orientation:
        - [0.9629283, 0.1991208, 0.1819885]
        - [-0.02731624, 0.7431462, -0.6685712]
        - [-0.2683706, 0.638815, 0.7210357]
  tf_mat_link4_0_flan4:
    target_pose:
      position: [-0.09845161, -0.4876949, 0.3187258]
      orientation:
        - [0.9808125, 0.1304661, 0.144862]
        - [0.1949522, -0.6556059, -0.7295027]
        - [-0.0002030581, 0.7437469, -0.6684612]
step_11:
  tf_mat_link1_0_flan1:
    target_pose:
      position: [-0.2233442, -0.3702391, -0.1105168]
      orientation:
        - [0.9629283, 0.1991208, 0.1819885]
        - [-0.02731624, 0.7431462, -0.6685712]
        - [-0.2683706, 0.638815, 0.7210357]
  tf_mat_link4_0_flan4:
    target_pose:
      position: [-0.0984371, -0.487768, 0.3186589]
      orientation:
        - [0.9808125, 0.1304661, 0.144862]
        - [0.1949522, -0.6556059, -0.7295027]
        - [-0.0002030581, 0.7437469, -0.6684612]
step_12:
  tf_mat_link1_0_flan1:
    target_pose:
      position: [-0.2233297, -0.370306, -0.1104438]
      orientation:
        - [0.9629283, 0.1991208, 0.1819885]
        - [-0.02731624, 0.7431462, -0.6685712]
        - [-0.2683706, 0.638815, 0.7210357]
  tf_mat_link4_0_flan4:
    target_pose:
      position: [-0.09842262, -0.487841, 0.318592]
      orientation:
        - [0.9808125, 0.1304661, 0.144862]
        - [0.1949522, -0.6556059, -0.7295027]
        - [-0.0002030581, 0.7437469, -0.6684612]
step_13:
  tf_mat_link1_0_flan1:
    target_pose:
      position: [-0.2233152, -0.370373, -0.1103708]
      orientation:
        - [0.9629283, 0.1991208, 0.1819885]
        - [-0.02731624, 0.7431462, -0.6685712]
        - [-0.2683706, 0.638815, 0.7210357]
  tf_mat_link4_0_flan4:
    target_pose:
      position: [-0.0984081, -0.487914, 0.3185251]
      orientation:
        - [0.9808125, 0.1304661, 0.144862]
        - [0.1949522, -0.6556059, -0.7295027]
        - [-0.0002030581, 0.7437469, -0.6684612]
step_14:
  tf_mat_link1_0_flan1:
    target_pose:
      position: [-0.2233007, -0.3704398, -0.1102978]
      orientation:
        - [0.9629283, 0.1991208, 0.1819885]
        - [-0.02731624, 0.7431462, -0.6685712]
        - [-0.2683706, 0.638815, 0.7210357]
  tf_mat_link4_0_flan4:
    target_pose:
      position: [-0.09839362, -0.487987, 0.3184583]
      orientation:
        - [0.9808125, 0.1304661, 0.144862]
        - [0.1949522, -0.6556059, -0.7295027]
        - [-0.0002030581, 0.7437469, -0.6684612]
step_15:
  tf_mat_link1_0_flan1:
    target_pose:
      position: [-0.2232862, -0.3705067, -0.1102248]
      orientation:
        - [0.9629283, 0.1991208, 0.1819885]
        - [-0.02731624, 0.7431462, -0.6685712]
        - [-0.2683706, 0.638815, 0.7210357]
  tf_mat_link4_0_flan4:
    target_pose:
      position: [-0.09837911, -0.48806, 0.3183913]
      orientation:
        - [0.9808125, 0.1304661, 0.144862]
        - [0.1949522, -0.6556059, -0.7295027]
        - [-0.0002030581, 0.7437469, -0.6684612]
step_16:
  tf_mat_link1_0_flan1:
    target_pose:
      position: [-0.2232717, -0.3705736, -0.1101517]
      orientation:
        - [0.9629283, 0.1991208, 0.1819885]
        - [-0.02731624, 0.7431462, -0.6685712]
        - [-0.2683706, 0.638815, 0.7210357]
  tf_mat_link4_0_flan4:
    target_pose:
      position: [-0.09836462, -0.488133, 0.3183244]
      orientation:
        - [0.9808125, 0.1304661, 0.144862]
        - [0.1949522, -0.6556059, -0.7295027]
        - [-0.0002030581, 0.7437469, -0.6684612]
step_17:
  tf_mat_link1_0_flan1:
    target_pose:
      position: [-0.2232573, -0.3706405, -0.1100788]
      orientation:
        - [0.9629283, 0.1991208, 0.1819885]
        - [-0.02731624, 0.7431462, -0.6685712]
        - [-0.2683706, 0.638815, 0.7210357]
  tf_mat_link4_0_flan4:
    target_pose:
      position: [-0.09835014, -0.4882059, 0.3182576]
      orientation:
        - [0.9808125, 0.1304661, 0.144862]
        - [0.1949522, -0.6556059, -0.7295027]
        - [-0.0002030581, 0.7437469, -0.6684612]
step_18:
  tf_mat_link1_0_flan1:
    target_pose:
      position: [-0.2232428, -0.3707074, -0.1100058]
      orientation:
        - [0.9629283, 0.1991208, 0.1819885]
        - [-0.02731624, 0.7431462, -0.6685712]
        - [-0.2683706, 0.638815, 0.7210357]
  tf_mat_link4_0_flan4:
    target_pose:
      position: [-0.09833562, -0.488279, 0.3181906]
      orientation:
        - [0.9808125, 0.1304661, 0.144862]
        - [0.1949522, -0.6556059, -0.7295027]
        - [-0.0002030581, 0.7437469, -0.6684612]
step_19:
  tf_mat_link1_0_flan1:
    target_pose:
      position: [-0.2232283, -0.3707743, -0.1099328]
      orientation:
        - [0.9629283, 0.1991208, 0.1819885]
        - [-0.02731624, 0.7431462, -0.6685712]
        - [-0.2683706, 0.638815, 0.7210357]
  tf_mat_link4_0_flan4:
    target_pose:
      position: [-0.09832114, -0.4883519, 0.3181238]
      orientation:
        - [0.9808125, 0.1304661, 0.144862]
        - [0.1949522, -0.6556059, -0.7295027]
        - [-0.0002030581, 0.7437469, -0.6684612]
step_20:
  tf_mat_link1_0_flan1:
    target_pose:
      position: [-0.2232138, -0.3708411, -0.1098597]
      orientation:
        - [0.9629283, 0.1991208, 0.1819885]
        - [-0.02731624, 0.7431462, -0.6685712]
        - [-0.2683706, 0.638815, 0.7210357]
  tf_mat_link4_0_flan4:
    target_pose:
      position: [-0.09830663, -0.488425, 0.3180569]
      orientation:
        - [0.9808125, 0.1304661, 0.144862]
        - [0.1949522, -0.6556059, -0.7295027]
        - [-0.0002030581, 0.7437469, -0.6684612]
step_21:
  tf_mat_link1_0_flan1:
    target_pose:
      position: [-0.2231993, -0.3709081, -0.1097868]
      orientation:
        - [0.9629283, 0.1991208, 0.1819885]
        - [-0.02731624, 0.7431462, -0.6685712]
        - [-0.2683706, 0.638815, 0.7210357]
  tf_mat_link4_0_flan4:
    target_pose:
      position: [-0.09829214, -0.4884979, 0.31799]
      orientation:
        - [0.9808125, 0.1304661, 0.144862]
        - [0.1949522, -0.6556059, -0.7295027]
        - [-0.0002030581, 0.7437469, -0.6684612]
step_22:
  tf_mat_link1_0_flan1:
    target_pose:
      position: [-0.2231848, -0.370975, -0.1097138]
      orientation:
        - [0.9629283, 0.1991208, 0.1819885]
        - [-0.02731624, 0.7431462, -0.6685712]
        - [-0.2683706, 0.638815, 0.7210357]
  tf_mat_link4_0_flan4:
    target_pose:
      position: [-0.09827766, -0.488571, 0.3179231]
      orientation:
        - [0.9808125, 0.1304661, 0.144862]
        - [0.1949522, -0.6556059, -0.7295027]
        - [-0.0002030581, 0.7437469, -0.6684612]
step_23:
  tf_mat_link1_0_flan1:
    target_pose:
      position: [-0.2231703, -0.3710418, -0.1096408]
      orientation:
        - [0.9629283, 0.1991208, 0.1819885]
        - [-0.02731624, 0.7431462, -0.6685712]
        - [-0.2683706, 0.638815, 0.7210357]
  tf_mat_link4_0_flan4:
    target_pose:
      position: [-0.09826314, -0.488644, 0.3178562]
      orientation:
        - [0.9808125, 0.1304661, 0.144862]
        - [0.1949522, -0.6556059, -0.7295027]
        - [-0.0002030581, 0.7437469, -0.6684612]
step_24:
  tf_mat_link1_0_flan1:
    target_pose:
      position: [-0.2231558, -0.3711087, -0.1095678]
      orientation:
        - [0.9629283, 0.1991208, 0.1819885]
        - [-0.02731624, 0.7431462, -0.6685712]
        - [-0.2683706, 0.638815, 0.7210357]
  tf_mat_link4_0_flan4:
    target_pose:
      position: [-0.09824866, -0.4887169, 0.3177893]
      orientation:
        - [0.9808125, 0.1304661, 0.144862]
        - [0.1949522, -0.6556059, -0.7295027]
        - [-0.0002030581, 0.7437469, -0.6684612]
step_25:
  tf_mat_link1_0_flan1:
    target_pose:
      position: [-0.2231413, -0.3711756, -0.1094948]
      orientation:
        - [0.9629283, 0.1991208, 0.1819885]
        - [-0.02731624, 0.7431462, -0.6685712]
        - [-0.2683706, 0.638815, 0.7210357]
  tf_mat_link4_0_flan4:
    target_pose:
      position: [-0.09823415, -0.4887899, 0.3177224]
      orientation:
        - [0.9808125, 0.1304661, 0.144862]
        - [0.1949522, -0.6556059, -0.7295027]
        - [-0.0002030581, 0.7437469, -0.6684612]
step_26:
  tf_mat_link1_0_flan1:
    target_pose:
      position: [-0.2231268, -0.3712425, -0.1094218]
      orientation:
        - [0.9629283, 0.1991208, 0.1819885]
        - [-0.02731624, 0.7431462, -0.6685712]
        - [-0.2683706, 0.638815, 0.7210357]
  tf_mat_link4_0_flan4:
    target_pose:
      position: [-0.09821966, -0.488863, 0.3176555]
      orientation:
        - [0.9808125, 0.1304661, 0.144862]
        - [0.1949522, -0.6556059, -0.7295027]
        - [-0.0002030581, 0.7437469, -0.6684612]
step_27:
  tf_mat_link1_0_flan1:
    target_pose:
      position: [-0.2231123, -0.3713094, -0.1093488]
      orientation:
        - [0.9629283, 0.1991208, 0.1819885]
        - [-0.02731624, 0.7431462, -0.6685712]
        - [-0.2683706, 0.638815, 0.7210357]
  tf_mat_link4_0_flan4:
    target_pose:
      position: [-0.09820518, -0.4889359, 0.3175887]
      orientation:
        - [0.9808125, 0.1304661, 0.144862]
        - [0.1949522, -0.6556059, -0.7295027]
        - [-0.0002030581, 0.7437469, -0.6684612]
step_28:
  tf_mat_link1_0_flan1:
    target_pose:
      position: [-0.2230978, -0.3713763, -0.1092758]
      orientation:
        - [0.9629283, 0.1991208, 0.1819885]
        - [-0.02731624, 0.7431462, -0.6685712]
        - [-0.2683706, 0.638815, 0.7210357]
  tf_mat_link4_0_flan4:
    target_pose:
      position: [-0.09819067, -0.4890089, 0.3175218]
      orientation:
        - [0.9808125, 0.1304661, 0.144862]
        - [0.1949522, -0.6556059, -0.7295027]
        - [-0.0002030581, 0.7437469, -0.6684612]
step_29:
  tf_mat_link1_0_flan1:
    target_pose:
      position: [-0.2230833, -0.3714432, -0.1092028]
      orientation:
        - [0.9629283, 0.1991208, 0.1819885]
        - [-0.02731624, 0.7431462, -0.6685712]
        - [-0.2683706, 0.638815, 0.7210357]
  tf_mat_link4_0_flan4:
    target_pose:
      position: [-0.09817618, -0.4890819, 0.3174549]
      orientation:
        - [0.9808125, 0.1304661, 0.144862]
        - [0.1949522, -0.6556059, -0.7295027]
        - [-0.0002030581, 0.7437469, -0.6684612]
step_30:
  tf_mat_link1_0_flan1:
    target_pose:
      position: [-0.2230688, -0.3715101, -0.1091298]
      orientation:
        - [0.9629283, 0.1991208, 0.1819885]
        - [-0.02731624, 0.7431462, -0.6685712]
        - [-0.2683706, 0.638815, 0.7210357]
  tf_mat_link4_0_flan4:
    target_pose:
      position: [-0.09816167, -0.4891549, 0.317388]
      orientation:
        - [0.9808125, 0.1304661, 0.144862]
        - [0.1949522, -0.6556059, -0.7295027]
        - [-0.0002030581, 0.7437469, -0.6684612]
step_31:
  tf_mat_link1_0_flan1:
    target_pose:
      position: [-0.2230543, -0.371577, -0.1090568]
      orientation:
        - [0.9629283, 0.1991208, 0.1819885]
        - [-0.02731624, 0.7431462, -0.6685712]
        - [-0.2683706, 0.638815, 0.7210357]
  tf_mat_link4_0_flan4:
    target_pose:
      position: [-0.09814718, -0.4892279, 0.3173211]
      orientation:
        - [0.9808125, 0.1304661, 0.144862]
        - [0.1949522, -0.6556059, -0.7295027]
        - [-0.0002030581, 0.7437469, -0.6684612]
step_32:
  tf_mat_link1_0_flan1:
    target_pose:
      position: [-0.2230398, -0.3716438, -0.1089838]
      orientation:
        - [0.9629283, 0.1991208, 0.1819885]
        - [-0.02731624, 0.7431462, -0.6685712]
        - [-0.2683706, 0.638815, 0.7210357]
  tf_mat_link4_0_flan4:
    target_pose:
      position: [-0.09813271, -0.4893009, 0.3172542]
      orientation:
        - [0.9808125, 0.1304661, 0.144862]
        - [0.1949522, -0.6556059, -0.7295027]
        - [-0.0002030581, 0.7437469, -0.6684612]
step_33:
  tf_mat_link1_0_flan1:
    target_pose:
      position: [-0.2230253, -0.3717107, -0.1089108]
      orientation:
        - [0.9629283, 0.1991208, 0.1819885]
        - [-0.02731624, 0.7431462, -0.6685712]
        - [-0.2683706, 0.638815, 0.7210357]
  tf_mat_link4_0_flan4:
    target_pose:
      position: [-0.09811819, -0.489374, 0.3171873]
      orientation:
        - [0.9808125, 0.1304661, 0.144862]
        - [0.1949522, -0.6556059, -0.7295027]
        - [-0.0002030581, 0.7437469, -0.6684612]
step_34:
  tf_mat_link1_0_flan1:
    target_pose:
      position: [-0.2230108, -0.3717777, -0.1088378]
      orientation:
        - [0.9629283, 0.1991208, 0.1819885]
        - [-0.02731624, 0.7431462, -0.6685712]
        - [-0.2683706, 0.638815, 0.7210357]
  tf_mat_link4_0_flan4:
    target_pose:
      position: [-0.09810371, -0.489447, 0.3171204]
      orientation:
        - [0.9808125, 0.1304661, 0.144862]
        - [0.1949522, -0.6556059, -0.7295027]
        - [-0.0002030581, 0.7437469, -0.6684612]
step_35:
  tf_mat_link1_0_flan1:
    target_pose:
      position: [-0.2229963, -0.3718445, -0.1087648]
      orientation:
        - [0.9629283, 0.1991208, 0.1819885]
        - [-0.02731624, 0.7431462, -0.6685712]
        - [-0.2683706, 0.638815, 0.7210357]
  tf_mat_link4_0_flan4:
    target_pose:
      position: [-0.0980892, -0.4895199, 0.3170535]
      orientation:
        - [0.9808125, 0.1304661, 0.144862]
        - [0.1949522, -0.6556059, -0.7295027]
        - [-0.0002030581, 0.7437469, -0.6684612]
step_36:
  tf_mat_link1_0_flan1:
    target_pose:
      position: [-0.2229818, -0.3719114, -0.1086918]
      orientation:
        - [0.9629283, 0.1991208, 0.1819885]
        - [-0.02731624, 0.7431462, -0.6685712]
        - [-0.2683706, 0.638815, 0.7210357]
  tf_mat_link4_0_flan4:
    target_pose:
      position: [-0.09807471, -0.4895929, 0.3169866]
      orientation:
        - [0.9808125, 0.1304661, 0.144862]
        - [0.1949522, -0.6556059, -0.7295027]
        - [-0.0002030581, 0.7437469, -0.6684612]
step_37:
  tf_mat_link1_0_flan1:
    target_pose:
      position: [-0.2229673, -0.3719783, -0.1086188]
      orientation:
        - [0.9629283, 0.1991208, 0.1819885]
        - [-0.02731624, 0.7431462, -0.6685712]
        - [-0.2683706, 0.638815, 0.7210357]
  tf_mat_link4_0_flan4:
    target_pose:
      position: [-0.0980602, -0.489666, 0.3169198]
      orientation:
        - [0.9808125, 0.1304661, 0.144862]
        - [0.1949522, -0.6556059, -0.7295027]
        - [-0.0002030581, 0.7437469, -0.6684612]
step_38:
  tf_mat_link1_0_flan1:
    target_pose:
      position: [-0.2229528, -0.3720452, -0.1085458]
      orientation:
        - [0.9629283, 0.1991208, 0.1819885]
        - [-0.02731624, 0.7431462, -0.6685712]
        - [-0.2683706, 0.638815, 0.7210357]
  tf_mat_link4_0_flan4:
    target_pose:
      position: [-0.09804571, -0.4897389, 0.3168529]
      orientation:
        - [0.9808125, 0.1304661, 0.144862]
        - [0.1949522, -0.6556059, -0.7295027]
        - [-0.0002030581, 0.7437469, -0.6684612]
step_39:
  tf_mat_link1_0_flan1:
    target_pose:
      position: [-0.2229384, -0.3721121, -0.1084728]
      orientation:
        - [0.9629283, 0.1991208, 0.1819885]
        - [-0.02731624, 0.7431462, -0.6685712]
        - [-0.2683706, 0.638815, 0.7210357]
  tf_mat_link4_0_flan4:
    target_pose:
      position: [-0.09803123, -0.4898119, 0.3167859]
      orientation:
        - [0.9808125, 0.1304661, 0.144862]
        - [0.1949522, -0.6556059, -0.7295027]
        - [-0.0002030581, 0.7437469, -0.6684612]
step_40:
  tf_mat_link1_0_flan1:
    target_pose:
      position: [-0.2229238, -0.3721789, -0.1083998]
      orientation:
        - [0.9629283, 0.1991208, 0.1819885]
        - [-0.02731624, 0.7431462, -0.6685712]
        - [-0.2683706, 0.638815, 0.7210357]
  tf_mat_link4_0_flan4:
    target_pose:
      position: [-0.09801672, -0.4898849, 0.3167191]
      orientation:
        - [0.9808125, 0.1304661, 0.144862]
        - [0.1949522, -0.6556059, -0.7295027]
        - [-0.0002030581, 0.7437469, -0.6684612]
step_41:
  tf_mat_link1_0_flan1:
    target_pose:
      position: [-0.2229094, -0.3722458, -0.1083268]
      orientation:
        - [0.9629283, 0.1991208, 0.1819885]
        - [-0.02731624, 0.7431462, -0.6685712]
        - [-0.2683706, 0.638815, 0.7210357]
  tf_mat_link4_0_flan4:
    target_pose:
      position: [-0.09800223, -0.4899579, 0.3166522]
      orientation:
        - [0.9808125, 0.1304661, 0.144862]
        - [0.1949522, -0.6556059, -0.7295027]
        - [-0.0002030581, 0.7437469, -0.6684612]
step_42:
  tf_mat_link1_0_flan1:
    target_pose:
      position: [-0.2228948, -0.3723128, -0.1082537]
      orientation:
        - [0.9629283, 0.1991208, 0.1819885]
        - [-0.02731624, 0.7431462, -0.6685712]
        - [-0.2683706, 0.638815, 0.7210357]
  tf_mat_link4_0_flan4:
    target_pose:
      position: [-0.09798772, -0.490031, 0.3165852]
      orientation:
        - [0.9808125, 0.1304661, 0.144862]
        - [0.1949522, -0.6556059, -0.7295027]
        - [-0.0002030581, 0.7437469, -0.6684612]
step_43:
  tf_mat_link1_0_flan1:
    target_pose:
      position: [-0.2228804, -0.3723796, -0.1081808]
      orientation:
        - [0.9629283, 0.1991208, 0.1819885]
        - [-0.02731624, 0.7431462, -0.6685712]
        - [-0.2683706, 0.638815, 0.7210357]
  tf_mat_link4_0_flan4:
    target_pose:
      position: [-0.09797323, -0.4901039, 0.3165184]
      orientation:
        - [0.9808125, 0.1304661, 0.144862]
        - [0.1949522, -0.6556059, -0.7295027]
        - [-0.0002030581, 0.7437469, -0.6684612]
step_44:
  tf_mat_link1_0_flan1:
    target_pose:
      position: [-0.2228659, -0.3724465, -0.1081078]
      orientation:
        - [0.9629283, 0.1991208, 0.1819885]
        - [-0.02731624, 0.7431462, -0.6685712]
        - [-0.2683706, 0.638815, 0.7210357]
  tf_mat_link4_0_flan4:
    target_pose:
      position: [-0.09795875, -0.490177, 0.3164515]
      orientation:
        - [0.9808125, 0.1304661, 0.144862]
        - [0.1949522, -0.6556059, -0.7295027]
        - [-0.0002030581, 0.7437469, -0.6684612]
step_45:
  tf_mat_link1_0_flan1:
    target_pose:
      position: [-0.2228514, -0.3725134, -0.1080348]
      orientation:
        - [0.9629283, 0.1991208, 0.1819885]
        - [-0.02731624, 0.7431462, -0.6685712]
        - [-0.2683706, 0.638815, 0.7210357]
  tf_mat_link4_0_flan4:
    target_pose:
      position: [-0.09794424, -0.49025, 0.3163846]
      orientation:
        - [0.9808125, 0.1304661, 0.144862]
        - [0.1949522, -0.6556059, -0.7295027]
        - [-0.0002030581, 0.7437469, -0.6684612]
step_46:
  tf_mat_link1_0_flan1:
    target_pose:
      position: [-0.2228369, -0.3725803, -0.1079618]
      orientation:
        - [0.9629283, 0.1991208, 0.1819885]
        - [-0.02731624, 0.7431462, -0.6685712]
        - [-0.2683706, 0.638815, 0.7210357]
  tf_mat_link4_0_flan4:
    target_pose:
      position: [-0.09792975, -0.4903229, 0.3163178]
      orientation:
        - [0.9808125, 0.1304661, 0.144862]
        - [0.1949522, -0.6556059, -0.7295027]
        - [-0.0002030581, 0.7437469, -0.6684612]
step_47:
  tf_mat_link1_0_flan1:
    target_pose:
      position: [-0.2228224, -0.3726472, -0.1078888]
      orientation:
        - [0.9629283, 0.1991208, 0.1819885]
        - [-0.02731624, 0.7431462, -0.6685712]
        - [-0.2683706, 0.638815, 0.7210357]
  tf_mat_link4_0_flan4:
    target_pose:
      position: [-0.09791524, -0.4903959, 0.3162508]
      orientation:
        - [0.9808125, 0.1304661, 0.144862]
        - [0.1949522, -0.6556059, -0.7295027]
        - [-0.0002030581, 0.7437469, -0.6684612]
step_48:
  tf_mat_link1_0_flan1:
    target_pose:
      position: [-0.2228079, -0.3727141, -0.1078158]
      orientation:
        - [0.9629283, 0.1991208, 0.1819885]
        - [-0.02731624, 0.7431462, -0.6685712]
        - [-0.2683706, 0.638815, 0.7210357]
  tf_mat_link4_0_flan4:
    target_pose:
      position: [-0.09790076, -0.4904689, 0.3161839]
      orientation:
        - [0.9808125, 0.1304661, 0.144862]
        - [0.1949522, -0.6556059, -0.7295027]
        - [-0.0002030581, 0.7437469, -0.6684612]
step_49:
  tf_mat_link1_0_flan1:
    target_pose:
      position: [-0.2227934, -0.372781, -0.1077427]
      orientation:
        - [0.9629283, 0.1991208, 0.1819885]
        - [-0.02731624, 0.7431462, -0.6685712]
        - [-0.2683706, 0.638815, 0.7210357]
  tf_mat_link4_0_flan4:
    target_pose:
      position: [-0.09788624, -0.490542, 0.316117]
      orientation:
        - [0.9808125, 0.1304661, 0.144862]
        - [0.1949522, -0.6556059, -0.7295027]
        - [-0.0002030581, 0.7437469, -0.6684612]
step_50:
  tf_mat_link1_0_flan1:
    target_pose:
      position: [-0.2227789, -0.3728479, -0.1076698]
      orientation:
        - [0.9629283, 0.1991208, 0.1819885]
        - [-0.02731624, 0.7431462, -0.6685712]
        - [-0.2683706, 0.638815, 0.7210357]
  tf_mat_link4_0_flan4:
    target_pose:
      position: [-0.09787176, -0.490615, 0.3160502]
      orientation:
        - [0.9808125, 0.1304661, 0.144862]
        - [0.1949522, -0.6556059, -0.7295027]
        - [-0.0002030581, 0.7437469, -0.6684612]
step_51:
  tf_mat_link1_0_flan1:
    target_pose:
      position: [-0.2227644, -0.3729148, -0.1075968]
      orientation:
        - [0.9629283, 0.1991208, 0.1819885]
        - [-0.02731624, 0.7431462, -0.6685712]
        - [-0.2683706, 0.638815, 0.7210357]
  tf_mat_link4_0_flan4:
    target_pose:
      position: [-0.09785727, -0.4906879, 0.3159833]
      orientation:
        - [0.9808125, 0.1304661, 0.144862]
        - [0.1949522, -0.6556059, -0.7295027]
        - [-0.0002030581, 0.7437469, -0.6684612]
step_52:
  tf_mat_link1_0_flan1:
    target_pose:
      position: [-0.2227499, -0.3729817, -0.1075238]
      orientation:
        - [0.9629283, 0.1991208, 0.1819885]
        - [-0.02731624, 0.7431462, -0.6685712]
        - [-0.2683706, 0.638815, 0.7210357]
  tf_mat_link4_0_flan4:
    target_pose:
      position: [-0.09784276, -0.4907609, 0.3159164]
      orientation:
        - [0.9808125, 0.1304661, 0.144862]
        - [0.1949522, -0.6556059, -0.7295027]
        - [-0.0002030581, 0.7437469, -0.6684612]
step_53:
  tf_mat_link1_0_flan1:
    target_pose:
      position: [-0.2227354, -0.3730485, -0.1074508]
      orientation:
        - [0.9629283, 0.1991208, 0.1819885]
        - [-0.02731624, 0.7431462, -0.6685712]
        - [-0.2683706, 0.638815, 0.7210357]
  tf_mat_link4_0_flan4:
    target_pose:
      position: [-0.09782828, -0.490834, 0.3158495]
      orientation:
        - [0.9808125, 0.1304661, 0.144862]
        - [0.1949522, -0.6556059, -0.7295027]
        - [-0.0002030581, 0.7437469, -0.6684612]
step_54:
  tf_mat_link1_0_flan1:
    target_pose:
      position: [-0.2227209, -0.3731154, -0.1073778]
      orientation:
        - [0.9629283, 0.1991208, 0.1819885]
        - [-0.02731624, 0.7431462, -0.6685712]
        - [-0.2683706, 0.638815, 0.7210357]
  tf_mat_link4_0_flan4:
    target_pose:
      position: [-0.09781379, -0.4909069, 0.3157826]
      orientation:
        - [0.9808125, 0.1304661, 0.144862]
        - [0.1949522, -0.6556059, -0.7295027]
        - [-0.0002030581, 0.7437469, -0.6684612]
step_55:
  tf_mat_link1_0_flan1:
    target_pose:
      position: [-0.2227064, -0.3731823, -0.1073048]
      orientation:
        - [0.9629283, 0.1991208, 0.1819885]
        - [-0.02731624, 0.7431462, -0.6685712]
        - [-0.2683706, 0.638815, 0.7210357]
  tf_mat_link4_0_flan4:
    target_pose:
      position: [-0.09779928, -0.4909799, 0.3157157]
      orientation:
        - [0.9808125, 0.1304661, 0.144862]
        - [0.1949522, -0.6556059, -0.7295027]
        - [-0.0002030581, 0.7437469, -0.6684612]
step_56:
  tf_mat_link1_0_flan1:
    target_pose:
      position: [-0.2226919, -0.3732492, -0.1072318]
      orientation:
        - [0.9629283, 0.1991208, 0.1819885]
        - [-0.02731624, 0.7431462, -0.6685712]
        - [-0.2683706, 0.638815, 0.7210357]
  tf_mat_link4_0_flan4:
    target_pose:
      position: [-0.09778479, -0.4910529, 0.3156488]
      orientation:
        - [0.9808125, 0.1304661, 0.144862]
        - [0.1949522, -0.6556059, -0.7295027]
        - [-0.0002030581, 0.7437469, -0.6684612]
step_57:
  tf_mat_link1_0_flan1:
    target_pose:
      position: [-0.2226774, -0.3733161, -0.1071588]
      orientation:
        - [0.9629283, 0.1991208, 0.1819885]
        - [-0.02731624, 0.7431462, -0.6685712]
        - [-0.2683706, 0.638815, 0.7210357]
  tf_mat_link4_0_flan4:
    target_pose:
      position: [-0.09777028, -0.4911259, 0.315582]
      orientation:
        - [0.9808125, 0.1304661, 0.144862]
        - [0.1949522, -0.6556059, -0.7295027]
        - [-0.0002030581, 0.7437469, -0.6684612]
step_58:
  tf_mat_link1_0_flan1:
    target_pose:
      position: [-0.2226629, -0.373383, -0.1070858]
      orientation:
        - [0.9629283, 0.1991208, 0.1819885]
        - [-0.02731624, 0.7431462, -0.6685712]
        - [-0.2683706, 0.638815, 0.7210357]
  tf_mat_link4_0_flan4:
    target_pose:
      position: [-0.0977558, -0.4911989, 0.315515]
      orientation:
        - [0.9808125, 0.1304661, 0.144862]
        - [0.1949522, -0.6556059, -0.7295027]
        - [-0.0002030581, 0.7437469, -0.6684612]
step_59:
  tf_mat_link1_0_flan1:
    target_pose:
      position: [-0.2226484, -0.3734499, -0.1070128]
      orientation:
        - [0.9629283, 0.1991208, 0.1819885]
        - [-0.02731624, 0.7431462, -0.6685712]
        - [-0.2683706, 0.638815, 0.7210357]
  tf_mat_link4_0_flan4:
    target_pose:
      position: [-0.09774128, -0.4912719, 0.3154482]
      orientation:
        - [0.9808125, 0.1304661, 0.144862]
        - [0.1949522, -0.6556059, -0.7295027]
        - [-0.0002030581, 0.7437469, -0.6684612]
step_60:
  tf_mat_link1_0_flan1:
    target_pose:
      position: [-0.2226339, -0.3735168, -0.1069398]
      orientation:
        - [0.9629283, 0.1991208, 0.1819885]
        - [-0.02731624, 0.7431462, -0.6685712]
        - [-0.2683706, 0.638815, 0.7210357]
  tf_mat_link4_0_flan4:
    target_pose:
      position: [-0.09772681, -0.491345, 0.3153812]
      orientation:
        - [0.9808125, 0.1304661, 0.144862]
        - [0.1949522, -0.6556059, -0.7295027]
        - [-0.0002030581, 0.7437469, -0.6684612]
step_61:
  tf_mat_link1_0_flan1:
    target_pose:
      position: [-0.2226194, -0.3735837, -0.1068668]
      orientation:
        - [0.9629283, 0.1991208, 0.1819885]
        - [-0.02731624, 0.7431462, -0.6685712]
        - [-0.2683706, 0.638815, 0.7210357]
  tf_mat_link4_0_flan4:
    target_pose:
      position: [-0.09771232, -0.4914179, 0.3153143]
      orientation:
        - [0.9808125, 0.1304661, 0.144862]
        - [0.1949522, -0.6556059, -0.7295027]
        - [-0.0002030581, 0.7437469, -0.6684612]
step_62:
  tf_mat_link1_0_flan1:
    target_pose:
      position: [-0.2226049, -0.3736506, -0.1067938]
      orientation:
        - [0.9629283, 0.1991208, 0.1819885]
        - [-0.02731624, 0.7431462, -0.6685712]
        - [-0.2683706, 0.638815, 0.7210357]
  tf_mat_link4_0_flan4:
    target_pose:
      position: [-0.09769781, -0.4914909, 0.3152474]
      orientation:
        - [0.9808125, 0.1304661, 0.144862]
        - [0.1949522, -0.6556059, -0.7295027]
        - [-0.0002030581, 0.7437469, -0.6684612]
step_63:
  tf_mat_link1_0_flan1:
    target_pose:
      position: [-0.2225904, -0.3737175, -0.1067208]
      orientation:
        - [0.9629283, 0.1991208, 0.1819885]
        - [-0.02731624, 0.7431462, -0.6685712]
        - [-0.2683706, 0.638815, 0.7210357]
  tf_mat_link4_0_flan4:
    target_pose:
      position: [-0.09768333, -0.4915639, 0.3151806]
      orientation:
        - [0.9808125, 0.1304661, 0.144862]
        - [0.1949522, -0.6556059, -0.7295027]
        - [-0.0002030581, 0.7437469, -0.6684612]
step_64:
  tf_mat_link1_0_flan1:
    target_pose:
      position: [-0.2225759, -0.3737844, -0.1066478]
      orientation:
        - [0.9629283, 0.1991208, 0.1819885]
        - [-0.02731624, 0.7431462, -0.6685712]
        - [-0.2683706, 0.638815, 0.7210357]
  tf_mat_link4_0_flan4:
    target_pose:
      position: [-0.09766881, -0.491637, 0.3151137]
      orientation:
        - [0.9808125, 0.1304661, 0.144862]
        - [0.1949522, -0.6556059, -0.7295027]
        - [-0.0002030581, 0.7437469, -0.6684612]
step_65:
  tf_mat_link1_0_flan1:
    target_pose:
      position: [-0.2225614, -0.3738512, -0.1065748]
      orientation:
        - [0.9629283, 0.1991208, 0.1819885]
        - [-0.02731624, 0.7431462, -0.6685712]
        - [-0.2683706, 0.638815, 0.7210357]
  tf_mat_link4_0_flan4:
    target_pose:
      position: [-0.09765433, -0.4917099, 0.3150468]
      orientation:
        - [0.9808125, 0.1304661, 0.144862]
        - [0.1949522, -0.6556059, -0.7295027]
        - [-0.0002030581, 0.7437469, -0.6684612]
step_66:
  tf_mat_link1_0_flan1:
    target_pose:
      position: [-0.222547, -0.3739181, -0.1065018]
      orientation:
        - [0.9629283, 0.1991208, 0.1819885]
        - [-0.02731624, 0.7431462, -0.6685712]
        - [-0.2683706, 0.638815, 0.7210357]
  tf_mat_link4_0_flan4:
    target_pose:
      position: [-0.09763984, -0.4917829, 0.3149799]
      orientation:
        - [0.9808125, 0.1304661, 0.144862]
        - [0.1949522, -0.6556059, -0.7295027]
        - [-0.0002030581, 0.7437469, -0.6684612]
step_67:
  tf_mat_link1_0_flan1:
    target_pose:
      position: [-0.2225325, -0.3739851, -0.1064288]
      orientation:
        - [0.9629283, 0.1991208, 0.1819885]
        - [-0.02731624, 0.7431462, -0.6685712]
        - [-0.2683706, 0.638815, 0.7210357]
  tf_mat_link4_0_flan4:
    target_pose:
      position: [-0.09762533, -0.4918559, 0.314913]
      orientation:
        - [0.9808125, 0.1304661, 0.144862]
        - [0.1949522, -0.6556059, -0.7295027]
        - [-0.0002030581, 0.7437469, -0.6684612]
step_68:
  tf_mat_link1_0_flan1:
    target_pose:
      position: [-0.222518, -0.3740519, -0.1063558]
      orientation:
        - [0.9629283, 0.1991208, 0.1819885]
        - [-0.02731624, 0.7431462, -0.6685712]
        - [-0.2683706, 0.638815, 0.7210357]
  tf_mat_link4_0_flan4:
    target_pose:
      position: [-0.09761085, -0.4919289, 0.3148462]
      orientation:
        - [0.9808125, 0.1304661, 0.144862]
        - [0.1949522, -0.6556059, -0.7295027]
        - [-0.0002030581, 0.7437469, -0.6684612]
step_69:
  tf_mat_link1_0_flan1:
    target_pose:
      position: [-0.2225035, -0.3741188, -0.1062828]
      orientation:
        - [0.9629283, 0.1991208, 0.1819885]
        - [-0.02731624, 0.7431462, -0.6685712]
        - [-0.2683706, 0.638815, 0.7210357]
  tf_mat_link4_0_flan4:
    target_pose:
      position: [-0.09759633, -0.4920019, 0.3147792]
      orientation:
        - [0.9808125, 0.1304661, 0.144862]
        - [0.1949522, -0.6556059, -0.7295027]
        - [-0.0002030581, 0.7437469, -0.6684612]
step_70:
  tf_mat_link1_0_flan1:
    target_pose:
      position: [-0.222489, -0.3741857, -0.1062098]
      orientation:
        - [0.9629283, 0.1991208, 0.1819885]
        - [-0.02731624, 0.7431462, -0.6685712]
        - [-0.2683706, 0.638815, 0.7210357]
  tf_mat_link4_0_flan4:
    target_pose:
      position: [-0.09758185, -0.4920749, 0.3147123]
      orientation:
        - [0.9808125, 0.1304661, 0.144862]
        - [0.1949522, -0.6556059, -0.7295027]
        - [-0.0002030581, 0.7437469, -0.6684612]
step_71:
  tf_mat_link1_0_flan1:
    target_pose:
      position: [-0.2224745, -0.3742526, -0.1061368]
      orientation:
        - [0.9629283, 0.1991208, 0.1819885]
        - [-0.02731624, 0.7431462, -0.6685712]
        - [-0.2683706, 0.638815, 0.7210357]
  tf_mat_link4_0_flan4:
    target_pose:
      position: [-0.09756733, -0.4921479, 0.3146455]
      orientation:
        - [0.9808125, 0.1304661, 0.144862]
        - [0.1949522, -0.6556059, -0.7295027]
        - [-0.0002030581, 0.7437469, -0.6684612]
step_72:
  tf_mat_link1_0_flan1:
    target_pose:
      position: [-0.22246, -0.3743195, -0.1060638]
      orientation:
        - [0.9629283, 0.1991208, 0.1819885]
        - [-0.02731624, 0.7431462, -0.6685712]
        - [-0.2683706, 0.638815, 0.7210357]
  tf_mat_link4_0_flan4:
    target_pose:
      position: [-0.09755285, -0.492221, 0.3145786]
      orientation:
        - [0.9808125, 0.1304661, 0.144862]
        - [0.1949522, -0.6556059, -0.7295027]
        - [-0.0002030581, 0.7437469, -0.6684612]
step_73:
  tf_mat_link1_0_flan1:
    target_pose:
      position: [-0.2224455, -0.3743864, -0.1059908]
      orientation:
        - [0.9629283, 0.1991208, 0.1819885]
        - [-0.02731624, 0.7431462, -0.6685712]
        - [-0.2683706, 0.638815, 0.7210357]
  tf_mat_link4_0_flan4:
    target_pose:
      position: [-0.09753834, -0.4922939, 0.3145117]
      orientation:
        - [0.9808125, 0.1304661, 0.144862]
        - [0.1949522, -0.6556059, -0.7295027]
        - [-0.0002030581, 0.7437469, -0.6684612]
step_74:
  tf_mat_link1_0_flan1:
    target_pose:
      position: [-0.222431, -0.3744532, -0.1059178]
      orientation:
        - [0.9629283, 0.1991208, 0.1819885]
        - [-0.02731624, 0.7431462, -0.6685712]
        - [-0.2683706, 0.638815, 0.7210357]
  tf_mat_link4_0_flan4:
    target_pose:
      position: [-0.09752385, -0.4923669, 0.3144448]
      orientation:
        - [0.9808125, 0.1304661, 0.144862]
        - [0.1949522, -0.6556059, -0.7295027]
        - [-0.0002030581, 0.7437469, -0.6684612]
step_75:
  tf_mat_link1_0_flan1:
    target_pose:
      position: [-0.2224165, -0.3745202, -0.1058448]
      orientation:
        - [0.9629283, 0.1991208, 0.1819885]
        - [-0.02731624, 0.7431462, -0.6685712]
        - [-0.2683706, 0.638815, 0.7210357]
  tf_mat_link4_0_flan4:
    target_pose:
      position: [-0.09750937, -0.49244, 0.3143778]
      orientation:
        - [0.9808125, 0.1304661, 0.144862]
        - [0.1949522, -0.6556059, -0.7295027]
        - [-0.0002030581, 0.7437469, -0.6684612]
step_76:
  tf_mat_link1_0_flan1:
    target_pose:
      position: [-0.222402, -0.374587, -0.1057718]
      orientation:
        - [0.9629283, 0.1991208, 0.1819885]
        - [-0.02731624, 0.7431462, -0.6685712]
        - [-0.2683706, 0.638815, 0.7210357]
  tf_mat_link4_0_flan4:
    target_pose:
      position: [-0.09749489, -0.4925129, 0.314311]
      orientation:
        - [0.9808125, 0.1304661, 0.144862]
        - [0.1949522, -0.6556059, -0.7295027]
        - [-0.0002030581, 0.7437469, -0.6684612]
step_77:
  tf_mat_link1_0_flan1:
    target_pose:
      position: [-0.2223875, -0.3746539, -0.1056988]
      orientation:
        - [0.9629283, 0.1991208, 0.1819885]
        - [-0.02731624, 0.7431462, -0.6685712]
        - [-0.2683706, 0.638815, 0.7210357]
  tf_mat_link4_0_flan4:
    target_pose:
      position: [-0.09748037, -0.4925859, 0.3142441]
      orientation:
        - [0.9808125, 0.1304661, 0.144862]
        - [0.1949522, -0.6556059, -0.7295027]
        - [-0.0002030581, 0.7437469, -0.6684612]
step_78:
  tf_mat_link1_0_flan1:
    target_pose:
      position: [-0.222373, -0.3747208, -0.1056258]
      orientation:
        - [0.9629283, 0.1991208, 0.1819885]
        - [-0.02731624, 0.7431462, -0.6685712]
        - [-0.2683706, 0.638815, 0.7210357]
  tf_mat_link4_0_flan4:
    target_pose:
      position: [-0.09746586, -0.4926589, 0.3141772]
      orientation:
        - [0.9808125, 0.1304661, 0.144862]
