step_0:
  tf_mat_link1_0_flan1:
    target_pose:
      position: [-0.1298414, -0.4246021, -0.04094666]
      orientation:
        - [0.9805694, 0.06794403, 0.1840577]
        - [0.08148982, 0.7123373, -0.6970939]
        - [-0.1784741, 0.6985409, 0.6929593]
  tf_mat_link4_0_flan4:
    target_pose:
      position: [-0.1455559, -0.6126529, 0.2219585]
      orientation:
        - [0.989213, -0.001630652, 0.1465087]
        - [0.1021971, -0.7088552, -0.6979147]
        - [0.1049915, 0.7053522, -0.701042]
step_1:
  tf_mat_link1_0_flan1:
    target_pose:
      position: [-0.1298611, -0.4245079, -0.04104036]
      orientation:
        - [0.9805694, 0.06794403, 0.1840577]
        - [0.08148982, 0.7123373, -0.6970939]
        - [-0.1784741, 0.6985409, 0.6929593]
  tf_mat_link4_0_flan4:
    target_pose:
      position: [-0.1455756, -0.6125592, 0.2220526]
      orientation:
        - [0.989213, -0.001630652, 0.1465087]
        - [0.1021971, -0.7088552, -0.6979147]
        - [0.1049915, 0.7053522, -0.701042]
step_2:
  tf_mat_link1_0_flan1:
    target_pose:
      position: [-0.1298808, -0.4244139, -0.04113401]
      orientation:
        - [0.9805694, 0.06794403, 0.1840577]
        - [0.08148982, 0.7123373, -0.6970939]
        - [-0.1784741, 0.6985409, 0.6929593]
  tf_mat_link4_0_flan4:
    target_pose:
      position: [-0.1455952, -0.6124655, 0.2221467]
      orientation:
        - [0.989213, -0.001630652, 0.1465087]
        - [0.1021971, -0.7088552, -0.6979147]
        - [0.1049915, 0.7053522, -0.701042]
step_3:
  tf_mat_link1_0_flan1:
    target_pose:
      position: [-0.1299004, -0.4243198, -0.0412277]
      orientation:
        - [0.9805694, 0.06794403, 0.1840577]
        - [0.08148982, 0.7123373, -0.6970939]
        - [-0.1784741, 0.6985409, 0.6929593]
  tf_mat_link4_0_flan4:
    target_pose:
      position: [-0.1456149, -0.6123718, 0.2222408]
      orientation:
        - [0.989213, -0.001630652, 0.1465087]
        - [0.1021971, -0.7088552, -0.6979147]
        - [0.1049915, 0.7053522, -0.701042]
step_4:
  tf_mat_link1_0_flan1:
    target_pose:
      position: [-0.1299201, -0.4242257, -0.0413214]
      orientation:
        - [0.9805694, 0.06794403, 0.1840577]
        - [0.08148982, 0.7123373, -0.6970939]
        - [-0.1784741, 0.6985409, 0.6929593]
  tf_mat_link4_0_flan4:
    target_pose:
      position: [-0.1456345, -0.6122781, 0.222335]
      orientation:
        - [0.989213, -0.001630652, 0.1465087]
        - [0.1021971, -0.7088552, -0.6979147]
        - [0.1049915, 0.7053522, -0.701042]
step_5:
  tf_mat_link1_0_flan1:
    target_pose:
      position: [-0.1299397, -0.4241315, -0.0414151]
      orientation:
        - [0.9805694, 0.06794403, 0.1840577]
        - [0.08148982, 0.7123373, -0.6970939]
        - [-0.1784741, 0.6985409, 0.6929593]
  tf_mat_link4_0_flan4:
    target_pose:
      position: [-0.1456542, -0.6121845, 0.222429]
      orientation:
        - [0.989213, -0.001630652, 0.1465087]
        - [0.1021971, -0.7088552, -0.6979147]
        - [0.1049915, 0.7053522, -0.701042]
step_6:
  tf_mat_link1_0_flan1:
    target_pose:
      position: [-0.1299594, -0.4240374, -0.04150879]
      orientation:
        - [0.9805694, 0.06794403, 0.1840577]
        - [0.08148982, 0.7123373, -0.6970939]
        - [-0.1784741, 0.6985409, 0.6929593]
  tf_mat_link4_0_flan4:
    target_pose:
      position: [-0.1456739, -0.6120908, 0.2225231]
      orientation:
        - [0.989213, -0.001630652, 0.1465087]
        - [0.1021971, -0.7088552, -0.6979147]
        - [0.1049915, 0.7053522, -0.701042]
step_7:
  tf_mat_link1_0_flan1:
    target_pose:
      position: [-0.1299791, -0.4239434, -0.04160245]
      orientation:
        - [0.9805694, 0.06794403, 0.1840577]
        - [0.08148982, 0.7123373, -0.6970939]
        - [-0.1784741, 0.6985409, 0.6929593]
  tf_mat_link4_0_flan4:
    target_pose:
      position: [-0.1456935, -0.6119971, 0.2226172]
      orientation:
        - [0.989213, -0.001630652, 0.1465087]
        - [0.1021971, -0.7088552, -0.6979147]
        - [0.1049915, 0.7053522, -0.701042]
step_8:
  tf_mat_link1_0_flan1:
    target_pose:
      position: [-0.1299987, -0.4238493, -0.04169613]
      orientation:
        - [0.9805694, 0.06794403, 0.1840577]
        - [0.08148982, 0.7123373, -0.6970939]
        - [-0.1784741, 0.6985409, 0.6929593]
  tf_mat_link4_0_flan4:
    target_pose:
      position: [-0.1457132, -0.6119034, 0.2227113]
      orientation:
        - [0.989213, -0.001630652, 0.1465087]
        - [0.1021971, -0.7088552, -0.6979147]
        - [0.1049915, 0.7053522, -0.701042]
step_9:
  tf_mat_link1_0_flan1:
    target_pose:
      position: [-0.1300184, -0.4237551, -0.04178983]
      orientation:
        - [0.9805694, 0.06794403, 0.1840577]
        - [0.08148982, 0.7123373, -0.6970939]
        - [-0.1784741, 0.6985409, 0.6929593]
  tf_mat_link4_0_flan4:
    target_pose:
      position: [-0.1457329, -0.6118097, 0.2228054]
      orientation:
        - [0.989213, -0.001630652, 0.1465087]
        - [0.1021971, -0.7088552, -0.6979147]
        - [0.1049915, 0.7053522, -0.701042]
step_10:
  tf_mat_link1_0_flan1:
    target_pose:
      position: [-0.1300381, -0.4236611, -0.04188348]
      orientation:
        - [0.9805694, 0.06794403, 0.1840577]
        - [0.08148982, 0.7123373, -0.6970939]
        - [-0.1784741, 0.6985409, 0.6929593]
  tf_mat_link4_0_flan4:
    target_pose:
      position: [-0.1457525, -0.6117161, 0.2228996]
      orientation:
        - [0.989213, -0.001630652, 0.1465087]
        - [0.1021971, -0.7088552, -0.6979147]
        - [0.1049915, 0.7053522, -0.701042]
step_11:
  tf_mat_link1_0_flan1:
    target_pose:
      position: [-0.1300577, -0.423567, -0.04197718]
      orientation:
        - [0.9805694, 0.06794403, 0.1840577]
        - [0.08148982, 0.7123373, -0.6970939]
        - [-0.1784741, 0.6985409, 0.6929593]
  tf_mat_link4_0_flan4:
    target_pose:
      position: [-0.1457722, -0.6116225, 0.2229936]
      orientation:
        - [0.989213, -0.001630652, 0.1465087]
        - [0.1021971, -0.7088552, -0.6979147]
        - [0.1049915, 0.7053522, -0.701042]
step_12:
  tf_mat_link1_0_flan1:
    target_pose:
      position: [-0.1300774, -0.4234729, -0.04207084]
      orientation:
        - [0.9805694, 0.06794403, 0.1840577]
        - [0.08148982, 0.7123373, -0.6970939]
        - [-0.1784741, 0.6985409, 0.6929593]
  tf_mat_link4_0_flan4:
    target_pose:
      position: [-0.1457919, -0.6115288, 0.2230877]
      orientation:
        - [0.989213, -0.001630652, 0.1465087]
        - [0.1021971, -0.7088552, -0.6979147]
        - [0.1049915, 0.7053522, -0.701042]
step_13:
  tf_mat_link1_0_flan1:
    target_pose:
      position: [-0.1300971, -0.4233787, -0.04216453]
      orientation:
        - [0.9805694, 0.06794403, 0.1840577]
        - [0.08148982, 0.7123373, -0.6970939]
        - [-0.1784741, 0.6985409, 0.6929593]
  tf_mat_link4_0_flan4:
    target_pose:
      position: [-0.1458115, -0.6114351, 0.2231819]
      orientation:
        - [0.989213, -0.001630652, 0.1465087]
        - [0.1021971, -0.7088552, -0.6979147]
        - [0.1049915, 0.7053522, -0.701042]
step_14:
  tf_mat_link1_0_flan1:
    target_pose:
      position: [-0.1301167, -0.4232846, -0.04225819]
      orientation:
        - [0.9805694, 0.06794403, 0.1840577]
        - [0.08148982, 0.7123373, -0.6970939]
        - [-0.1784741, 0.6985409, 0.6929593]
  tf_mat_link4_0_flan4:
    target_pose:
      position: [-0.1458312, -0.6113414, 0.223276]
      orientation:
        - [0.989213, -0.001630652, 0.1465087]
        - [0.1021971, -0.7088552, -0.6979147]
        - [0.1049915, 0.7053522, -0.701042]
step_15:
  tf_mat_link1_0_flan1:
    target_pose:
      position: [-0.1301364, -0.4231905, -0.04235189]
      orientation:
        - [0.9805694, 0.06794403, 0.1840577]
        - [0.08148982, 0.7123373, -0.6970939]
        - [-0.1784741, 0.6985409, 0.6929593]
  tf_mat_link4_0_flan4:
    target_pose:
      position: [-0.1458509, -0.6112477, 0.2233701]
      orientation:
        - [0.989213, -0.001630652, 0.1465087]
        - [0.1021971, -0.7088552, -0.6979147]
        - [0.1049915, 0.7053522, -0.701042]
step_16:
  tf_mat_link1_0_flan1:
    target_pose:
      position: [-0.1301561, -0.4230964, -0.04244554]
      orientation:
        - [0.9805694, 0.06794403, 0.1840577]
        - [0.08148982, 0.7123373, -0.6970939]
        - [-0.1784741, 0.6985409, 0.6929593]
  tf_mat_link4_0_flan4:
    target_pose:
      position: [-0.1458705, -0.611154, 0.2234641]
      orientation:
        - [0.989213, -0.001630652, 0.1465087]
        - [0.1021971, -0.7088552, -0.6979147]
        - [0.1049915, 0.7053522, -0.701042]
step_17:
  tf_mat_link1_0_flan1:
    target_pose:
      position: [-0.1301757, -0.4230023, -0.04253922]
      orientation:
        - [0.9805694, 0.06794403, 0.1840577]
        - [0.08148982, 0.7123373, -0.6970939]
        - [-0.1784741, 0.6985409, 0.6929593]
  tf_mat_link4_0_flan4:
    target_pose:
      position: [-0.1458902, -0.6110603, 0.2235583]
      orientation:
        - [0.989213, -0.001630652, 0.1465087]
        - [0.1021971, -0.7088552, -0.6979147]
        - [0.1049915, 0.7053522, -0.701042]
step_18:
  tf_mat_link1_0_flan1:
    target_pose:
      position: [-0.1301954, -0.4229082, -0.04263292]
      orientation:
        - [0.9805694, 0.06794403, 0.1840577]
        - [0.08148982, 0.7123373, -0.6970939]
        - [-0.1784741, 0.6985409, 0.6929593]
  tf_mat_link4_0_flan4:
    target_pose:
      position: [-0.1459099, -0.6109667, 0.2236523]
      orientation:
        - [0.989213, -0.001630652, 0.1465087]
        - [0.1021971, -0.7088552, -0.6979147]
        - [0.1049915, 0.7053522, -0.701042]
step_19:
  tf_mat_link1_0_flan1:
    target_pose:
      position: [-0.1302151, -0.4228142, -0.04272658]
      orientation:
        - [0.9805694, 0.06794403, 0.1840577]
        - [0.08148982, 0.7123373, -0.6970939]
        - [-0.1784741, 0.6985409, 0.6929593]
  tf_mat_link4_0_flan4:
    target_pose:
      position: [-0.1459295, -0.610873, 0.2237464]
      orientation:
        - [0.989213, -0.001630652, 0.1465087]
        - [0.1021971, -0.7088552, -0.6979147]
        - [0.1049915, 0.7053522, -0.701042]
step_20:
  tf_mat_link1_0_flan1:
    target_pose:
      position: [-0.1302347, -0.42272, -0.04282027]
      orientation:
        - [0.9805694, 0.06794403, 0.1840577]
        - [0.08148982, 0.7123373, -0.6970939]
        - [-0.1784741, 0.6985409, 0.6929593]
  tf_mat_link4_0_flan4:
    target_pose:
      position: [-0.1459492, -0.6107793, 0.2238405]
      orientation:
        - [0.989213, -0.001630652, 0.1465087]
        - [0.1021971, -0.7088552, -0.6979147]
        - [0.1049915, 0.7053522, -0.701042]
step_21:
  tf_mat_link1_0_flan1:
    target_pose:
      position: [-0.1302544, -0.4226259, -0.04291397]
      orientation:
        - [0.9805694, 0.06794403, 0.1840577]
        - [0.08148982, 0.7123373, -0.6970939]
        - [-0.1784741, 0.6985409, 0.6929593]
  tf_mat_link4_0_flan4:
    target_pose:
      position: [-0.1459689, -0.6106856, 0.2239346]
      orientation:
        - [0.989213, -0.001630652, 0.1465087]
        - [0.1021971, -0.7088552, -0.6979147]
        - [0.1049915, 0.7053522, -0.701042]
step_22:
  tf_mat_link1_0_flan1:
    target_pose:
      position: [-0.1302741, -0.4225319, -0.04300761]
      orientation:
        - [0.9805694, 0.06794403, 0.1840577]
        - [0.08148982, 0.7123373, -0.6970939]
        - [-0.1784741, 0.6985409, 0.6929593]
  tf_mat_link4_0_flan4:
    target_pose:
      position: [-0.1459885, -0.6105919, 0.2240287]
      orientation:
        - [0.989213, -0.001630652, 0.1465087]
        - [0.1021971, -0.7088552, -0.6979147]
        - [0.1049915, 0.7053522, -0.701042]
step_23:
  tf_mat_link1_0_flan1:
    target_pose:
      position: [-0.1302937, -0.4224378, -0.04310131]
      orientation:
        - [0.9805694, 0.06794403, 0.1840577]
        - [0.08148982, 0.7123373, -0.6970939]
        - [-0.1784741, 0.6985409, 0.6929593]
  tf_mat_link4_0_flan4:
    target_pose:
      position: [-0.1460082, -0.6104982, 0.2241229]
      orientation:
        - [0.989213, -0.001630652, 0.1465087]
        - [0.1021971, -0.7088552, -0.6979147]
        - [0.1049915, 0.7053522, -0.701042]
step_24:
  tf_mat_link1_0_flan1:
    target_pose:
      position: [-0.1303134, -0.4223436, -0.04319501]
      orientation:
        - [0.9805694, 0.06794403, 0.1840577]
        - [0.08148982, 0.7123373, -0.6970939]
        - [-0.1784741, 0.6985409, 0.6929593]
  tf_mat_link4_0_flan4:
    target_pose:
      position: [-0.1460279, -0.6104046, 0.224217]
      orientation:
        - [0.989213, -0.001630652, 0.1465087]
        - [0.1021971, -0.7088552, -0.6979147]
        - [0.1049915, 0.7053522, -0.701042]
step_25:
  tf_mat_link1_0_flan1:
    target_pose:
      position: [-0.1303331, -0.4222495, -0.04328871]
      orientation:
        - [0.9805694, 0.06794403, 0.1840577]
        - [0.08148982, 0.7123373, -0.6970939]
        - [-0.1784741, 0.6985409, 0.6929593]
  tf_mat_link4_0_flan4:
    target_pose:
      position: [-0.1460475, -0.6103109, 0.2243111]
      orientation:
        - [0.989213, -0.001630652, 0.1465087]
        - [0.1021971, -0.7088552, -0.6979147]
        - [0.1049915, 0.7053522, -0.701042]
step_26:
  tf_mat_link1_0_flan1:
    target_pose:
      position: [-0.1303527, -0.4221554, -0.04338233]
      orientation:
        - [0.9805694, 0.06794403, 0.1840577]
        - [0.08148982, 0.7123373, -0.6970939]
        - [-0.1784741, 0.6985409, 0.6929593]
  tf_mat_link4_0_flan4:
    target_pose:
      position: [-0.1460672, -0.6102172, 0.2244052]
      orientation:
        - [0.989213, -0.001630652, 0.1465087]
        - [0.1021971, -0.7088552, -0.6979147]
        - [0.1049915, 0.7053522, -0.701042]
step_27:
  tf_mat_link1_0_flan1:
    target_pose:
      position: [-0.1303724, -0.4220613, -0.04347602]
      orientation:
        - [0.9805694, 0.06794403, 0.1840577]
        - [0.08148982, 0.7123373, -0.6970939]
        - [-0.1784741, 0.6985409, 0.6929593]
  tf_mat_link4_0_flan4:
    target_pose:
      position: [-0.1460869, -0.6101236, 0.2244992]
      orientation:
        - [0.989213, -0.001630652, 0.1465087]
        - [0.1021971, -0.7088552, -0.6979147]
        - [0.1049915, 0.7053522, -0.701042]
step_28:
  tf_mat_link1_0_flan1:
    target_pose:
      position: [-0.130392, -0.4219672, -0.04356971]
      orientation:
        - [0.9805694, 0.06794403, 0.1840577]
        - [0.08148982, 0.7123373, -0.6970939]
        - [-0.1784741, 0.6985409, 0.6929593]
  tf_mat_link4_0_flan4:
    target_pose:
      position: [-0.1461065, -0.6100299, 0.2245934]
      orientation:
        - [0.989213, -0.001630652, 0.1465087]
        - [0.1021971, -0.7088552, -0.6979147]
        - [0.1049915, 0.7053522, -0.701042]
step_29:
  tf_mat_link1_0_flan1:
    target_pose:
      position: [-0.1304117, -0.4218731, -0.04366337]
      orientation:
        - [0.9805694, 0.06794403, 0.1840577]
        - [0.08148982, 0.7123373, -0.6970939]
        - [-0.1784741, 0.6985409, 0.6929593]
  tf_mat_link4_0_flan4:
    target_pose:
      position: [-0.1461262, -0.6099362, 0.2246874]
      orientation:
        - [0.989213, -0.001630652, 0.1465087]
        - [0.1021971, -0.7088552, -0.6979147]
        - [0.1049915, 0.7053522, -0.701042]
step_30:
  tf_mat_link1_0_flan1:
    target_pose:
      position: [-0.1304314, -0.4217791, -0.04375702]
      orientation:
        - [0.9805694, 0.06794403, 0.1840577]
        - [0.08148982, 0.7123373, -0.6970939]
        - [-0.1784741, 0.6985409, 0.6929593]
  tf_mat_link4_0_flan4:
    target_pose:
      position: [-0.1461459, -0.6098425, 0.2247815]
      orientation:
        - [0.989213, -0.001630652, 0.1465087]
        - [0.1021971, -0.7088552, -0.6979147]
        - [0.1049915, 0.7053522, -0.701042]
step_31:
  tf_mat_link1_0_flan1:
    target_pose:
      position: [-0.1304511, -0.421685, -0.04385075]
      orientation:
        - [0.9805694, 0.06794403, 0.1840577]
        - [0.08148982, 0.7123373, -0.6970939]
        - [-0.1784741, 0.6985409, 0.6929593]
  tf_mat_link4_0_flan4:
    target_pose:
      position: [-0.1461655, -0.6097488, 0.2248756]
      orientation:
        - [0.989213, -0.001630652, 0.1465087]
        - [0.1021971, -0.7088552, -0.6979147]
        - [0.1049915, 0.7053522, -0.701042]
step_32:
  tf_mat_link1_0_flan1:
    target_pose:
      position: [-0.1304707, -0.4215909, -0.0439444]
      orientation:
        - [0.9805694, 0.06794403, 0.1840577]
        - [0.08148982, 0.7123373, -0.6970939]
        - [-0.1784741, 0.6985409, 0.6929593]
  tf_mat_link4_0_flan4:
    target_pose:
      position: [-0.1461852, -0.6096552, 0.2249696]
      orientation:
        - [0.989213, -0.001630652, 0.1465087]
        - [0.1021971, -0.7088552, -0.6979147]
        - [0.1049915, 0.7053522, -0.701042]
step_33:
  tf_mat_link1_0_flan1:
    target_pose:
      position: [-0.1304904, -0.4214968, -0.04403809]
      orientation:
        - [0.9805694, 0.06794403, 0.1840577]
        - [0.08148982, 0.7123373, -0.6970939]
        - [-0.1784741, 0.6985409, 0.6929593]
  tf_mat_link4_0_flan4:
    target_pose:
      position: [-0.1462049, -0.6095615, 0.2250638]
      orientation:
        - [0.989213, -0.001630652, 0.1465087]
        - [0.1021971, -0.7088552, -0.6979147]
        - [0.1049915, 0.7053522, -0.701042]
step_34:
  tf_mat_link1_0_flan1:
    target_pose:
      position: [-0.13051, -0.4214027, -0.04413183]
      orientation:
        - [0.9805694, 0.06794403, 0.1840577]
        - [0.08148982, 0.7123373, -0.6970939]
        - [-0.1784741, 0.6985409, 0.6929593]
  tf_mat_link4_0_flan4:
    target_pose:
      position: [-0.1462245, -0.6094677, 0.2251579]
      orientation:
        - [0.989213, -0.001630652, 0.1465087]
        - [0.1021971, -0.7088552, -0.6979147]
        - [0.1049915, 0.7053522, -0.701042]
step_35:
  tf_mat_link1_0_flan1:
    target_pose:
      position: [-0.1305297, -0.4213086, -0.04422548]
      orientation:
        - [0.9805694, 0.06794403, 0.1840577]
        - [0.08148982, 0.7123373, -0.6970939]
        - [-0.1784741, 0.6985409, 0.6929593]
  tf_mat_link4_0_flan4:
    target_pose:
      position: [-0.1462442, -0.6093741, 0.225252]
      orientation:
        - [0.989213, -0.001630652, 0.1465087]
        - [0.1021971, -0.7088552, -0.6979147]
        - [0.1049915, 0.7053522, -0.701042]
step_36:
  tf_mat_link1_0_flan1:
    target_pose:
      position: [-0.1305494, -0.4212144, -0.04431914]
      orientation:
        - [0.9805694, 0.06794403, 0.1840577]
        - [0.08148982, 0.7123373, -0.6970939]
        - [-0.1784741, 0.6985409, 0.6929593]
  tf_mat_link4_0_flan4:
    target_pose:
      position: [-0.1462639, -0.6092803, 0.2253461]
      orientation:
        - [0.989213, -0.001630652, 0.1465087]
        - [0.1021971, -0.7088552, -0.6979147]
        - [0.1049915, 0.7053522, -0.701042]
step_37:
  tf_mat_link1_0_flan1:
    target_pose:
      position: [-0.130569, -0.4211204, -0.04441279]
      orientation:
        - [0.9805694, 0.06794403, 0.1840577]
        - [0.08148982, 0.7123373, -0.6970939]
        - [-0.1784741, 0.6985409, 0.6929593]
  tf_mat_link4_0_flan4:
    target_pose:
      position: [-0.1462835, -0.6091868, 0.2254402]
      orientation:
        - [0.989213, -0.001630652, 0.1465087]
        - [0.1021971, -0.7088552, -0.6979147]
        - [0.1049915, 0.7053522, -0.701042]
step_38:
  tf_mat_link1_0_flan1:
    target_pose:
      position: [-0.1305887, -0.4210263, -0.04450645]
      orientation:
        - [0.9805694, 0.06794403, 0.1840577]
        - [0.08148982, 0.7123373, -0.6970939]
        - [-0.1784741, 0.6985409, 0.6929593]
  tf_mat_link4_0_flan4:
    target_pose:
      position: [-0.1463032, -0.6090931, 0.2255343]
      orientation:
        - [0.989213, -0.001630652, 0.1465087]
        - [0.1021971, -0.7088552, -0.6979147]
        - [0.1049915, 0.7053522, -0.701042]
step_39:
  tf_mat_link1_0_flan1:
    target_pose:
      position: [-0.1306084, -0.4209321, -0.04460019]
      orientation:
        - [0.9805694, 0.06794403, 0.1840577]
        - [0.08148982, 0.7123373, -0.6970939]
        - [-0.1784741, 0.6985409, 0.6929593]
  tf_mat_link4_0_flan4:
    target_pose:
      position: [-0.1463228, -0.6089994, 0.2256284]
      orientation:
        - [0.989213, -0.001630652, 0.1465087]
        - [0.1021971, -0.7088552, -0.6979147]
        - [0.1049915, 0.7053522, -0.701042]
step_40:
  tf_mat_link1_0_flan1:
    target_pose:
      position: [-0.130628, -0.4208381, -0.04469384]
      orientation:
        - [0.9805694, 0.06794403, 0.1840577]
        - [0.08148982, 0.7123373, -0.6970939]
        - [-0.1784741, 0.6985409, 0.6929593]
  tf_mat_link4_0_flan4:
    target_pose:
      position: [-0.1463425, -0.6089057, 0.2257224]
      orientation:
        - [0.989213, -0.001630652, 0.1465087]
        - [0.1021971, -0.7088552, -0.6979147]
        - [0.1049915, 0.7053522, -0.701042]
step_41:
  tf_mat_link1_0_flan1:
    target_pose:
      position: [-0.1306477, -0.420744, -0.04478753]
      orientation:
        - [0.9805694, 0.06794403, 0.1840577]
        - [0.08148982, 0.7123373, -0.6970939]
        - [-0.1784741, 0.6985409, 0.6929593]
  tf_mat_link4_0_flan4:
    target_pose:
      position: [-0.1463622, -0.6088121, 0.2258166]
      orientation:
        - [0.989213, -0.001630652, 0.1465087]
        - [0.1021971, -0.7088552, -0.6979147]
        - [0.1049915, 0.7053522, -0.701042]
step_42:
  tf_mat_link1_0_flan1:
    target_pose:
      position: [-0.1306674, -0.4206499, -0.04488118]
      orientation:
        - [0.9805694, 0.06794403, 0.1840577]
        - [0.08148982, 0.7123373, -0.6970939]
        - [-0.1784741, 0.6985409, 0.6929593]
  tf_mat_link4_0_flan4:
    target_pose:
      position: [-0.1463819, -0.6087183, 0.2259107]
      orientation:
        - [0.989213, -0.001630652, 0.1465087]
        - [0.1021971, -0.7088552, -0.6979147]
        - [0.1049915, 0.7053522, -0.701042]
step_43:
  tf_mat_link1_0_flan1:
    target_pose:
      position: [-0.130687, -0.4205558, -0.04497491]
      orientation:
        - [0.9805694, 0.06794403, 0.1840577]
        - [0.08148982, 0.7123373, -0.6970939]
        - [-0.1784741, 0.6985409, 0.6929593]
  tf_mat_link4_0_flan4:
    target_pose:
      position: [-0.1464015, -0.6086247, 0.2260047]
      orientation:
        - [0.989213, -0.001630652, 0.1465087]
        - [0.1021971, -0.7088552, -0.6979147]
        - [0.1049915, 0.7053522, -0.701042]
step_44:
  tf_mat_link1_0_flan1:
    target_pose:
      position: [-0.1307067, -0.4204616, -0.04506865]
      orientation:
        - [0.9805694, 0.06794403, 0.1840577]
        - [0.08148982, 0.7123373, -0.6970939]
        - [-0.1784741, 0.6985409, 0.6929593]
  tf_mat_link4_0_flan4:
    target_pose:
      position: [-0.1464212, -0.608531, 0.2260989]
      orientation:
        - [0.989213, -0.001630652, 0.1465087]
        - [0.1021971, -0.7088552, -0.6979147]
        - [0.1049915, 0.7053522, -0.701042]
step_45:
  tf_mat_link1_0_flan1:
    target_pose:
      position: [-0.1307264, -0.4203676, -0.04516226]
      orientation:
        - [0.9805694, 0.06794403, 0.1840577]
        - [0.08148982, 0.7123373, -0.6970939]
        - [-0.1784741, 0.6985409, 0.6929593]
  tf_mat_link4_0_flan4:
    target_pose:
      position: [-0.1464408, -0.6084373, 0.226193]
      orientation:
        - [0.989213, -0.001630652, 0.1465087]
        - [0.1021971, -0.7088552, -0.6979147]
        - [0.1049915, 0.7053522, -0.701042]
step_46:
  tf_mat_link1_0_flan1:
    target_pose:
      position: [-0.130746, -0.4202735, -0.04525593]
      orientation:
        - [0.9805694, 0.06794403, 0.1840577]
        - [0.08148982, 0.7123373, -0.6970939]
        - [-0.1784741, 0.6985409, 0.6929593]
  tf_mat_link4_0_flan4:
    target_pose:
      position: [-0.1464605, -0.6083437, 0.2262871]
      orientation:
        - [0.989213, -0.001630652, 0.1465087]
        - [0.1021971, -0.7088552, -0.6979147]
        - [0.1049915, 0.7053522, -0.701042]
step_47:
  tf_mat_link1_0_flan1:
    target_pose:
      position: [-0.1307657, -0.4201794, -0.04534961]
      orientation:
        - [0.9805694, 0.06794403, 0.1840577]
        - [0.08148982, 0.7123373, -0.6970939]
        - [-0.1784741, 0.6985409, 0.6929593]
  tf_mat_link4_0_flan4:
    target_pose:
      position: [-0.1464802, -0.60825, 0.2263812]
      orientation:
        - [0.989213, -0.001630652, 0.1465087]
        - [0.1021971, -0.7088552, -0.6979147]
        - [0.1049915, 0.7053522, -0.701042]
step_48:
  tf_mat_link1_0_flan1:
    target_pose:
      position: [-0.1307854, -0.4200853, -0.04544327]
      orientation:
        - [0.9805694, 0.06794403, 0.1840577]
        - [0.08148982, 0.7123373, -0.6970939]
        - [-0.1784741, 0.6985409, 0.6929593]
  tf_mat_link4_0_flan4:
    target_pose:
      position: [-0.1464998, -0.6081563, 0.2264753]
      orientation:
        - [0.989213, -0.001630652, 0.1465087]
        - [0.1021971, -0.7088552, -0.6979147]
        - [0.1049915, 0.7053522, -0.701042]
step_49:
  tf_mat_link1_0_flan1:
    target_pose:
      position: [-0.130805, -0.4199912, -0.04553697]
      orientation:
        - [0.9805694, 0.06794403, 0.1840577]
        - [0.08148982, 0.7123373, -0.6970939]
        - [-0.1784741, 0.6985409, 0.6929593]
  tf_mat_link4_0_flan4:
    target_pose:
      position: [-0.1465195, -0.6080626, 0.2265694]
      orientation:
        - [0.989213, -0.001630652, 0.1465087]
        - [0.1021971, -0.7088552, -0.6979147]
        - [0.1049915, 0.7053522, -0.701042]
step_50:
  tf_mat_link1_0_flan1:
    target_pose:
      position: [-0.1308247, -0.419897, -0.04563066]
      orientation:
        - [0.9805694, 0.06794403, 0.1840577]
        - [0.08148982, 0.7123373, -0.6970939]
        - [-0.1784741, 0.6985409, 0.6929593]
  tf_mat_link4_0_flan4:
    target_pose:
      position: [-0.1465392, -0.6079689, 0.2266635]
      orientation:
        - [0.989213, -0.001630652, 0.1465087]
        - [0.1021971, -0.7088552, -0.6979147]
        - [0.1049915, 0.7053522, -0.701042]
step_51:
  tf_mat_link1_0_flan1:
    target_pose:
      position: [-0.1308444, -0.419803, -0.04572432]
      orientation:
        - [0.9805694, 0.06794403, 0.1840577]
        - [0.08148982, 0.7123373, -0.6970939]
        - [-0.1784741, 0.6985409, 0.6929593]
  tf_mat_link4_0_flan4:
    target_pose:
      position: [-0.1465589, -0.6078752, 0.2267576]
      orientation:
        - [0.989213, -0.001630652, 0.1465087]
        - [0.1021971, -0.7088552, -0.6979147]
        - [0.1049915, 0.7053522, -0.701042]
step_52:
  tf_mat_link1_0_flan1:
    target_pose:
      position: [-0.130864, -0.4197089, -0.045818]
      orientation:
        - [0.9805694, 0.06794403, 0.1840577]
        - [0.08148982, 0.7123373, -0.6970939]
        - [-0.1784741, 0.6985409, 0.6929593]
  tf_mat_link4_0_flan4:
    target_pose:
      position: [-0.1465785, -0.6077815, 0.2268517]
      orientation:
        - [0.989213, -0.001630652, 0.1465087]
        - [0.1021971, -0.7088552, -0.6979147]
        - [0.1049915, 0.7053522, -0.701042]
step_53:
  tf_mat_link1_0_flan1:
    target_pose:
      position: [-0.1308837, -0.4196148, -0.0459117]
      orientation:
        - [0.9805694, 0.06794403, 0.1840577]
        - [0.08148982, 0.7123373, -0.6970939]
        - [-0.1784741, 0.6985409, 0.6929593]
  tf_mat_link4_0_flan4:
    target_pose:
      position: [-0.1465982, -0.6076879, 0.2269458]
      orientation:
        - [0.989213, -0.001630652, 0.1465087]
        - [0.1021971, -0.7088552, -0.6979147]
        - [0.1049915, 0.7053522, -0.701042]
step_54:
  tf_mat_link1_0_flan1:
    target_pose:
      position: [-0.1309033, -0.4195207, -0.04600535]
      orientation:
        - [0.9805694, 0.06794403, 0.1840577]
        - [0.08148982, 0.7123373, -0.6970939]
        - [-0.1784741, 0.6985409, 0.6929593]
  tf_mat_link4_0_flan4:
    target_pose:
      position: [-0.1466178, -0.6075942, 0.2270399]
      orientation:
        - [0.989213, -0.001630652, 0.1465087]
        - [0.1021971, -0.7088552, -0.6979147]
        - [0.1049915, 0.7053522, -0.701042]
step_55:
  tf_mat_link1_0_flan1:
    target_pose:
      position: [-0.130923, -0.4194266, -0.04609905]
      orientation:
        - [0.9805694, 0.06794403, 0.1840577]
        - [0.08148982, 0.7123373, -0.6970939]
        - [-0.1784741, 0.6985409, 0.6929593]
  tf_mat_link4_0_flan4:
    target_pose:
      position: [-0.1466375, -0.6075005, 0.227134]
      orientation:
        - [0.989213, -0.001630652, 0.1465087]
        - [0.1021971, -0.7088552, -0.6979147]
        - [0.1049915, 0.7053522, -0.701042]
step_56:
  tf_mat_link1_0_flan1:
    target_pose:
      position: [-0.1309427, -0.4193325, -0.04619274]
      orientation:
        - [0.9805694, 0.06794403, 0.1840577]
        - [0.08148982, 0.7123373, -0.6970939]
        - [-0.1784741, 0.6985409, 0.6929593]
  tf_mat_link4_0_flan4:
    target_pose:
      position: [-0.1466572, -0.6074069, 0.2272281]
      orientation:
        - [0.989213, -0.001630652, 0.1465087]
        - [0.1021971, -0.7088552, -0.6979147]
        - [0.1049915, 0.7053522, -0.701042]
step_57:
  tf_mat_link1_0_flan1:
    target_pose:
      position: [-0.1309624, -0.4192384, -0.04628643]
      orientation:
        - [0.9805694, 0.06794403, 0.1840577]
        - [0.08148982, 0.7123373, -0.6970939]
        - [-0.1784741, 0.6985409, 0.6929593]
  tf_mat_link4_0_flan4:
    target_pose:
      position: [-0.1466768, -0.6073132, 0.2273222]
      orientation:
        - [0.989213, -0.001630652, 0.1465087]
        - [0.1021971, -0.7088552, -0.6979147]
        - [0.1049915, 0.7053522, -0.701042]
step_58:
  tf_mat_link1_0_flan1:
    target_pose:
      position: [-0.130982, -0.4191443, -0.04638009]
      orientation:
        - [0.9805694, 0.06794403, 0.1840577]
        - [0.08148982, 0.7123373, -0.6970939]
        - [-0.1784741, 0.6985409, 0.6929593]
  tf_mat_link4_0_flan4:
    target_pose:
      position: [-0.1466965, -0.6072195, 0.2274163]
      orientation:
        - [0.989213, -0.001630652, 0.1465087]
        - [0.1021971, -0.7088552, -0.6979147]
        - [0.1049915, 0.7053522, -0.701042]
step_59:
  tf_mat_link1_0_flan1:
    target_pose:
      position: [-0.1310017, -0.4190502, -0.04647379]
      orientation:
        - [0.9805694, 0.06794403, 0.1840577]
        - [0.08148982, 0.7123373, -0.6970939]
        - [-0.1784741, 0.6985409, 0.6929593]
  tf_mat_link4_0_flan4:
    target_pose:
      position: [-0.1467162, -0.6071258, 0.2275104]
      orientation:
        - [0.989213, -0.001630652, 0.1465087]
        - [0.1021971, -0.7088552, -0.6979147]
        - [0.1049915, 0.7053522, -0.701042]
step_60:
  tf_mat_link1_0_flan1:
    target_pose:
      position: [-0.1310214, -0.4189561, -0.04656745]
      orientation:
        - [0.9805694, 0.06794403, 0.1840577]
        - [0.08148982, 0.7123373, -0.6970939]
        - [-0.1784741, 0.6985409, 0.6929593]
  tf_mat_link4_0_flan4:
    target_pose:
      position: [-0.1467358, -0.6070321, 0.2276045]
      orientation:
        - [0.989213, -0.001630652, 0.1465087]
        - [0.1021971, -0.7088552, -0.6979147]
        - [0.1049915, 0.7053522, -0.701042]
step_61:
  tf_mat_link1_0_flan1:
    target_pose:
      position: [-0.131041, -0.418862, -0.04666114]
      orientation:
        - [0.9805694, 0.06794403, 0.1840577]
        - [0.08148982, 0.7123373, -0.6970939]
        - [-0.1784741, 0.6985409, 0.6929593]
  tf_mat_link4_0_flan4:
    target_pose:
      position: [-0.1467555, -0.6069384, 0.2276986]
      orientation:
        - [0.989213, -0.001630652, 0.1465087]
        - [0.1021971, -0.7088552, -0.6979147]
        - [0.1049915, 0.7053522, -0.701042]
step_62:
  tf_mat_link1_0_flan1:
    target_pose:
      position: [-0.1310607, -0.4187679, -0.04675479]
      orientation:
        - [0.9805694, 0.06794403, 0.1840577]
        - [0.08148982, 0.7123373, -0.6970939]
        - [-0.1784741, 0.6985409, 0.6929593]
  tf_mat_link4_0_flan4:
    target_pose:
      position: [-0.1467752, -0.6068447, 0.2277927]
      orientation:
        - [0.989213, -0.001630652, 0.1465087]
        - [0.1021971, -0.7088552, -0.6979147]
        - [0.1049915, 0.7053522, -0.701042]
step_63:
  tf_mat_link1_0_flan1:
    target_pose:
      position: [-0.1310803, -0.4186738, -0.04684849]
      orientation:
        - [0.9805694, 0.06794403, 0.1840577]
        - [0.08148982, 0.7123373, -0.6970939]
        - [-0.1784741, 0.6985409, 0.6929593]
  tf_mat_link4_0_flan4:
    target_pose:
      position: [-0.1467948, -0.6067511, 0.2278868]
      orientation:
        - [0.989213, -0.001630652, 0.1465087]
        - [0.1021971, -0.7088552, -0.6979147]
        - [0.1049915, 0.7053522, -0.701042]
step_64:
  tf_mat_link1_0_flan1:
    target_pose:
      position: [-0.1311, -0.4185797, -0.04694219]
      orientation:
        - [0.9805694, 0.06794403, 0.1840577]
        - [0.08148982, 0.7123373, -0.6970939]
        - [-0.1784741, 0.6985409, 0.6929593]
  tf_mat_link4_0_flan4:
    target_pose:
      position: [-0.1468145, -0.6066574, 0.2279809]
      orientation:
        - [0.989213, -0.001630652, 0.1465087]
        - [0.1021971, -0.7088552, -0.6979147]
        - [0.1049915, 0.7053522, -0.701042]
step_65:
  tf_mat_link1_0_flan1:
    target_pose:
      position: [-0.1311197, -0.4184856, -0.04703584]
      orientation:
        - [0.9805694, 0.06794403, 0.1840577]
        - [0.08148982, 0.7123373, -0.6970939]
        - [-0.1784741, 0.6985409, 0.6929593]
  tf_mat_link4_0_flan4:
    target_pose:
      position: [-0.1468342, -0.6065637, 0.228075]
      orientation:
        - [0.989213, -0.001630652, 0.1465087]
        - [0.1021971, -0.7088552, -0.6979147]
        - [0.1049915, 0.7053522, -0.701042]
step_66:
  tf_mat_link1_0_flan1:
    target_pose:
      position: [-0.1311394, -0.4183915, -0.04712953]
      orientation:
        - [0.9805694, 0.06794403, 0.1840577]
        - [0.08148982, 0.7123373, -0.6970939]
        - [-0.1784741, 0.6985409, 0.6929593]
  tf_mat_link4_0_flan4:
    target_pose:
      position: [-0.1468538, -0.60647, 0.2281691]
      orientation:
        - [0.989213, -0.001630652, 0.1465087]
        - [0.1021971, -0.7088552, -0.6979147]
        - [0.1049915, 0.7053522, -0.701042]
step_67:
  tf_mat_link1_0_flan1:
    target_pose:
      position: [-0.131159, -0.4182974, -0.04722323]
      orientation:
        - [0.9805694, 0.06794403, 0.1840577]
        - [0.08148982, 0.7123373, -0.6970939]
        - [-0.1784741, 0.6985409, 0.6929593]
  tf_mat_link4_0_flan4:
    target_pose:
      position: [-0.1468735, -0.6063763, 0.2282632]
      orientation:
        - [0.989213, -0.001630652, 0.1465087]
        - [0.1021971, -0.7088552, -0.6979147]
        - [0.1049915, 0.7053522, -0.701042]
step_68:
  tf_mat_link1_0_flan1:
    target_pose:
      position: [-0.1311787, -0.4182033, -0.04731688]
      orientation:
        - [0.9805694, 0.06794403, 0.1840577]
        - [0.08148982, 0.7123373, -0.6970939]
        - [-0.1784741, 0.6985409, 0.6929593]
  tf_mat_link4_0_flan4:
    target_pose:
      position: [-0.1468932, -0.6062827, 0.2283573]
      orientation:
        - [0.989213, -0.001630652, 0.1465087]
        - [0.1021971, -0.7088552, -0.6979147]
        - [0.1049915, 0.7053522, -0.701042]
step_69:
  tf_mat_link1_0_flan1:
    target_pose:
      position: [-0.1311983, -0.4181091, -0.04741058]
      orientation:
        - [0.9805694, 0.06794403, 0.1840577]
        - [0.08148982, 0.7123373, -0.6970939]
        - [-0.1784741, 0.6985409, 0.6929593]
  tf_mat_link4_0_flan4:
    target_pose:
      position: [-0.1469128, -0.606189, 0.2284514]
      orientation:
        - [0.989213, -0.001630652, 0.1465087]
        - [0.1021971, -0.7088552, -0.6979147]
        - [0.1049915, 0.7053522, -0.701042]
step_70:
  tf_mat_link1_0_flan1:
    target_pose:
      position: [-0.131218, -0.4180151, -0.04750426]
      orientation:
        - [0.9805694, 0.06794403, 0.1840577]
        - [0.08148982, 0.7123373, -0.6970939]
        - [-0.1784741, 0.6985409, 0.6929593]
  tf_mat_link4_0_flan4:
    target_pose:
      position: [-0.1469325, -0.6060953, 0.2285455]
      orientation:
        - [0.989213, -0.001630652, 0.1465087]
        - [0.1021971, -0.7088552, -0.6979147]
        - [0.1049915, 0.7053522, -0.701042]
step_71:
  tf_mat_link1_0_flan1:
    target_pose:
      position: [-0.1312377, -0.417921, -0.04759791]
      orientation:
        - [0.9805694, 0.06794403, 0.1840577]
        - [0.08148982, 0.7123373, -0.6970939]
        - [-0.1784741, 0.6985409, 0.6929593]
  tf_mat_link4_0_flan4:
    target_pose:
      position: [-0.1469522, -0.6060016, 0.2286396]
      orientation:
        - [0.989213, -0.001630652, 0.1465087]
        - [0.1021971, -0.7088552, -0.6979147]
        - [0.1049915, 0.7053522, -0.701042]
step_72:
  tf_mat_link1_0_flan1:
    target_pose:
      position: [-0.1312574, -0.4178269, -0.04769161]
      orientation:
        - [0.9805694, 0.06794403, 0.1840577]
        - [0.08148982, 0.7123373, -0.6970939]
        - [-0.1784741, 0.6985409, 0.6929593]
  tf_mat_link4_0_flan4:
    target_pose:
      position: [-0.1469719, -0.605908, 0.2287337]
      orientation:
        - [0.989213, -0.001630652, 0.1465087]
        - [0.1021971, -0.7088552, -0.6979147]
        - [0.1049915, 0.7053522, -0.701042]
step_73:
  tf_mat_link1_0_flan1:
    target_pose:
      position: [-0.131277, -0.4177328, -0.04778531]
      orientation:
        - [0.9805694, 0.06794403, 0.1840577]
        - [0.08148982, 0.7123373, -0.6970939]
        - [-0.1784741, 0.6985409, 0.6929593]
  tf_mat_link4_0_flan4:
    target_pose:
      position: [-0.1469915, -0.6058143, 0.2288278]
      orientation:
        - [0.989213, -0.001630652, 0.1465087]
        - [0.1021971, -0.7088552, -0.6979147]
        - [0.1049915, 0.7053522, -0.701042]
step_74:
  tf_mat_link1_0_flan1:
    target_pose:
      position: [-0.1312967, -0.4176387, -0.04787894]
      orientation:
        - [0.9805694, 0.06794403, 0.1840577]
        - [0.08148982, 0.7123373, -0.6970939]
        - [-0.1784741, 0.6985409, 0.6929593]
  tf_mat_link4_0_flan4:
    target_pose:
      position: [-0.1470111, -0.6057206, 0.2289219]
      orientation:
        - [0.989213, -0.001630652, 0.1465087]
        - [0.1021971, -0.7088552, -0.6979147]
        - [0.1049915, 0.7053522, -0.701042]
step_75:
  tf_mat_link1_0_flan1:
    target_pose:
      position: [-0.1313163, -0.4175446, -0.04797262]
      orientation:
        - [0.9805694, 0.06794403, 0.1840577]
        - [0.08148982, 0.7123373, -0.6970939]
        - [-0.1784741, 0.6985409, 0.6929593]
  tf_mat_link4_0_flan4:
    target_pose:
      position: [-0.1470308, -0.6056269, 0.229016]
      orientation:
        - [0.989213, -0.001630652, 0.1465087]
        - [0.1021971, -0.7088552, -0.6979147]
        - [0.1049915, 0.7053522, -0.701042]
step_76:
  tf_mat_link1_0_flan1:
    target_pose:
      position: [-0.131336, -0.4174505, -0.04806632]
      orientation:
        - [0.9805694, 0.06794403, 0.1840577]
        - [0.08148982, 0.7123373, -0.6970939]
        - [-0.1784741, 0.6985409, 0.6929593]
  tf_mat_link4_0_flan4:
    target_pose:
      position: [-0.1470505, -0.6055332, 0.2291101]
      orientation:
        - [0.989213, -0.001630652, 0.1465087]
        - [0.1021971, -0.7088552, -0.6979147]
        - [0.1049915, 0.7053522, -0.701042]
step_77:
  tf_mat_link1_0_flan1:
    target_pose:
      position: [-0.1313557, -0.4173563, -0.04816002]
      orientation:
        - [0.9805694, 0.06794403, 0.1840577]
        - [0.08148982, 0.7123373, -0.6970939]
        - [-0.1784741, 0.6985409, 0.6929593]
  tf_mat_link4_0_flan4:
    target_pose:
      position: [-0.1470701, -0.6054395, 0.2292042]
      orientation:
        - [0.989213, -0.001630652, 0.1465087]
        - [0.1021971, -0.7088552, -0.6979147]
        - [0.1049915, 0.7053522, -0.701042]
step_78:
  tf_mat_link1_0_flan1:
    target_pose:
      position: [-0.1313753, -0.4172623, -0.0482537]
      orientation:
        - [0.9805694, 0.06794403, 0.1840577]
        - [0.08148982, 0.7123373, -0.6970939]
        - [-0.1784741, 0.6985409, 0.6929593]
  tf_mat_link4_0_flan4:
    target_pose:
      position: [-0.1470898, -0.6053459, 0.2292983]
      orientation:
        - [0.989213, -0.001630652, 0.1465087]
        - [0.1021971, -0.7088552, -0.6979147]
        - [0.1049915, 0.7053522, -0.701042]
step_79:
