step_0:
  tf_mat_link1_0_flan1:
    target_pose:
      position: [-0.1446796, -0.4261769, -0.03941366]
      orientation:
        - [0.9805694, 0.06794403, 0.1840577]
        - [0.08148982, 0.7123373, -0.6970939]
        - [-0.1784741, 0.6985409, 0.6929593]
  tf_mat_link4_0_flan4:
    target_pose:
      position: [-0.1603941, -0.6141859, 0.2203836]
      orientation:
        - [0.989213, -0.001630652, 0.1465087]
        - [0.1021971, -0.7088552, -0.6979147]
        - [0.1049915, 0.7053522, -0.701042]
step_1:
  tf_mat_link1_0_flan1:
    target_pose:
      position: [-0.1446993, -0.4260828, -0.03950736]
      orientation:
        - [0.9805694, 0.06794403, 0.1840577]
        - [0.08148982, 0.7123373, -0.6970939]
        - [-0.1784741, 0.6985409, 0.6929593]
  tf_mat_link4_0_flan4:
    target_pose:
      position: [-0.1604138, -0.6140922, 0.2204777]
      orientation:
        - [0.989213, -0.001630652, 0.1465087]
        - [0.1021971, -0.7088552, -0.6979147]
        - [0.1049915, 0.7053522, -0.701042]
step_2:
  tf_mat_link1_0_flan1:
    target_pose:
      position: [-0.1447189, -0.4259887, -0.03960101]
      orientation:
        - [0.9805694, 0.06794403, 0.1840577]
        - [0.08148982, 0.7123373, -0.6970939]
        - [-0.1784741, 0.6985409, 0.6929593]
  tf_mat_link4_0_flan4:
    target_pose:
      position: [-0.1604334, -0.6139985, 0.2205718]
      orientation:
        - [0.989213, -0.001630652, 0.1465087]
        - [0.1021971, -0.7088552, -0.6979147]
        - [0.1049915, 0.7053522, -0.701042]
step_3:
  tf_mat_link1_0_flan1:
    target_pose:
      position: [-0.1447386, -0.4258946, -0.0396947]
      orientation:
        - [0.9805694, 0.06794403, 0.1840577]
        - [0.08148982, 0.7123373, -0.6970939]
        - [-0.1784741, 0.6985409, 0.6929593]
  tf_mat_link4_0_flan4:
    target_pose:
      position: [-0.1604531, -0.6139048, 0.2206659]
      orientation:
        - [0.989213, -0.001630652, 0.1465087]
        - [0.1021971, -0.7088552, -0.6979147]
        - [0.1049915, 0.7053522, -0.701042]
step_4:
  tf_mat_link1_0_flan1:
    target_pose:
      position: [-0.1447583, -0.4258005, -0.0397884]
      orientation:
        - [0.9805694, 0.06794403, 0.1840577]
        - [0.08148982, 0.7123373, -0.6970939]
        - [-0.1784741, 0.6985409, 0.6929593]
  tf_mat_link4_0_flan4:
    target_pose:
      position: [-0.1604727, -0.6138111, 0.22076]
      orientation:
        - [0.989213, -0.001630652, 0.1465087]
        - [0.1021971, -0.7088552, -0.6979147]
        - [0.1049915, 0.7053522, -0.701042]
step_5:
  tf_mat_link1_0_flan1:
    target_pose:
      position: [-0.1447779, -0.4257064, -0.03988209]
      orientation:
        - [0.9805694, 0.06794403, 0.1840577]
        - [0.08148982, 0.7123373, -0.6970939]
        - [-0.1784741, 0.6985409, 0.6929593]
  tf_mat_link4_0_flan4:
    target_pose:
      position: [-0.1604924, -0.6137174, 0.2208541]
      orientation:
        - [0.989213, -0.001630652, 0.1465087]
        - [0.1021971, -0.7088552, -0.6979147]
        - [0.1049915, 0.7053522, -0.701042]
step_6:
  tf_mat_link1_0_flan1:
    target_pose:
      position: [-0.1447976, -0.4256122, -0.03997579]
      orientation:
        - [0.9805694, 0.06794403, 0.1840577]
        - [0.08148982, 0.7123373, -0.6970939]
        - [-0.1784741, 0.6985409, 0.6929593]
  tf_mat_link4_0_flan4:
    target_pose:
      position: [-0.1605121, -0.6136237, 0.2209483]
      orientation:
        - [0.989213, -0.001630652, 0.1465087]
        - [0.1021971, -0.7088552, -0.6979147]
        - [0.1049915, 0.7053522, -0.701042]
step_7:
  tf_mat_link1_0_flan1:
    target_pose:
      position: [-0.1448173, -0.4255182, -0.04006943]
      orientation:
        - [0.9805694, 0.06794403, 0.1840577]
        - [0.08148982, 0.7123373, -0.6970939]
        - [-0.1784741, 0.6985409, 0.6929593]
  tf_mat_link4_0_flan4:
    target_pose:
      position: [-0.1605317, -0.61353, 0.2210423]
      orientation:
        - [0.989213, -0.001630652, 0.1465087]
        - [0.1021971, -0.7088552, -0.6979147]
        - [0.1049915, 0.7053522, -0.701042]
step_8:
  tf_mat_link1_0_flan1:
    target_pose:
      position: [-0.1448369, -0.4254241, -0.04016313]
      orientation:
        - [0.9805694, 0.06794403, 0.1840577]
        - [0.08148982, 0.7123373, -0.6970939]
        - [-0.1784741, 0.6985409, 0.6929593]
  tf_mat_link4_0_flan4:
    target_pose:
      position: [-0.1605514, -0.6134364, 0.2211365]
      orientation:
        - [0.989213, -0.001630652, 0.1465087]
        - [0.1021971, -0.7088552, -0.6979147]
        - [0.1049915, 0.7053522, -0.701042]
step_9:
  tf_mat_link1_0_flan1:
    target_pose:
      position: [-0.1448566, -0.42533, -0.04025683]
      orientation:
        - [0.9805694, 0.06794403, 0.1840577]
        - [0.08148982, 0.7123373, -0.6970939]
        - [-0.1784741, 0.6985409, 0.6929593]
  tf_mat_link4_0_flan4:
    target_pose:
      position: [-0.1605711, -0.6133427, 0.2212306]
      orientation:
        - [0.989213, -0.001630652, 0.1465087]
        - [0.1021971, -0.7088552, -0.6979147]
        - [0.1049915, 0.7053522, -0.701042]
step_10:
  tf_mat_link1_0_flan1:
    target_pose:
      position: [-0.1448762, -0.4252358, -0.0403505]
      orientation:
        - [0.9805694, 0.06794403, 0.1840577]
        - [0.08148982, 0.7123373, -0.6970939]
        - [-0.1784741, 0.6985409, 0.6929593]
  tf_mat_link4_0_flan4:
    target_pose:
      position: [-0.1605907, -0.613249, 0.2213247]
      orientation:
        - [0.989213, -0.001630652, 0.1465087]
        - [0.1021971, -0.7088552, -0.6979147]
        - [0.1049915, 0.7053522, -0.701042]
step_11:
  tf_mat_link1_0_flan1:
    target_pose:
      position: [-0.1448959, -0.4251418, -0.04044415]
      orientation:
        - [0.9805694, 0.06794403, 0.1840577]
        - [0.08148982, 0.7123373, -0.6970939]
        - [-0.1784741, 0.6985409, 0.6929593]
  tf_mat_link4_0_flan4:
    target_pose:
      position: [-0.1606104, -0.6131554, 0.2214187]
      orientation:
        - [0.989213, -0.001630652, 0.1465087]
        - [0.1021971, -0.7088552, -0.6979147]
        - [0.1049915, 0.7053522, -0.701042]
step_12:
  tf_mat_link1_0_flan1:
    target_pose:
      position: [-0.1449156, -0.4250477, -0.04053783]
      orientation:
        - [0.9805694, 0.06794403, 0.1840577]
        - [0.08148982, 0.7123373, -0.6970939]
        - [-0.1784741, 0.6985409, 0.6929593]
  tf_mat_link4_0_flan4:
    target_pose:
      position: [-0.16063, -0.6130617, 0.2215128]
      orientation:
        - [0.989213, -0.001630652, 0.1465087]
        - [0.1021971, -0.7088552, -0.6979147]
        - [0.1049915, 0.7053522, -0.701042]
step_13:
  tf_mat_link1_0_flan1:
    target_pose:
      position: [-0.1449353, -0.4249536, -0.04063153]
      orientation:
        - [0.9805694, 0.06794403, 0.1840577]
        - [0.08148982, 0.7123373, -0.6970939]
        - [-0.1784741, 0.6985409, 0.6929593]
  tf_mat_link4_0_flan4:
    target_pose:
      position: [-0.1606497, -0.612968, 0.221607]
      orientation:
        - [0.989213, -0.001630652, 0.1465087]
        - [0.1021971, -0.7088552, -0.6979147]
        - [0.1049915, 0.7053522, -0.701042]
step_14:
  tf_mat_link1_0_flan1:
    target_pose:
      position: [-0.1449549, -0.4248595, -0.04072519]
      orientation:
        - [0.9805694, 0.06794403, 0.1840577]
        - [0.08148982, 0.7123373, -0.6970939]
        - [-0.1784741, 0.6985409, 0.6929593]
  tf_mat_link4_0_flan4:
    target_pose:
      position: [-0.1606694, -0.6128743, 0.2217011]
      orientation:
        - [0.989213, -0.001630652, 0.1465087]
        - [0.1021971, -0.7088552, -0.6979147]
        - [0.1049915, 0.7053522, -0.701042]
step_15:
  tf_mat_link1_0_flan1:
    target_pose:
      position: [-0.1449746, -0.4247654, -0.04081888]
      orientation:
        - [0.9805694, 0.06794403, 0.1840577]
        - [0.08148982, 0.7123373, -0.6970939]
        - [-0.1784741, 0.6985409, 0.6929593]
  tf_mat_link4_0_flan4:
    target_pose:
      position: [-0.1606891, -0.6127806, 0.2217952]
      orientation:
        - [0.989213, -0.001630652, 0.1465087]
        - [0.1021971, -0.7088552, -0.6979147]
        - [0.1049915, 0.7053522, -0.701042]
step_16:
  tf_mat_link1_0_flan1:
    target_pose:
      position: [-0.1449943, -0.4246713, -0.04091254]
      orientation:
        - [0.9805694, 0.06794403, 0.1840577]
        - [0.08148982, 0.7123373, -0.6970939]
        - [-0.1784741, 0.6985409, 0.6929593]
  tf_mat_link4_0_flan4:
    target_pose:
      position: [-0.1607087, -0.6126869, 0.2218892]
      orientation:
        - [0.989213, -0.001630652, 0.1465087]
        - [0.1021971, -0.7088552, -0.6979147]
        - [0.1049915, 0.7053522, -0.701042]
step_17:
  tf_mat_link1_0_flan1:
    target_pose:
      position: [-0.1450139, -0.4245772, -0.04100622]
      orientation:
        - [0.9805694, 0.06794403, 0.1840577]
        - [0.08148982, 0.7123373, -0.6970939]
        - [-0.1784741, 0.6985409, 0.6929593]
  tf_mat_link4_0_flan4:
    target_pose:
      position: [-0.1607284, -0.6125932, 0.2219834]
      orientation:
        - [0.989213, -0.001630652, 0.1465087]
        - [0.1021971, -0.7088552, -0.6979147]
        - [0.1049915, 0.7053522, -0.701042]
step_18:
  tf_mat_link1_0_flan1:
    target_pose:
      position: [-0.1450336, -0.4244831, -0.04109992]
      orientation:
        - [0.9805694, 0.06794403, 0.1840577]
        - [0.08148982, 0.7123373, -0.6970939]
        - [-0.1784741, 0.6985409, 0.6929593]
  tf_mat_link4_0_flan4:
    target_pose:
      position: [-0.1607481, -0.6124996, 0.2220774]
      orientation:
        - [0.989213, -0.001630652, 0.1465087]
        - [0.1021971, -0.7088552, -0.6979147]
        - [0.1049915, 0.7053522, -0.701042]
step_19:
  tf_mat_link1_0_flan1:
    target_pose:
      position: [-0.1450532, -0.424389, -0.04119357]
      orientation:
        - [0.9805694, 0.06794403, 0.1840577]
        - [0.08148982, 0.7123373, -0.6970939]
        - [-0.1784741, 0.6985409, 0.6929593]
  tf_mat_link4_0_flan4:
    target_pose:
      position: [-0.1607677, -0.6124059, 0.2221715]
      orientation:
        - [0.989213, -0.001630652, 0.1465087]
        - [0.1021971, -0.7088552, -0.6979147]
        - [0.1049915, 0.7053522, -0.701042]
step_20:
  tf_mat_link1_0_flan1:
    target_pose:
      position: [-0.1450729, -0.4242949, -0.04128727]
      orientation:
        - [0.9805694, 0.06794403, 0.1840577]
        - [0.08148982, 0.7123373, -0.6970939]
        - [-0.1784741, 0.6985409, 0.6929593]
  tf_mat_link4_0_flan4:
    target_pose:
      position: [-0.1607874, -0.6123122, 0.2222656]
      orientation:
        - [0.989213, -0.001630652, 0.1465087]
        - [0.1021971, -0.7088552, -0.6979147]
        - [0.1049915, 0.7053522, -0.701042]
step_21:
  tf_mat_link1_0_flan1:
    target_pose:
      position: [-0.1450926, -0.4242008, -0.04138096]
      orientation:
        - [0.9805694, 0.06794403, 0.1840577]
        - [0.08148982, 0.7123373, -0.6970939]
        - [-0.1784741, 0.6985409, 0.6929593]
  tf_mat_link4_0_flan4:
    target_pose:
      position: [-0.160807, -0.6122186, 0.2223597]
      orientation:
        - [0.989213, -0.001630652, 0.1465087]
        - [0.1021971, -0.7088552, -0.6979147]
        - [0.1049915, 0.7053522, -0.701042]
step_22:
  tf_mat_link1_0_flan1:
    target_pose:
      position: [-0.1451122, -0.4241067, -0.04147461]
      orientation:
        - [0.9805694, 0.06794403, 0.1840577]
        - [0.08148982, 0.7123373, -0.6970939]
        - [-0.1784741, 0.6985409, 0.6929593]
  tf_mat_link4_0_flan4:
    target_pose:
      position: [-0.1608267, -0.6121249, 0.2224539]
      orientation:
        - [0.989213, -0.001630652, 0.1465087]
        - [0.1021971, -0.7088552, -0.6979147]
        - [0.1049915, 0.7053522, -0.701042]
step_23:
  tf_mat_link1_0_flan1:
    target_pose:
      position: [-0.1451319, -0.4240126, -0.04156831]
      orientation:
        - [0.9805694, 0.06794403, 0.1840577]
        - [0.08148982, 0.7123373, -0.6970939]
        - [-0.1784741, 0.6985409, 0.6929593]
  tf_mat_link4_0_flan4:
    target_pose:
      position: [-0.1608464, -0.6120312, 0.222548]
      orientation:
        - [0.989213, -0.001630652, 0.1465087]
        - [0.1021971, -0.7088552, -0.6979147]
        - [0.1049915, 0.7053522, -0.701042]
step_24:
  tf_mat_link1_0_flan1:
    target_pose:
      position: [-0.1451516, -0.4239185, -0.04166198]
      orientation:
        - [0.9805694, 0.06794403, 0.1840577]
        - [0.08148982, 0.7123373, -0.6970939]
        - [-0.1784741, 0.6985409, 0.6929593]
  tf_mat_link4_0_flan4:
    target_pose:
      position: [-0.1608661, -0.6119376, 0.222642]
      orientation:
        - [0.989213, -0.001630652, 0.1465087]
        - [0.1021971, -0.7088552, -0.6979147]
        - [0.1049915, 0.7053522, -0.701042]
step_25:
  tf_mat_link1_0_flan1:
    target_pose:
      position: [-0.1451713, -0.4238243, -0.04175568]
      orientation:
        - [0.9805694, 0.06794403, 0.1840577]
        - [0.08148982, 0.7123373, -0.6970939]
        - [-0.1784741, 0.6985409, 0.6929593]
  tf_mat_link4_0_flan4:
    target_pose:
      position: [-0.1608857, -0.6118439, 0.2227362]
      orientation:
        - [0.989213, -0.001630652, 0.1465087]
        - [0.1021971, -0.7088552, -0.6979147]
        - [0.1049915, 0.7053522, -0.701042]
step_26:
  tf_mat_link1_0_flan1:
    target_pose:
      position: [-0.1451909, -0.4237303, -0.04184933]
      orientation:
        - [0.9805694, 0.06794403, 0.1840577]
        - [0.08148982, 0.7123373, -0.6970939]
        - [-0.1784741, 0.6985409, 0.6929593]
  tf_mat_link4_0_flan4:
    target_pose:
      position: [-0.1609054, -0.6117502, 0.2228303]
      orientation:
        - [0.989213, -0.001630652, 0.1465087]
        - [0.1021971, -0.7088552, -0.6979147]
        - [0.1049915, 0.7053522, -0.701042]
step_27:
  tf_mat_link1_0_flan1:
    target_pose:
      position: [-0.1452106, -0.4236362, -0.04194301]
      orientation:
        - [0.9805694, 0.06794403, 0.1840577]
        - [0.08148982, 0.7123373, -0.6970939]
        - [-0.1784741, 0.6985409, 0.6929593]
  tf_mat_link4_0_flan4:
    target_pose:
      position: [-0.160925, -0.6116565, 0.2229243]
      orientation:
        - [0.989213, -0.001630652, 0.1465087]
        - [0.1021971, -0.7088552, -0.6979147]
        - [0.1049915, 0.7053522, -0.701042]
step_28:
  tf_mat_link1_0_flan1:
    target_pose:
      position: [-0.1452302, -0.4235421, -0.04203674]
      orientation:
        - [0.9805694, 0.06794403, 0.1840577]
        - [0.08148982, 0.7123373, -0.6970939]
        - [-0.1784741, 0.6985409, 0.6929593]
  tf_mat_link4_0_flan4:
    target_pose:
      position: [-0.1609447, -0.6115628, 0.2230185]
      orientation:
        - [0.989213, -0.001630652, 0.1465087]
        - [0.1021971, -0.7088552, -0.6979147]
        - [0.1049915, 0.7053522, -0.701042]
step_29:
  tf_mat_link1_0_flan1:
    target_pose:
      position: [-0.1452499, -0.423448, -0.04213044]
      orientation:
        - [0.9805694, 0.06794403, 0.1840577]
        - [0.08148982, 0.7123373, -0.6970939]
        - [-0.1784741, 0.6985409, 0.6929593]
  tf_mat_link4_0_flan4:
    target_pose:
      position: [-0.1609644, -0.6114691, 0.2231125]
      orientation:
        - [0.989213, -0.001630652, 0.1465087]
        - [0.1021971, -0.7088552, -0.6979147]
        - [0.1049915, 0.7053522, -0.701042]
step_30:
  tf_mat_link1_0_flan1:
    target_pose:
      position: [-0.1452696, -0.4233539, -0.04222409]
      orientation:
        - [0.9805694, 0.06794403, 0.1840577]
        - [0.08148982, 0.7123373, -0.6970939]
        - [-0.1784741, 0.6985409, 0.6929593]
  tf_mat_link4_0_flan4:
    target_pose:
      position: [-0.160984, -0.6113754, 0.2232067]
      orientation:
        - [0.989213, -0.001630652, 0.1465087]
        - [0.1021971, -0.7088552, -0.6979147]
        - [0.1049915, 0.7053522, -0.701042]
step_31:
  tf_mat_link1_0_flan1:
    target_pose:
      position: [-0.1452892, -0.4232598, -0.04231778]
      orientation:
        - [0.9805694, 0.06794403, 0.1840577]
        - [0.08148982, 0.7123373, -0.6970939]
        - [-0.1784741, 0.6985409, 0.6929593]
  tf_mat_link4_0_flan4:
    target_pose:
      position: [-0.1610037, -0.6112817, 0.2233008]
      orientation:
        - [0.989213, -0.001630652, 0.1465087]
        - [0.1021971, -0.7088552, -0.6979147]
        - [0.1049915, 0.7053522, -0.701042]
step_32:
  tf_mat_link1_0_flan1:
    target_pose:
      position: [-0.1453089, -0.4231657, -0.04241143]
      orientation:
        - [0.9805694, 0.06794403, 0.1840577]
        - [0.08148982, 0.7123373, -0.6970939]
        - [-0.1784741, 0.6985409, 0.6929593]
  tf_mat_link4_0_flan4:
    target_pose:
      position: [-0.1610234, -0.6111881, 0.2233948]
      orientation:
        - [0.989213, -0.001630652, 0.1465087]
        - [0.1021971, -0.7088552, -0.6979147]
        - [0.1049915, 0.7053522, -0.701042]
step_33:
  tf_mat_link1_0_flan1:
    target_pose:
      position: [-0.1453286, -0.4230716, -0.04250513]
      orientation:
        - [0.9805694, 0.06794403, 0.1840577]
        - [0.08148982, 0.7123373, -0.6970939]
        - [-0.1784741, 0.6985409, 0.6929593]
  tf_mat_link4_0_flan4:
    target_pose:
      position: [-0.161043, -0.6110944, 0.2234889]
      orientation:
        - [0.989213, -0.001630652, 0.1465087]
        - [0.1021971, -0.7088552, -0.6979147]
        - [0.1049915, 0.7053522, -0.701042]
step_34:
  tf_mat_link1_0_flan1:
    target_pose:
      position: [-0.1453482, -0.4229775, -0.0425988]
      orientation:
        - [0.9805694, 0.06794403, 0.1840577]
        - [0.08148982, 0.7123373, -0.6970939]
        - [-0.1784741, 0.6985409, 0.6929593]
  tf_mat_link4_0_flan4:
    target_pose:
      position: [-0.1610627, -0.6110007, 0.2235831]
      orientation:
        - [0.989213, -0.001630652, 0.1465087]
        - [0.1021971, -0.7088552, -0.6979147]
        - [0.1049915, 0.7053522, -0.701042]
step_35:
  tf_mat_link1_0_flan1:
    target_pose:
      position: [-0.1453679, -0.4228834, -0.04269248]
      orientation:
        - [0.9805694, 0.06794403, 0.1840577]
        - [0.08148982, 0.7123373, -0.6970939]
        - [-0.1784741, 0.6985409, 0.6929593]
  tf_mat_link4_0_flan4:
    target_pose:
      position: [-0.1610824, -0.610907, 0.2236771]
      orientation:
        - [0.989213, -0.001630652, 0.1465087]
        - [0.1021971, -0.7088552, -0.6979147]
        - [0.1049915, 0.7053522, -0.701042]
step_36:
  tf_mat_link1_0_flan1:
    target_pose:
      position: [-0.1453876, -0.4227892, -0.04278618]
      orientation:
        - [0.9805694, 0.06794403, 0.1840577]
        - [0.08148982, 0.7123373, -0.6970939]
        - [-0.1784741, 0.6985409, 0.6929593]
  tf_mat_link4_0_flan4:
    target_pose:
      position: [-0.1611021, -0.6108134, 0.2237713]
      orientation:
        - [0.989213, -0.001630652, 0.1465087]
        - [0.1021971, -0.7088552, -0.6979147]
        - [0.1049915, 0.7053522, -0.701042]
step_37:
  tf_mat_link1_0_flan1:
    target_pose:
      position: [-0.1454072, -0.4226952, -0.04287979]
      orientation:
        - [0.9805694, 0.06794403, 0.1840577]
        - [0.08148982, 0.7123373, -0.6970939]
        - [-0.1784741, 0.6985409, 0.6929593]
  tf_mat_link4_0_flan4:
    target_pose:
      position: [-0.1611217, -0.6107196, 0.2238653]
      orientation:
        - [0.989213, -0.001630652, 0.1465087]
        - [0.1021971, -0.7088552, -0.6979147]
        - [0.1049915, 0.7053522, -0.701042]
step_38:
  tf_mat_link1_0_flan1:
    target_pose:
      position: [-0.1454269, -0.4226011, -0.04297349]
      orientation:
        - [0.9805694, 0.06794403, 0.1840577]
        - [0.08148982, 0.7123373, -0.6970939]
        - [-0.1784741, 0.6985409, 0.6929593]
  tf_mat_link4_0_flan4:
    target_pose:
      position: [-0.1611414, -0.610626, 0.2239594]
      orientation:
        - [0.989213, -0.001630652, 0.1465087]
        - [0.1021971, -0.7088552, -0.6979147]
        - [0.1049915, 0.7053522, -0.701042]
step_39:
  tf_mat_link1_0_flan1:
    target_pose:
      position: [-0.1454465, -0.422507, -0.04306719]
      orientation:
        - [0.9805694, 0.06794403, 0.1840577]
        - [0.08148982, 0.7123373, -0.6970939]
        - [-0.1784741, 0.6985409, 0.6929593]
  tf_mat_link4_0_flan4:
    target_pose:
      position: [-0.161161, -0.6105323, 0.2240535]
      orientation:
        - [0.989213, -0.001630652, 0.1465087]
        - [0.1021971, -0.7088552, -0.6979147]
        - [0.1049915, 0.7053522, -0.701042]
step_40:
  tf_mat_link1_0_flan1:
    target_pose:
      position: [-0.1454662, -0.422413, -0.04316087]
      orientation:
        - [0.9805694, 0.06794403, 0.1840577]
        - [0.08148982, 0.7123373, -0.6970939]
        - [-0.1784741, 0.6985409, 0.6929593]
  tf_mat_link4_0_flan4:
    target_pose:
      position: [-0.1611807, -0.6104386, 0.2241476]
      orientation:
        - [0.989213, -0.001630652, 0.1465087]
        - [0.1021971, -0.7088552, -0.6979147]
        - [0.1049915, 0.7053522, -0.701042]
step_41:
  tf_mat_link1_0_flan1:
    target_pose:
      position: [-0.1454859, -0.4223188, -0.04325455]
      orientation:
        - [0.9805694, 0.06794403, 0.1840577]
        - [0.08148982, 0.7123373, -0.6970939]
        - [-0.1784741, 0.6985409, 0.6929593]
  tf_mat_link4_0_flan4:
    target_pose:
      position: [-0.1612004, -0.6103449, 0.2242417]
      orientation:
        - [0.989213, -0.001630652, 0.1465087]
        - [0.1021971, -0.7088552, -0.6979147]
        - [0.1049915, 0.7053522, -0.701042]
step_42:
  tf_mat_link1_0_flan1:
    target_pose:
      position: [-0.1455055, -0.4222247, -0.04334825]
      orientation:
        - [0.9805694, 0.06794403, 0.1840577]
        - [0.08148982, 0.7123373, -0.6970939]
        - [-0.1784741, 0.6985409, 0.6929593]
  tf_mat_link4_0_flan4:
    target_pose:
      position: [-0.16122, -0.6102513, 0.2243358]
      orientation:
        - [0.989213, -0.001630652, 0.1465087]
        - [0.1021971, -0.7088552, -0.6979147]
        - [0.1049915, 0.7053522, -0.701042]
step_43:
  tf_mat_link1_0_flan1:
    target_pose:
      position: [-0.1455252, -0.4221307, -0.04344191]
      orientation:
        - [0.9805694, 0.06794403, 0.1840577]
        - [0.08148982, 0.7123373, -0.6970939]
        - [-0.1784741, 0.6985409, 0.6929593]
  tf_mat_link4_0_flan4:
    target_pose:
      position: [-0.1612397, -0.6101576, 0.2244299]
      orientation:
        - [0.989213, -0.001630652, 0.1465087]
        - [0.1021971, -0.7088552, -0.6979147]
        - [0.1049915, 0.7053522, -0.701042]
step_44:
  tf_mat_link1_0_flan1:
    target_pose:
      position: [-0.1455449, -0.4220364, -0.04353562]
      orientation:
        - [0.9805694, 0.06794403, 0.1840577]
        - [0.08148982, 0.7123373, -0.6970939]
        - [-0.1784741, 0.6985409, 0.6929593]
  tf_mat_link4_0_flan4:
    target_pose:
      position: [-0.1612594, -0.6100639, 0.2245241]
      orientation:
        - [0.989213, -0.001630652, 0.1465087]
        - [0.1021971, -0.7088552, -0.6979147]
        - [0.1049915, 0.7053522, -0.701042]
step_45:
  tf_mat_link1_0_flan1:
    target_pose:
      position: [-0.1455645, -0.4219424, -0.04362927]
      orientation:
        - [0.9805694, 0.06794403, 0.1840577]
        - [0.08148982, 0.7123373, -0.6970939]
        - [-0.1784741, 0.6985409, 0.6929593]
  tf_mat_link4_0_flan4:
    target_pose:
      position: [-0.161279, -0.6099703, 0.2246181]
      orientation:
        - [0.989213, -0.001630652, 0.1465087]
        - [0.1021971, -0.7088552, -0.6979147]
        - [0.1049915, 0.7053522, -0.701042]
step_46:
  tf_mat_link1_0_flan1:
    target_pose:
      position: [-0.1455842, -0.4218483, -0.04372291]
      orientation:
        - [0.9805694, 0.06794403, 0.1840577]
        - [0.08148982, 0.7123373, -0.6970939]
        - [-0.1784741, 0.6985409, 0.6929593]
  tf_mat_link4_0_flan4:
    target_pose:
      position: [-0.1612987, -0.6098766, 0.2247122]
      orientation:
        - [0.989213, -0.001630652, 0.1465087]
        - [0.1021971, -0.7088552, -0.6979147]
        - [0.1049915, 0.7053522, -0.701042]
step_47:
  tf_mat_link1_0_flan1:
    target_pose:
      position: [-0.1456039, -0.4217542, -0.04381661]
      orientation:
        - [0.9805694, 0.06794403, 0.1840577]
        - [0.08148982, 0.7123373, -0.6970939]
        - [-0.1784741, 0.6985409, 0.6929593]
  tf_mat_link4_0_flan4:
    target_pose:
      position: [-0.1613184, -0.6097829, 0.2248063]
      orientation:
        - [0.989213, -0.001630652, 0.1465087]
        - [0.1021971, -0.7088552, -0.6979147]
        - [0.1049915, 0.7053522, -0.701042]
step_48:
  tf_mat_link1_0_flan1:
    target_pose:
      position: [-0.1456236, -0.4216602, -0.04391026]
      orientation:
        - [0.9805694, 0.06794403, 0.1840577]
        - [0.08148982, 0.7123373, -0.6970939]
        - [-0.1784741, 0.6985409, 0.6929593]
  tf_mat_link4_0_flan4:
    target_pose:
      position: [-0.1613381, -0.6096892, 0.2249004]
      orientation:
        - [0.989213, -0.001630652, 0.1465087]
        - [0.1021971, -0.7088552, -0.6979147]
        - [0.1049915, 0.7053522, -0.701042]
step_49:
  tf_mat_link1_0_flan1:
    target_pose:
      position: [-0.1456432, -0.421566, -0.04400396]
      orientation:
        - [0.9805694, 0.06794403, 0.1840577]
        - [0.08148982, 0.7123373, -0.6970939]
        - [-0.1784741, 0.6985409, 0.6929593]
  tf_mat_link4_0_flan4:
    target_pose:
      position: [-0.1613577, -0.6095956, 0.2249945]
      orientation:
        - [0.989213, -0.001630652, 0.1465087]
        - [0.1021971, -0.7088552, -0.6979147]
        - [0.1049915, 0.7053522, -0.701042]
step_50:
  tf_mat_link1_0_flan1:
    target_pose:
      position: [-0.1456629, -0.4214719, -0.04409766]
      orientation:
        - [0.9805694, 0.06794403, 0.1840577]
        - [0.08148982, 0.7123373, -0.6970939]
        - [-0.1784741, 0.6985409, 0.6929593]
  tf_mat_link4_0_flan4:
    target_pose:
      position: [-0.1613774, -0.6095019, 0.2250886]
      orientation:
        - [0.989213, -0.001630652, 0.1465087]
        - [0.1021971, -0.7088552, -0.6979147]
        - [0.1049915, 0.7053522, -0.701042]
step_51:
  tf_mat_link1_0_flan1:
    target_pose:
      position: [-0.1456826, -0.4213778, -0.04419135]
      orientation:
        - [0.9805694, 0.06794403, 0.1840577]
        - [0.08148982, 0.7123373, -0.6970939]
        - [-0.1784741, 0.6985409, 0.6929593]
  tf_mat_link4_0_flan4:
    target_pose:
      position: [-0.1613971, -0.6094082, 0.2251827]
      orientation:
        - [0.989213, -0.001630652, 0.1465087]
        - [0.1021971, -0.7088552, -0.6979147]
        - [0.1049915, 0.7053522, -0.701042]
step_52:
  tf_mat_link1_0_flan1:
    target_pose:
      position: [-0.1457022, -0.4212837, -0.04428504]
      orientation:
        - [0.9805694, 0.06794403, 0.1840577]
        - [0.08148982, 0.7123373, -0.6970939]
        - [-0.1784741, 0.6985409, 0.6929593]
  tf_mat_link4_0_flan4:
    target_pose:
      position: [-0.1614167, -0.6093145, 0.2252768]
      orientation:
        - [0.989213, -0.001630652, 0.1465087]
        - [0.1021971, -0.7088552, -0.6979147]
        - [0.1049915, 0.7053522, -0.701042]
step_53:
  tf_mat_link1_0_flan1:
    target_pose:
      position: [-0.1457219, -0.4211896, -0.0443787]
      orientation:
        - [0.9805694, 0.06794403, 0.1840577]
        - [0.08148982, 0.7123373, -0.6970939]
        - [-0.1784741, 0.6985409, 0.6929593]
  tf_mat_link4_0_flan4:
    target_pose:
      position: [-0.1614364, -0.6092208, 0.2253709]
      orientation:
        - [0.989213, -0.001630652, 0.1465087]
        - [0.1021971, -0.7088552, -0.6979147]
        - [0.1049915, 0.7053522, -0.701042]
step_54:
  tf_mat_link1_0_flan1:
    target_pose:
      position: [-0.1457416, -0.4210955, -0.0444724]
      orientation:
        - [0.9805694, 0.06794403, 0.1840577]
        - [0.08148982, 0.7123373, -0.6970939]
        - [-0.1784741, 0.6985409, 0.6929593]
  tf_mat_link4_0_flan4:
    target_pose:
      position: [-0.161456, -0.6091271, 0.225465]
      orientation:
        - [0.989213, -0.001630652, 0.1465087]
        - [0.1021971, -0.7088552, -0.6979147]
        - [0.1049915, 0.7053522, -0.701042]
step_55:
  tf_mat_link1_0_flan1:
    target_pose:
      position: [-0.1457612, -0.4210014, -0.04456608]
      orientation:
        - [0.9805694, 0.06794403, 0.1840577]
        - [0.08148982, 0.7123373, -0.6970939]
        - [-0.1784741, 0.6985409, 0.6929593]
  tf_mat_link4_0_flan4:
    target_pose:
      position: [-0.1614757, -0.6090334, 0.2255591]
      orientation:
        - [0.989213, -0.001630652, 0.1465087]
        - [0.1021971, -0.7088552, -0.6979147]
        - [0.1049915, 0.7053522, -0.701042]
step_56:
  tf_mat_link1_0_flan1:
    target_pose:
      position: [-0.1457809, -0.4209073, -0.04465973]
      orientation:
        - [0.9805694, 0.06794403, 0.1840577]
        - [0.08148982, 0.7123373, -0.6970939]
        - [-0.1784741, 0.6985409, 0.6929593]
  tf_mat_link4_0_flan4:
    target_pose:
      position: [-0.1614954, -0.6089398, 0.2256532]
      orientation:
        - [0.989213, -0.001630652, 0.1465087]
        - [0.1021971, -0.7088552, -0.6979147]
        - [0.1049915, 0.7053522, -0.701042]
step_57:
  tf_mat_link1_0_flan1:
    target_pose:
      position: [-0.1458006, -0.4208132, -0.04475343]
      orientation:
        - [0.9805694, 0.06794403, 0.1840577]
        - [0.08148982, 0.7123373, -0.6970939]
        - [-0.1784741, 0.6985409, 0.6929593]
  tf_mat_link4_0_flan4:
    target_pose:
      position: [-0.1615151, -0.6088461, 0.2257473]
      orientation:
        - [0.989213, -0.001630652, 0.1465087]
        - [0.1021971, -0.7088552, -0.6979147]
        - [0.1049915, 0.7053522, -0.701042]
step_58:
  tf_mat_link1_0_flan1:
    target_pose:
      position: [-0.1458202, -0.4207191, -0.04484706]
      orientation:
        - [0.9805694, 0.06794403, 0.1840577]
        - [0.08148982, 0.7123373, -0.6970939]
        - [-0.1784741, 0.6985409, 0.6929593]
  tf_mat_link4_0_flan4:
    target_pose:
      position: [-0.1615347, -0.6087524, 0.2258414]
      orientation:
        - [0.989213, -0.001630652, 0.1465087]
        - [0.1021971, -0.7088552, -0.6979147]
        - [0.1049915, 0.7053522, -0.701042]
step_59:
  tf_mat_link1_0_flan1:
    target_pose:
      position: [-0.1458399, -0.420625, -0.04494075]
      orientation:
        - [0.9805694, 0.06794403, 0.1840577]
        - [0.08148982, 0.7123373, -0.6970939]
        - [-0.1784741, 0.6985409, 0.6929593]
  tf_mat_link4_0_flan4:
    target_pose:
      position: [-0.1615544, -0.6086587, 0.2259355]
      orientation:
        - [0.989213, -0.001630652, 0.1465087]
        - [0.1021971, -0.7088552, -0.6979147]
        - [0.1049915, 0.7053522, -0.701042]
step_60:
  tf_mat_link1_0_flan1:
    target_pose:
      position: [-0.1458595, -0.4205309, -0.04503444]
      orientation:
        - [0.9805694, 0.06794403, 0.1840577]
        - [0.08148982, 0.7123373, -0.6970939]
        - [-0.1784741, 0.6985409, 0.6929593]
  tf_mat_link4_0_flan4:
    target_pose:
      position: [-0.161574, -0.6085651, 0.2260296]
      orientation:
        - [0.989213, -0.001630652, 0.1465087]
        - [0.1021971, -0.7088552, -0.6979147]
        - [0.1049915, 0.7053522, -0.701042]
step_61:
  tf_mat_link1_0_flan1:
    target_pose:
      position: [-0.1458792, -0.4204368, -0.04512814]
      orientation:
        - [0.9805694, 0.06794403, 0.1840577]
        - [0.08148982, 0.7123373, -0.6970939]
        - [-0.1784741, 0.6985409, 0.6929593]
  tf_mat_link4_0_flan4:
    target_pose:
      position: [-0.1615937, -0.6084714, 0.2261237]
      orientation:
        - [0.989213, -0.001630652, 0.1465087]
        - [0.1021971, -0.7088552, -0.6979147]
        - [0.1049915, 0.7053522, -0.701042]
step_62:
  tf_mat_link1_0_flan1:
    target_pose:
      position: [-0.1458989, -0.4203427, -0.04522179]
      orientation:
        - [0.9805694, 0.06794403, 0.1840577]
        - [0.08148982, 0.7123373, -0.6970939]
        - [-0.1784741, 0.6985409, 0.6929593]
  tf_mat_link4_0_flan4:
    target_pose:
      position: [-0.1616134, -0.6083777, 0.2262178]
      orientation:
        - [0.989213, -0.001630652, 0.1465087]
        - [0.1021971, -0.7088552, -0.6979147]
        - [0.1049915, 0.7053522, -0.701042]
step_63:
  tf_mat_link1_0_flan1:
    target_pose:
      position: [-0.1459185, -0.4202486, -0.04531549]
      orientation:
        - [0.9805694, 0.06794403, 0.1840577]
        - [0.08148982, 0.7123373, -0.6970939]
        - [-0.1784741, 0.6985409, 0.6929593]
  tf_mat_link4_0_flan4:
    target_pose:
      position: [-0.161633, -0.608284, 0.2263119]
      orientation:
        - [0.989213, -0.001630652, 0.1465087]
        - [0.1021971, -0.7088552, -0.6979147]
        - [0.1049915, 0.7053522, -0.701042]
step_64:
  tf_mat_link1_0_flan1:
    target_pose:
      position: [-0.1459382, -0.4201545, -0.04540919]
      orientation:
        - [0.9805694, 0.06794403, 0.1840577]
        - [0.08148982, 0.7123373, -0.6970939]
        - [-0.1784741, 0.6985409, 0.6929593]
  tf_mat_link4_0_flan4:
    target_pose:
      position: [-0.1616527, -0.6081904, 0.226406]
      orientation:
        - [0.989213, -0.001630652, 0.1465087]
        - [0.1021971, -0.7088552, -0.6979147]
        - [0.1049915, 0.7053522, -0.701042]
step_65:
  tf_mat_link1_0_flan1:
    target_pose:
      position: [-0.1459579, -0.4200604, -0.04550283]
      orientation:
        - [0.9805694, 0.06794403, 0.1840577]
        - [0.08148982, 0.7123373, -0.6970939]
        - [-0.1784741, 0.6985409, 0.6929593]
  tf_mat_link4_0_flan4:
    target_pose:
      position: [-0.1616724, -0.6080967, 0.2265001]
      orientation:
        - [0.989213, -0.001630652, 0.1465087]
        - [0.1021971, -0.7088552, -0.6979147]
        - [0.1049915, 0.7053522, -0.701042]
step_66:
  tf_mat_link1_0_flan1:
    target_pose:
      position: [-0.1459776, -0.4199663, -0.04559653]
      orientation:
        - [0.9805694, 0.06794403, 0.1840577]
        - [0.08148982, 0.7123373, -0.6970939]
        - [-0.1784741, 0.6985409, 0.6929593]
  tf_mat_link4_0_flan4:
    target_pose:
      position: [-0.1616921, -0.608003, 0.2265942]
      orientation:
        - [0.989213, -0.001630652, 0.1465087]
        - [0.1021971, -0.7088552, -0.6979147]
        - [0.1049915, 0.7053522, -0.701042]
step_67:
  tf_mat_link1_0_flan1:
    target_pose:
      position: [-0.1459972, -0.4198722, -0.04569022]
      orientation:
        - [0.9805694, 0.06794403, 0.1840577]
        - [0.08148982, 0.7123373, -0.6970939]
        - [-0.1784741, 0.6985409, 0.6929593]
  tf_mat_link4_0_flan4:
    target_pose:
      position: [-0.1617117, -0.6079093, 0.2266883]
      orientation:
        - [0.989213, -0.001630652, 0.1465087]
        - [0.1021971, -0.7088552, -0.6979147]
        - [0.1049915, 0.7053522, -0.701042]
step_68:
  tf_mat_link1_0_flan1:
    target_pose:
      position: [-0.1460169, -0.4197781, -0.04578388]
      orientation:
        - [0.9805694, 0.06794403, 0.1840577]
        - [0.08148982, 0.7123373, -0.6970939]
        - [-0.1784741, 0.6985409, 0.6929593]
  tf_mat_link4_0_flan4:
    target_pose:
      position: [-0.1617314, -0.6078157, 0.2267824]
      orientation:
        - [0.989213, -0.001630652, 0.1465087]
        - [0.1021971, -0.7088552, -0.6979147]
        - [0.1049915, 0.7053522, -0.701042]
step_69:
  tf_mat_link1_0_flan1:
    target_pose:
      position: [-0.1460365, -0.419684, -0.04587758]
      orientation:
        - [0.9805694, 0.06794403, 0.1840577]
        - [0.08148982, 0.7123373, -0.6970939]
        - [-0.1784741, 0.6985409, 0.6929593]
  tf_mat_link4_0_flan4:
    target_pose:
      position: [-0.161751, -0.6077219, 0.2268765]
      orientation:
        - [0.989213, -0.001630652, 0.1465087]
        - [0.1021971, -0.7088552, -0.6979147]
        - [0.1049915, 0.7053522, -0.701042]
step_70:
  tf_mat_link1_0_flan1:
    target_pose:
      position: [-0.1460562, -0.4195899, -0.04597126]
      orientation:
        - [0.9805694, 0.06794403, 0.1840577]
        - [0.08148982, 0.7123373, -0.6970939]
        - [-0.1784741, 0.6985409, 0.6929593]
  tf_mat_link4_0_flan4:
    target_pose:
      position: [-0.1617707, -0.6076283, 0.2269706]
      orientation:
        - [0.989213, -0.001630652, 0.1465087]
        - [0.1021971, -0.7088552, -0.6979147]
        - [0.1049915, 0.7053522, -0.701042]
step_71:
  tf_mat_link1_0_flan1:
    target_pose:
      position: [-0.1460759, -0.4194959, -0.04606491]
      orientation:
        - [0.9805694, 0.06794403, 0.1840577]
        - [0.08148982, 0.7123373, -0.6970939]
        - [-0.1784741, 0.6985409, 0.6929593]
  tf_mat_link4_0_flan4:
    target_pose:
      position: [-0.1617904, -0.6075346, 0.2270647]
      orientation:
        - [0.989213, -0.001630652, 0.1465087]
        - [0.1021971, -0.7088552, -0.6979147]
        - [0.1049915, 0.7053522, -0.701042]
step_72:
  tf_mat_link1_0_flan1:
    target_pose:
      position: [-0.1460955, -0.4194017, -0.04615858]
      orientation:
        - [0.9805694, 0.06794403, 0.1840577]
        - [0.08148982, 0.7123373, -0.6970939]
        - [-0.1784741, 0.6985409, 0.6929593]
  tf_mat_link4_0_flan4:
    target_pose:
      position: [-0.16181, -0.6074409, 0.2271588]
      orientation:
        - [0.989213, -0.001630652, 0.1465087]
        - [0.1021971, -0.7088552, -0.6979147]
        - [0.1049915, 0.7053522, -0.701042]
step_73:
  tf_mat_link1_0_flan1:
    target_pose:
      position: [-0.1461152, -0.4193076, -0.04625228]
      orientation:
        - [0.9805694, 0.06794403, 0.1840577]
        - [0.08148982, 0.7123373, -0.6970939]
        - [-0.1784741, 0.6985409, 0.6929593]
  tf_mat_link4_0_flan4:
    target_pose:
      position: [-0.1618297, -0.6073472, 0.2272529]
      orientation:
        - [0.989213, -0.001630652, 0.1465087]
        - [0.1021971, -0.7088552, -0.6979147]
        - [0.1049915, 0.7053522, -0.701042]
step_74:
  tf_mat_link1_0_flan1:
    target_pose:
      position: [-0.1461349, -0.4192135, -0.04634596]
      orientation:
        - [0.9805694, 0.06794403, 0.1840577]
        - [0.08148982, 0.7123373, -0.6970939]
        - [-0.1784741, 0.6985409, 0.6929593]
  tf_mat_link4_0_flan4:
    target_pose:
      position: [-0.1618493, -0.6072536, 0.227347]
      orientation:
        - [0.989213, -0.001630652, 0.1465087]
        - [0.1021971, -0.7088552, -0.6979147]
        - [0.1049915, 0.7053522, -0.701042]
step_75:
  tf_mat_link1_0_flan1:
    target_pose:
      position: [-0.1461546, -0.4191194, -0.04643969]
      orientation:
        - [0.9805694, 0.06794403, 0.1840577]
        - [0.08148982, 0.7123373, -0.6970939]
        - [-0.1784741, 0.6985409, 0.6929593]
  tf_mat_link4_0_flan4:
    target_pose:
      position: [-0.161869, -0.6071599, 0.2274411]
      orientation:
        - [0.989213, -0.001630652, 0.1465087]
        - [0.1021971, -0.7088552, -0.6979147]
        - [0.1049915, 0.7053522, -0.701042]
step_76:
  tf_mat_link1_0_flan1:
    target_pose:
      position: [-0.1461742, -0.4190253, -0.04653335]
      orientation:
        - [0.9805694, 0.06794403, 0.1840577]
        - [0.08148982, 0.7123373, -0.6970939]
        - [-0.1784741, 0.6985409, 0.6929593]
  tf_mat_link4_0_flan4:
    target_pose:
      position: [-0.1618887, -0.6070662, 0.2275352]
      orientation:
        - [0.989213, -0.001630652, 0.1465087]
        - [0.1021971, -0.7088552, -0.6979147]
        - [0.1049915, 0.7053522, -0.701042]
step_77:
  tf_mat_link1_0_flan1:
    target_pose:
      position: [-0.1461939, -0.4189312, -0.04662704]
      orientation:
        - [0.9805694, 0.06794403, 0.1840577]
        - [0.08148982, 0.7123373, -0.6970939]
        - [-0.1784741, 0.6985409, 0.6929593]
  tf_mat_link4_0_flan4:
    target_pose:
      position: [-0.1619084, -0.6069725, 0.2276293]
      orientation:
        - [0.989213, -0.001630652, 0.1465087]
        - [0.1021971, -0.7088552, -0.6979147]
        - [0.1049915, 0.7053522, -0.701042]
step_78:
  tf_mat_link1_0_flan1:
    target_pose:
      position: [-0.1462135, -0.4188372, -0.0467207]
      orientation:
        - [0.9805694, 0.06794403, 0.1840577]
        - [0.08148982, 0.7123373, -0.6970939]
        - [-0.1784741, 0.6985409, 0.6929593]
  tf_mat_link4_0_flan4:
    target_pose:
      position: [-0.161928, -0.6068788, 0.2277234]
      orientation:
        - [0.989213, -0.001630652, 0.1465087]
        - [0.1021971, -0.7088552, -0.6979147]
        - [0.1049915, 0.7053522, -0.701042]
