step_0:
  tf_mat_link1_0_flan1:
    target_pose:
      position: [-0.1770993, -0.4375207, -0.2162473]
      orientation:
        - [0.9806295, 0.066952, 0.184093]
        - [0.08230143, 0.7119955, -0.6973466]
        - [-0.1777619, 0.6989849, 0.6926935]
  tf_mat_link4_0_flan4:
    target_pose:
      position: [-0.1938701, -0.4377594, 0.2086053]
      orientation:
        - [0.9892042, -0.002624487, 0.1465436]
        - [0.101466, -0.709248, -0.6976212]
        - [0.1057667, 0.7049542, -0.7013248]
step_1:
  tf_mat_link1_0_flan1:
    target_pose:
      position: [-0.1770993, -0.4375207, -0.2162473]
      orientation:
        - [0.9806295, 0.066952, 0.184093]
        - [0.08230143, 0.7119955, -0.6973466]
        - [-0.1777619, 0.6989849, 0.6926935]
  tf_mat_link4_0_flan4:
    target_pose:
      position: [-0.1938701, -0.4377594, 0.2086053]
      orientation:
        - [0.9892042, -0.002624487, 0.1465436]
        - [0.101466, -0.709248, -0.6976212]
        - [0.1057667, 0.7049542, -0.7013248]
step_2:
  tf_mat_link1_0_flan1:
    target_pose:
      position: [-0.1770993, -0.4375207, -0.2162473]
      orientation:
        - [0.9806295, 0.066952, 0.184093]
        - [0.08230143, 0.7119955, -0.6973466]
        - [-0.1777619, 0.6989849, 0.6926935]
  tf_mat_link4_0_flan4:
    target_pose:
      position: [-0.1938701, -0.4377594, 0.2086053]
      orientation:
        - [0.9892042, -0.002624487, 0.1465436]
        - [0.101466, -0.709248, -0.6976212]
        - [0.1057667, 0.7049542, -0.7013248]
step_3:
  tf_mat_link1_0_flan1:
    target_pose:
      position: [-0.1770993, -0.4375207, -0.2162473]
      orientation:
        - [0.9806295, 0.066952, 0.184093]
        - [0.08230143, 0.7119955, -0.6973466]
        - [-0.1777619, 0.6989849, 0.6926935]
  tf_mat_link4_0_flan4:
    target_pose:
      position: [-0.1938701, -0.4377594, 0.2086053]
      orientation:
        - [0.9892042, -0.002624487, 0.1465436]
        - [0.101466, -0.709248, -0.6976212]
        - [0.1057667, 0.7049542, -0.7013248]
step_4:
  tf_mat_link1_0_flan1:
    target_pose:
      position: [-0.1770993, -0.4375207, -0.2162473]
      orientation:
        - [0.9806295, 0.066952, 0.184093]
        - [0.08230143, 0.7119955, -0.6973466]
        - [-0.1777619, 0.6989849, 0.6926935]
  tf_mat_link4_0_flan4:
    target_pose:
      position: [-0.1938701, -0.4377594, 0.2086053]
      orientation:
        - [0.9892042, -0.002624487, 0.1465436]
        - [0.101466, -0.709248, -0.6976212]
        - [0.1057667, 0.7049542, -0.7013248]
step_5:
  tf_mat_link1_0_flan1:
    target_pose:
      position: [-0.1770993, -0.4375207, -0.2162473]
      orientation:
        - [0.9806295, 0.066952, 0.184093]
        - [0.08230143, 0.7119955, -0.6973466]
        - [-0.1777619, 0.6989849, 0.6926935]
  tf_mat_link4_0_flan4:
    target_pose:
      position: [-0.1938701, -0.4377594, 0.2086053]
      orientation:
        - [0.9892042, -0.002624487, 0.1465436]
        - [0.101466, -0.709248, -0.6976212]
        - [0.1057667, 0.7049542, -0.7013248]
step_6:
  tf_mat_link1_0_flan1:
    target_pose:
      position: [-0.1770993, -0.4375207, -0.2162473]
      orientation:
        - [0.9806295, 0.066952, 0.184093]
        - [0.08230143, 0.7119955, -0.6973466]
        - [-0.1777619, 0.6989849, 0.6926935]
  tf_mat_link4_0_flan4:
    target_pose:
      position: [-0.1938701, -0.4377594, 0.2086053]
      orientation:
        - [0.9892042, -0.002624487, 0.1465436]
        - [0.101466, -0.709248, -0.6976212]
        - [0.1057667, 0.7049542, -0.7013248]
step_7:
  tf_mat_link1_0_flan1:
    target_pose:
      position: [-0.1770993, -0.4375207, -0.2162473]
      orientation:
        - [0.9806295, 0.066952, 0.184093]
        - [0.08230143, 0.7119955, -0.6973466]
        - [-0.1777619, 0.6989849, 0.6926935]
  tf_mat_link4_0_flan4:
    target_pose:
      position: [-0.1938701, -0.4377594, 0.2086053]
      orientation:
        - [0.9892042, -0.002624487, 0.1465436]
        - [0.101466, -0.709248, -0.6976212]
        - [0.1057667, 0.7049542, -0.7013248]
step_8:
  tf_mat_link1_0_flan1:
    target_pose:
      position: [-0.1770993, -0.4375207, -0.2162473]
      orientation:
        - [0.9806295, 0.066952, 0.184093]
        - [0.08230143, 0.7119955, -0.6973466]
        - [-0.1777619, 0.6989849, 0.6926935]
  tf_mat_link4_0_flan4:
    target_pose:
      position: [-0.1938701, -0.4377594, 0.2086053]
      orientation:
        - [0.9892042, -0.002624487, 0.1465436]
        - [0.101466, -0.709248, -0.6976212]
        - [0.1057667, 0.7049542, -0.7013248]
step_9:
  tf_mat_link1_0_flan1:
    target_pose:
      position: [-0.1770993, -0.4375207, -0.2162473]
      orientation:
        - [0.9806295, 0.066952, 0.184093]
        - [0.08230143, 0.7119955, -0.6973466]
        - [-0.1777619, 0.6989849, 0.6926935]
  tf_mat_link4_0_flan4:
    target_pose:
      position: [-0.1938701, -0.4377594, 0.2086053]
      orientation:
        - [0.9892042, -0.002624487, 0.1465436]
        - [0.101466, -0.709248, -0.6976212]
        - [0.1057667, 0.7049542, -0.7013248]
step_10:
  tf_mat_link1_0_flan1:
    target_pose:
      position: [-0.1770993, -0.4375207, -0.2162473]
      orientation:
        - [0.9806295, 0.066952, 0.184093]
        - [0.08230143, 0.7119955, -0.6973466]
        - [-0.1777619, 0.6989849, 0.6926935]
  tf_mat_link4_0_flan4:
    target_pose:
      position: [-0.1938701, -0.4377594, 0.2086053]
      orientation:
        - [0.9892042, -0.002624487, 0.1465436]
        - [0.101466, -0.709248, -0.6976212]
        - [0.1057667, 0.7049542, -0.7013248]
step_11:
  tf_mat_link1_0_flan1:
    target_pose:
      position: [-0.1770993, -0.4375207, -0.2162473]
      orientation:
        - [0.9806295, 0.066952, 0.184093]
        - [0.08230143, 0.7119955, -0.6973466]
        - [-0.1777619, 0.6989849, 0.6926935]
  tf_mat_link4_0_flan4:
    target_pose:
      position: [-0.1938701, -0.4377594, 0.2086053]
      orientation:
        - [0.9892042, -0.002624487, 0.1465436]
        - [0.101466, -0.709248, -0.6976212]
        - [0.1057667, 0.7049542, -0.7013248]
step_12:
  tf_mat_link1_0_flan1:
    target_pose:
      position: [-0.1770993, -0.4375207, -0.2162473]
      orientation:
        - [0.9806295, 0.066952, 0.184093]
        - [0.08230143, 0.7119955, -0.6973466]
        - [-0.1777619, 0.6989849, 0.6926935]
  tf_mat_link4_0_flan4:
    target_pose:
      position: [-0.1938701, -0.4377594, 0.2086053]
      orientation:
        - [0.9892042, -0.002624487, 0.1465436]
        - [0.101466, -0.709248, -0.6976212]
        - [0.1057667, 0.7049542, -0.7013248]
step_13:
  tf_mat_link1_0_flan1:
    target_pose:
      position: [-0.1770993, -0.4375207, -0.2162473]
      orientation:
        - [0.9806295, 0.066952, 0.184093]
        - [0.08230143, 0.7119955, -0.6973466]
        - [-0.1777619, 0.6989849, 0.6926935]
  tf_mat_link4_0_flan4:
    target_pose:
      position: [-0.1938701, -0.4377594, 0.2086053]
      orientation:
        - [0.9892042, -0.002624487, 0.1465436]
        - [0.101466, -0.709248, -0.6976212]
        - [0.1057667, 0.7049542, -0.7013248]
step_14:
  tf_mat_link1_0_flan1:
    target_pose:
      position: [-0.1770993, -0.4375207, -0.2162473]
      orientation:
        - [0.9806295, 0.066952, 0.184093]
        - [0.08230143, 0.7119955, -0.6973466]
        - [-0.1777619, 0.6989849, 0.6926935]
  tf_mat_link4_0_flan4:
    target_pose:
      position: [-0.1938701, -0.4377594, 0.2086053]
      orientation:
        - [0.9892042, -0.002624487, 0.1465436]
        - [0.101466, -0.709248, -0.6976212]
        - [0.1057667, 0.7049542, -0.7013248]
step_15:
  tf_mat_link1_0_flan1:
    target_pose:
      position: [-0.1770993, -0.4375207, -0.2162473]
      orientation:
        - [0.9806295, 0.066952, 0.184093]
        - [0.08230143, 0.7119955, -0.6973466]
        - [-0.1777619, 0.6989849, 0.6926935]
  tf_mat_link4_0_flan4:
    target_pose:
      position: [-0.1938701, -0.4377594, 0.2086053]
      orientation:
        - [0.9892042, -0.002624487, 0.1465436]
        - [0.101466, -0.709248, -0.6976212]
        - [0.1057667, 0.7049542, -0.7013248]
step_16:
  tf_mat_link1_0_flan1:
    target_pose:
      position: [-0.1770993, -0.4375207, -0.2162473]
      orientation:
        - [0.9806295, 0.066952, 0.184093]
        - [0.08230143, 0.7119955, -0.6973466]
        - [-0.1777619, 0.6989849, 0.6926935]
  tf_mat_link4_0_flan4:
    target_pose:
      position: [-0.1938701, -0.4377594, 0.2086053]
      orientation:
        - [0.9892042, -0.002624487, 0.1465436]
        - [0.101466, -0.709248, -0.6976212]
        - [0.1057667, 0.7049542, -0.7013248]
step_17:
  tf_mat_link1_0_flan1:
    target_pose:
      position: [-0.1770993, -0.4375207, -0.2162473]
      orientation:
        - [0.9806295, 0.066952, 0.184093]
        - [0.08230143, 0.7119955, -0.6973466]
        - [-0.1777619, 0.6989849, 0.6926935]
  tf_mat_link4_0_flan4:
    target_pose:
      position: [-0.1938701, -0.4377594, 0.2086053]
      orientation:
        - [0.9892042, -0.002624487, 0.1465436]
        - [0.101466, -0.709248, -0.6976212]
        - [0.1057667, 0.7049542, -0.7013248]
step_18:
  tf_mat_link1_0_flan1:
    target_pose:
      position: [-0.1770993, -0.4375207, -0.2162473]
      orientation:
        - [0.9806295, 0.066952, 0.184093]
        - [0.08230143, 0.7119955, -0.6973466]
        - [-0.1777619, 0.6989849, 0.6926935]
  tf_mat_link4_0_flan4:
    target_pose:
      position: [-0.1938701, -0.4377594, 0.2086053]
      orientation:
        - [0.9892042, -0.002624487, 0.1465436]
        - [0.101466, -0.709248, -0.6976212]
        - [0.1057667, 0.7049542, -0.7013248]
step_19:
  tf_mat_link1_0_flan1:
    target_pose:
      position: [-0.1770993, -0.4375207, -0.2162473]
      orientation:
        - [0.9806295, 0.066952, 0.184093]
        - [0.08230143, 0.7119955, -0.6973466]
        - [-0.1777619, 0.6989849, 0.6926935]
  tf_mat_link4_0_flan4:
    target_pose:
      position: [-0.1938701, -0.4377594, 0.2086053]
      orientation:
        - [0.9892042, -0.002624487, 0.1465436]
        - [0.101466, -0.709248, -0.6976212]
        - [0.1057667, 0.7049542, -0.7013248]
step_20:
  tf_mat_link1_0_flan1:
    target_pose:
      position: [-0.1770993, -0.4375207, -0.2162473]
      orientation:
        - [0.9806295, 0.066952, 0.184093]
        - [0.08230143, 0.7119955, -0.6973466]
        - [-0.1777619, 0.6989849, 0.6926935]
  tf_mat_link4_0_flan4:
    target_pose:
      position: [-0.1938701, -0.4377594, 0.2086053]
      orientation:
        - [0.9892042, -0.002624487, 0.1465436]
        - [0.101466, -0.709248, -0.6976212]
        - [0.1057667, 0.7049542, -0.7013248]
step_21:
  tf_mat_link1_0_flan1:
    target_pose:
      position: [-0.1770993, -0.4375207, -0.2162473]
      orientation:
        - [0.9806295, 0.066952, 0.184093]
        - [0.08230143, 0.7119955, -0.6973466]
        - [-0.1777619, 0.6989849, 0.6926935]
  tf_mat_link4_0_flan4:
    target_pose:
      position: [-0.1938701, -0.4377594, 0.2086053]
      orientation:
        - [0.9892042, -0.002624487, 0.1465436]
        - [0.101466, -0.709248, -0.6976212]
        - [0.1057667, 0.7049542, -0.7013248]
step_22:
  tf_mat_link1_0_flan1:
    target_pose:
      position: [-0.1770993, -0.4375207, -0.2162473]
      orientation:
        - [0.9806295, 0.066952, 0.184093]
        - [0.08230143, 0.7119955, -0.6973466]
        - [-0.1777619, 0.6989849, 0.6926935]
  tf_mat_link4_0_flan4:
    target_pose:
      position: [-0.1938701, -0.4377594, 0.2086053]
      orientation:
        - [0.9892042, -0.002624487, 0.1465436]
        - [0.101466, -0.709248, -0.6976212]
        - [0.1057667, 0.7049542, -0.7013248]
step_23:
  tf_mat_link1_0_flan1:
    target_pose:
      position: [-0.1770993, -0.4375207, -0.2162473]
      orientation:
        - [0.9806295, 0.066952, 0.184093]
        - [0.08230143, 0.7119955, -0.6973466]
        - [-0.1777619, 0.6989849, 0.6926935]
  tf_mat_link4_0_flan4:
    target_pose:
      position: [-0.1938701, -0.4377594, 0.2086053]
      orientation:
        - [0.9892042, -0.002624487, 0.1465436]
        - [0.101466, -0.709248, -0.6976212]
        - [0.1057667, 0.7049542, -0.7013248]
step_24:
  tf_mat_link1_0_flan1:
    target_pose:
      position: [-0.1770993, -0.4375207, -0.2162473]
      orientation:
        - [0.9806295, 0.066952, 0.184093]
        - [0.08230143, 0.7119955, -0.6973466]
        - [-0.1777619, 0.6989849, 0.6926935]
  tf_mat_link4_0_flan4:
    target_pose:
      position: [-0.1938701, -0.4377594, 0.2086053]
      orientation:
        - [0.9892042, -0.002624487, 0.1465436]
        - [0.101466, -0.709248, -0.6976212]
        - [0.1057667, 0.7049542, -0.7013248]
step_25:
  tf_mat_link1_0_flan1:
    target_pose:
      position: [-0.1770993, -0.4375207, -0.2162473]
      orientation:
        - [0.9806295, 0.066952, 0.184093]
        - [0.08230143, 0.7119955, -0.6973466]
        - [-0.1777619, 0.6989849, 0.6926935]
  tf_mat_link4_0_flan4:
    target_pose:
      position: [-0.1938701, -0.4377594, 0.2086053]
      orientation:
        - [0.9892042, -0.002624487, 0.1465436]
        - [0.101466, -0.709248, -0.6976212]
        - [0.1057667, 0.7049542, -0.7013248]
step_26:
  tf_mat_link1_0_flan1:
    target_pose:
      position: [-0.1770993, -0.4375207, -0.2162473]
      orientation:
        - [0.9806295, 0.066952, 0.184093]
        - [0.08230143, 0.7119955, -0.6973466]
        - [-0.1777619, 0.6989849, 0.6926935]
  tf_mat_link4_0_flan4:
    target_pose:
      position: [-0.1938701, -0.4377594, 0.2086053]
      orientation:
        - [0.9892042, -0.002624487, 0.1465436]
        - [0.101466, -0.709248, -0.6976212]
        - [0.1057667, 0.7049542, -0.7013248]
step_27:
  tf_mat_link1_0_flan1:
    target_pose:
      position: [-0.1770993, -0.4375207, -0.2162473]
      orientation:
        - [0.9806295, 0.066952, 0.184093]
        - [0.08230143, 0.7119955, -0.6973466]
        - [-0.1777619, 0.6989849, 0.6926935]
  tf_mat_link4_0_flan4:
    target_pose:
      position: [-0.1938701, -0.4377594, 0.2086053]
      orientation:
        - [0.9892042, -0.002624487, 0.1465436]
        - [0.101466, -0.709248, -0.6976212]
        - [0.1057667, 0.7049542, -0.7013248]
step_28:
  tf_mat_link1_0_flan1:
    target_pose:
      position: [-0.1770993, -0.4375207, -0.2162473]
      orientation:
        - [0.9806295, 0.066952, 0.184093]
        - [0.08230143, 0.7119955, -0.6973466]
        - [-0.1777619, 0.6989849, 0.6926935]
  tf_mat_link4_0_flan4:
    target_pose:
      position: [-0.1938701, -0.4377594, 0.2086053]
      orientation:
        - [0.9892042, -0.002624487, 0.1465436]
        - [0.101466, -0.709248, -0.6976212]
        - [0.1057667, 0.7049542, -0.7013248]
step_29:
  tf_mat_link1_0_flan1:
    target_pose:
      position: [-0.1770993, -0.4375207, -0.2162473]
      orientation:
        - [0.9806295, 0.066952, 0.184093]
        - [0.08230143, 0.7119955, -0.6973466]
        - [-0.1777619, 0.6989849, 0.6926935]
  tf_mat_link4_0_flan4:
    target_pose:
      position: [-0.1938701, -0.4377594, 0.2086053]
      orientation:
        - [0.9892042, -0.002624487, 0.1465436]
        - [0.101466, -0.709248, -0.6976212]
        - [0.1057667, 0.7049542, -0.7013248]
step_30:
  tf_mat_link1_0_flan1:
    target_pose:
      position: [-0.1770993, -0.4375207, -0.2162473]
      orientation:
        - [0.9806295, 0.066952, 0.184093]
        - [0.08230143, 0.7119955, -0.6973466]
        - [-0.1777619, 0.6989849, 0.6926935]
  tf_mat_link4_0_flan4:
    target_pose:
      position: [-0.1938701, -0.4377594, 0.2086053]
      orientation:
        - [0.9892042, -0.002624487, 0.1465436]
        - [0.101466, -0.709248, -0.6976212]
        - [0.1057667, 0.7049542, -0.7013248]
step_31:
  tf_mat_link1_0_flan1:
    target_pose:
      position: [-0.1770993, -0.4375207, -0.2162473]
      orientation:
        - [0.9806295, 0.066952, 0.184093]
        - [0.08230143, 0.7119955, -0.6973466]
        - [-0.1777619, 0.6989849, 0.6926935]
  tf_mat_link4_0_flan4:
    target_pose:
      position: [-0.1938701, -0.4377594, 0.2086053]
      orientation:
        - [0.9892042, -0.002624487, 0.1465436]
        - [0.101466, -0.709248, -0.6976212]
        - [0.1057667, 0.7049542, -0.7013248]
step_32:
  tf_mat_link1_0_flan1:
    target_pose:
      position: [-0.1770993, -0.4375207, -0.2162473]
      orientation:
        - [0.9806295, 0.066952, 0.184093]
        - [0.08230143, 0.7119955, -0.6973466]
        - [-0.1777619, 0.6989849, 0.6926935]
  tf_mat_link4_0_flan4:
    target_pose:
      position: [-0.1938701, -0.4377594, 0.2086053]
      orientation:
        - [0.9892042, -0.002624487, 0.1465436]
        - [0.101466, -0.709248, -0.6976212]
        - [0.1057667, 0.7049542, -0.7013248]
step_33:
  tf_mat_link1_0_flan1:
    target_pose:
      position: [-0.1770993, -0.4375207, -0.2162473]
      orientation:
        - [0.9806295, 0.066952, 0.184093]
        - [0.08230143, 0.7119955, -0.6973466]
        - [-0.1777619, 0.6989849, 0.6926935]
  tf_mat_link4_0_flan4:
    target_pose:
      position: [-0.1938701, -0.4377594, 0.2086053]
      orientation:
        - [0.9892042, -0.002624487, 0.1465436]
        - [0.101466, -0.709248, -0.6976212]
        - [0.1057667, 0.7049542, -0.7013248]
step_34:
  tf_mat_link1_0_flan1:
    target_pose:
      position: [-0.1770993, -0.4375207, -0.2162473]
      orientation:
        - [0.9806295, 0.066952, 0.184093]
        - [0.08230143, 0.7119955, -0.6973466]
        - [-0.1777619, 0.6989849, 0.6926935]
  tf_mat_link4_0_flan4:
    target_pose:
      position: [-0.1938701, -0.4377594, 0.2086053]
      orientation:
        - [0.9892042, -0.002624487, 0.1465436]
        - [0.101466, -0.709248, -0.6976212]
        - [0.1057667, 0.7049542, -0.7013248]
step_35:
  tf_mat_link1_0_flan1:
    target_pose:
      position: [-0.1770993, -0.4375207, -0.2162473]
      orientation:
        - [0.9806295, 0.066952, 0.184093]
        - [0.08230143, 0.7119955, -0.6973466]
        - [-0.1777619, 0.6989849, 0.6926935]
  tf_mat_link4_0_flan4:
    target_pose:
      position: [-0.1938701, -0.4377594, 0.2086053]
      orientation:
        - [0.9892042, -0.002624487, 0.1465436]
        - [0.101466, -0.709248, -0.6976212]
        - [0.1057667, 0.7049542, -0.7013248]
step_36:
  tf_mat_link1_0_flan1:
    target_pose:
      position: [-0.1770993, -0.4375207, -0.2162473]
      orientation:
        - [0.9806295, 0.066952, 0.184093]
        - [0.08230143, 0.7119955, -0.6973466]
        - [-0.1777619, 0.6989849, 0.6926935]
  tf_mat_link4_0_flan4:
    target_pose:
      position: [-0.1938701, -0.4377594, 0.2086053]
      orientation:
        - [0.9892042, -0.002624487, 0.1465436]
        - [0.101466, -0.709248, -0.6976212]
        - [0.1057667, 0.7049542, -0.7013248]
step_37:
  tf_mat_link1_0_flan1:
    target_pose:
      position: [-0.1770993, -0.4375207, -0.2162473]
      orientation:
        - [0.9806295, 0.066952, 0.184093]
        - [0.08230143, 0.7119955, -0.6973466]
        - [-0.1777619, 0.6989849, 0.6926935]
  tf_mat_link4_0_flan4:
    target_pose:
      position: [-0.1938701, -0.4377594, 0.2086053]
      orientation:
        - [0.9892042, -0.002624487, 0.1465436]
        - [0.101466, -0.709248, -0.6976212]
        - [0.1057667, 0.7049542, -0.7013248]
step_38:
  tf_mat_link1_0_flan1:
    target_pose:
      position: [-0.1770993, -0.4375207, -0.2162473]
      orientation:
        - [0.9806295, 0.066952, 0.184093]
        - [0.08230143, 0.7119955, -0.6973466]
        - [-0.1777619, 0.6989849, 0.6926935]
  tf_mat_link4_0_flan4:
    target_pose:
      position: [-0.1938701, -0.4377594, 0.2086053]
      orientation:
        - [0.9892042, -0.002624487, 0.1465436]
        - [0.101466, -0.709248, -0.6976212]
        - [0.1057667, 0.7049542, -0.7013248]
step_39:
  tf_mat_link1_0_flan1:
    target_pose:
      position: [-0.1770993, -0.4375207, -0.2162473]
      orientation:
        - [0.9806295, 0.066952, 0.184093]
        - [0.08230143, 0.7119955, -0.6973466]
        - [-0.1777619, 0.6989849, 0.6926935]
  tf_mat_link4_0_flan4:
    target_pose:
      position: [-0.1938701, -0.4377594, 0.2086053]
      orientation:
        - [0.9892042, -0.002624487, 0.1465436]
        - [0.101466, -0.709248, -0.6976212]
        - [0.1057667, 0.7049542, -0.7013248]
step_40:
  tf_mat_link1_0_flan1:
    target_pose:
      position: [-0.1770993, -0.4375207, -0.2162473]
      orientation:
        - [0.9806295, 0.066952, 0.184093]
        - [0.08230143, 0.7119955, -0.6973466]
        - [-0.1777619, 0.6989849, 0.6926935]
  tf_mat_link4_0_flan4:
    target_pose:
      position: [-0.1938701, -0.4377594, 0.2086053]
      orientation:
        - [0.9892042, -0.002624487, 0.1465436]
        - [0.101466, -0.709248, -0.6976212]
        - [0.1057667, 0.7049542, -0.7013248]
step_41:
  tf_mat_link1_0_flan1:
    target_pose:
      position: [-0.1770993, -0.4375207, -0.2162473]
      orientation:
        - [0.9806295, 0.066952, 0.184093]
        - [0.08230143, 0.7119955, -0.6973466]
        - [-0.1777619, 0.6989849, 0.6926935]
  tf_mat_link4_0_flan4:
    target_pose:
      position: [-0.1938701, -0.4377594, 0.2086053]
      orientation:
        - [0.9892042, -0.002624487, 0.1465436]
        - [0.101466, -0.709248, -0.6976212]
        - [0.1057667, 0.7049542, -0.7013248]
step_42:
  tf_mat_link1_0_flan1:
    target_pose:
      position: [-0.1770993, -0.4375207, -0.2162473]
      orientation:
        - [0.9806295, 0.066952, 0.184093]
        - [0.08230143, 0.7119955, -0.6973466]
        - [-0.1777619, 0.6989849, 0.6926935]
  tf_mat_link4_0_flan4:
    target_pose:
      position: [-0.1938701, -0.4377594, 0.2086053]
      orientation:
        - [0.9892042, -0.002624487, 0.1465436]
        - [0.101466, -0.709248, -0.6976212]
        - [0.1057667, 0.7049542, -0.7013248]
step_43:
  tf_mat_link1_0_flan1:
    target_pose:
      position: [-0.1770993, -0.4375207, -0.2162473]
      orientation:
        - [0.9806295, 0.066952, 0.184093]
        - [0.08230143, 0.7119955, -0.6973466]
        - [-0.1777619, 0.6989849, 0.6926935]
  tf_mat_link4_0_flan4:
    target_pose:
      position: [-0.1938701, -0.4377594, 0.2086053]
      orientation:
        - [0.9892042, -0.002624487, 0.1465436]
        - [0.101466, -0.709248, -0.6976212]
        - [0.1057667, 0.7049542, -0.7013248]
step_44:
  tf_mat_link1_0_flan1:
    target_pose:
      position: [-0.1770993, -0.4375207, -0.2162473]
      orientation:
        - [0.9806295, 0.066952, 0.184093]
        - [0.08230143, 0.7119955, -0.6973466]
        - [-0.1777619, 0.6989849, 0.6926935]
  tf_mat_link4_0_flan4:
    target_pose:
      position: [-0.1938701, -0.4377594, 0.2086053]
      orientation:
        - [0.9892042, -0.002624487, 0.1465436]
        - [0.101466, -0.709248, -0.6976212]
        - [0.1057667, 0.7049542, -0.7013248]
step_45:
  tf_mat_link1_0_flan1:
    target_pose:
      position: [-0.1770993, -0.4375207, -0.2162473]
      orientation:
        - [0.9806295, 0.066952, 0.184093]
        - [0.08230143, 0.7119955, -0.6973466]
        - [-0.1777619, 0.6989849, 0.6926935]
  tf_mat_link4_0_flan4:
    target_pose:
      position: [-0.1938701, -0.4377594, 0.2086053]
      orientation:
        - [0.9892042, -0.002624487, 0.1465436]
        - [0.101466, -0.709248, -0.6976212]
        - [0.1057667, 0.7049542, -0.7013248]
step_46:
  tf_mat_link1_0_flan1:
    target_pose:
      position: [-0.1770993, -0.4375207, -0.2162473]
      orientation:
        - [0.9806295, 0.066952, 0.184093]
        - [0.08230143, 0.7119955, -0.6973466]
        - [-0.1777619, 0.6989849, 0.6926935]
  tf_mat_link4_0_flan4:
    target_pose:
      position: [-0.1938701, -0.4377594, 0.2086053]
      orientation:
        - [0.9892042, -0.002624487, 0.1465436]
        - [0.101466, -0.709248, -0.6976212]
        - [0.1057667, 0.7049542, -0.7013248]
step_47:
  tf_mat_link1_0_flan1:
    target_pose:
      position: [-0.1770993, -0.4375207, -0.2162473]
      orientation:
        - [0.9806295, 0.066952, 0.184093]
        - [0.08230143, 0.7119955, -0.6973466]
        - [-0.1777619, 0.6989849, 0.6926935]
  tf_mat_link4_0_flan4:
    target_pose:
      position: [-0.1938701, -0.4377594, 0.2086053]
      orientation:
        - [0.9892042, -0.002624487, 0.1465436]
        - [0.101466, -0.709248, -0.6976212]
        - [0.1057667, 0.7049542, -0.7013248]
step_48:
  tf_mat_link1_0_flan1:
    target_pose:
      position: [-0.1770993, -0.4375207, -0.2162473]
      orientation:
        - [0.9806295, 0.066952, 0.184093]
        - [0.08230143, 0.7119955, -0.6973466]
        - [-0.1777619, 0.6989849, 0.6926935]
  tf_mat_link4_0_flan4:
    target_pose:
      position: [-0.1938701, -0.4377594, 0.2086053]
      orientation:
        - [0.9892042, -0.002624487, 0.1465436]
        - [0.101466, -0.709248, -0.6976212]
        - [0.1057667, 0.7049542, -0.7013248]
step_49:
  tf_mat_link1_0_flan1:
    target_pose:
      position: [-0.1770993, -0.4375207, -0.2162473]
      orientation:
        - [0.9806295, 0.066952, 0.184093]
        - [0.08230143, 0.7119955, -0.6973466]
        - [-0.1777619, 0.6989849, 0.6926935]
  tf_mat_link4_0_flan4:
    target_pose:
      position: [-0.1938701, -0.4377594, 0.2086053]
      orientation:
        - [0.9892042, -0.002624487, 0.1465436]
        - [0.101466, -0.709248, -0.6976212]
        - [0.1057667, 0.7049542, -0.7013248]
step_50:
  tf_mat_link1_0_flan1:
    target_pose:
      position: [-0.1770993, -0.4375207, -0.2162473]
      orientation:
        - [0.9806295, 0.066952, 0.184093]
        - [0.08230143, 0.7119955, -0.6973466]
        - [-0.1777619, 0.6989849, 0.6926935]
  tf_mat_link4_0_flan4:
    target_pose:
      position: [-0.1938701, -0.4377594, 0.2086053]
      orientation:
        - [0.9892042, -0.002624487, 0.1465436]
        - [0.101466, -0.709248, -0.6976212]
        - [0.1057667, 0.7049542, -0.7013248]
step_51:
  tf_mat_link1_0_flan1:
    target_pose:
      position: [-0.1770993, -0.4375207, -0.2162473]
      orientation:
        - [0.9806295, 0.066952, 0.184093]
        - [0.08230143, 0.7119955, -0.6973466]
        - [-0.1777619, 0.6989849, 0.6926935]
  tf_mat_link4_0_flan4:
    target_pose:
      position: [-0.1938701, -0.4377594, 0.2086053]
      orientation:
        - [0.9892042, -0.002624487, 0.1465436]
        - [0.101466, -0.709248, -0.6976212]
        - [0.1057667, 0.7049542, -0.7013248]
step_52:
  tf_mat_link1_0_flan1:
    target_pose:
      position: [-0.1770993, -0.4375207, -0.2162473]
      orientation:
        - [0.9806295, 0.066952, 0.184093]
        - [0.08230143, 0.7119955, -0.6973466]
        - [-0.1777619, 0.6989849, 0.6926935]
  tf_mat_link4_0_flan4:
    target_pose:
      position: [-0.1938701, -0.4377594, 0.2086053]
      orientation:
        - [0.9892042, -0.002624487, 0.1465436]
        - [0.101466, -0.709248, -0.6976212]
        - [0.1057667, 0.7049542, -0.7013248]
step_53:
  tf_mat_link1_0_flan1:
    target_pose:
      position: [-0.1770993, -0.4375207, -0.2162473]
      orientation:
        - [0.9806295, 0.066952, 0.184093]
        - [0.08230143, 0.7119955, -0.6973466]
        - [-0.1777619, 0.6989849, 0.6926935]
  tf_mat_link4_0_flan4:
    target_pose:
      position: [-0.1938701, -0.4377594, 0.2086053]
      orientation:
        - [0.9892042, -0.002624487, 0.1465436]
        - [0.101466, -0.709248, -0.6976212]
        - [0.1057667, 0.7049542, -0.7013248]
step_54:
  tf_mat_link1_0_flan1:
    target_pose:
      position: [-0.1770993, -0.4375207, -0.2162473]
      orientation:
        - [0.9806295, 0.066952, 0.184093]
        - [0.08230143, 0.7119955, -0.6973466]
        - [-0.1777619, 0.6989849, 0.6926935]
  tf_mat_link4_0_flan4:
    target_pose:
      position: [-0.1938701, -0.4377594, 0.2086053]
      orientation:
        - [0.9892042, -0.002624487, 0.1465436]
        - [0.101466, -0.709248, -0.6976212]
        - [0.1057667, 0.7049542, -0.7013248]
step_55:
  tf_mat_link1_0_flan1:
    target_pose:
      position: [-0.1770993, -0.4375207, -0.2162473]
      orientation:
        - [0.9806295, 0.066952, 0.184093]
        - [0.08230143, 0.7119955, -0.6973466]
        - [-0.1777619, 0.6989849, 0.6926935]
  tf_mat_link4_0_flan4:
    target_pose:
      position: [-0.1938701, -0.4377594, 0.2086053]
      orientation:
        - [0.9892042, -0.002624487, 0.1465436]
        - [0.101466, -0.709248, -0.6976212]
        - [0.1057667, 0.7049542, -0.7013248]
step_56:
  tf_mat_link1_0_flan1:
    target_pose:
      position: [-0.1770993, -0.4375207, -0.2162473]
      orientation:
        - [0.9806295, 0.066952, 0.184093]
        - [0.08230143, 0.7119955, -0.6973466]
        - [-0.1777619, 0.6989849, 0.6926935]
  tf_mat_link4_0_flan4:
    target_pose:
      position: [-0.1938701, -0.4377594, 0.2086053]
      orientation:
        - [0.9892042, -0.002624487, 0.1465436]
        - [0.101466, -0.709248, -0.6976212]
        - [0.1057667, 0.7049542, -0.7013248]
step_57:
  tf_mat_link1_0_flan1:
    target_pose:
      position: [-0.1770993, -0.4375207, -0.2162473]
      orientation:
        - [0.9806295, 0.066952, 0.184093]
        - [0.08230143, 0.7119955, -0.6973466]
        - [-0.1777619, 0.6989849, 0.6926935]
  tf_mat_link4_0_flan4:
    target_pose:
      position: [-0.1938701, -0.4377594, 0.2086053]
      orientation:
        - [0.9892042, -0.002624487, 0.1465436]
        - [0.101466, -0.709248, -0.6976212]
        - [0.1057667, 0.7049542, -0.7013248]
step_58:
  tf_mat_link1_0_flan1:
    target_pose:
      position: [-0.1770993, -0.4375207, -0.2162473]
      orientation:
        - [0.9806295, 0.066952, 0.184093]
        - [0.08230143, 0.7119955, -0.6973466]
        - [-0.1777619, 0.6989849, 0.6926935]
  tf_mat_link4_0_flan4:
    target_pose:
      position: [-0.1938701, -0.4377594, 0.2086053]
      orientation:
        - [0.9892042, -0.002624487, 0.1465436]
        - [0.101466, -0.709248, -0.6976212]
        - [0.1057667, 0.7049542, -0.7013248]
step_59:
  tf_mat_link1_0_flan1:
    target_pose:
      position: [-0.1770993, -0.4375207, -0.2162473]
      orientation:
        - [0.9806295, 0.066952, 0.184093]
        - [0.08230143, 0.7119955, -0.6973466]
        - [-0.1777619, 0.6989849, 0.6926935]
  tf_mat_link4_0_flan4:
    target_pose:
      position: [-0.1938701, -0.4377594, 0.2086053]
      orientation:
        - [0.9892042, -0.002624487, 0.1465436]
        - [0.101466, -0.709248, -0.6976212]
        - [0.1057667, 0.7049542, -0.7013248]
step_60:
  tf_mat_link1_0_flan1:
    target_pose:
      position: [-0.1770993, -0.4375207, -0.2162473]
      orientation:
        - [0.9806295, 0.066952, 0.184093]
        - [0.08230143, 0.7119955, -0.6973466]
        - [-0.1777619, 0.6989849, 0.6926935]
  tf_mat_link4_0_flan4:
    target_pose:
      position: [-0.1938701, -0.4377594, 0.2086053]
      orientation:
        - [0.9892042, -0.002624487, 0.1465436]
        - [0.101466, -0.709248, -0.6976212]
        - [0.1057667, 0.7049542, -0.7013248]
step_61:
  tf_mat_link1_0_flan1:
    target_pose:
      position: [-0.1770993, -0.4375207, -0.2162473]
      orientation:
        - [0.9806295, 0.066952, 0.184093]
        - [0.08230143, 0.7119955, -0.6973466]
        - [-0.1777619, 0.6989849, 0.6926935]
  tf_mat_link4_0_flan4:
    target_pose:
      position: [-0.1938701, -0.4377594, 0.2086053]
      orientation:
        - [0.9892042, -0.002624487, 0.1465436]
        - [0.101466, -0.709248, -0.6976212]
        - [0.1057667, 0.7049542, -0.7013248]
step_62:
  tf_mat_link1_0_flan1:
    target_pose:
      position: [-0.1770993, -0.4375207, -0.2162473]
      orientation:
        - [0.9806295, 0.066952, 0.184093]
        - [0.08230143, 0.7119955, -0.6973466]
        - [-0.1777619, 0.6989849, 0.6926935]
  tf_mat_link4_0_flan4:
    target_pose:
      position: [-0.1938701, -0.4377594, 0.2086053]
      orientation:
        - [0.9892042, -0.002624487, 0.1465436]
        - [0.101466, -0.709248, -0.6976212]
        - [0.1057667, 0.7049542, -0.7013248]
step_63:
  tf_mat_link1_0_flan1:
    target_pose:
      position: [-0.1770993, -0.4375207, -0.2162473]
      orientation:
        - [0.9806295, 0.066952, 0.184093]
        - [0.08230143, 0.7119955, -0.6973466]
        - [-0.1777619, 0.6989849, 0.6926935]
  tf_mat_link4_0_flan4:
    target_pose:
      position: [-0.1938701, -0.4377594, 0.2086053]
      orientation:
        - [0.9892042, -0.002624487, 0.1465436]
        - [0.101466, -0.709248, -0.6976212]
        - [0.1057667, 0.7049542, -0.7013248]
step_64:
  tf_mat_link1_0_flan1:
    target_pose:
      position: [-0.1770993, -0.4375207, -0.2162473]
      orientation:
        - [0.9806295, 0.066952, 0.184093]
        - [0.08230143, 0.7119955, -0.6973466]
        - [-0.1777619, 0.6989849, 0.6926935]
  tf_mat_link4_0_flan4:
    target_pose:
      position: [-0.1938701, -0.4377594, 0.2086053]
      orientation:
        - [0.9892042, -0.002624487, 0.1465436]
        - [0.101466, -0.709248, -0.6976212]
        - [0.1057667, 0.7049542, -0.7013248]
step_65:
  tf_mat_link1_0_flan1:
    target_pose:
      position: [-0.1770993, -0.4375207, -0.2162473]
      orientation:
        - [0.9806295, 0.066952, 0.184093]
        - [0.08230143, 0.7119955, -0.6973466]
        - [-0.1777619, 0.6989849, 0.6926935]
  tf_mat_link4_0_flan4:
    target_pose:
      position: [-0.1938701, -0.4377594, 0.2086053]
      orientation:
        - [0.9892042, -0.002624487, 0.1465436]
        - [0.101466, -0.709248, -0.6976212]
        - [0.1057667, 0.7049542, -0.7013248]
step_66:
  tf_mat_link1_0_flan1:
    target_pose:
      position: [-0.1770993, -0.4375207, -0.2162473]
      orientation:
        - [0.9806295, 0.066952, 0.184093]
        - [0.08230143, 0.7119955, -0.6973466]
        - [-0.1777619, 0.6989849, 0.6926935]
  tf_mat_link4_0_flan4:
    target_pose:
      position: [-0.1938701, -0.4377594, 0.2086053]
      orientation:
        - [0.9892042, -0.002624487, 0.1465436]
        - [0.101466, -0.709248, -0.6976212]
        - [0.1057667, 0.7049542, -0.7013248]
step_67:
  tf_mat_link1_0_flan1:
    target_pose:
      position: [-0.1770993, -0.4375207, -0.2162473]
      orientation:
        - [0.9806295, 0.066952, 0.184093]
        - [0.08230143, 0.7119955, -0.6973466]
        - [-0.1777619, 0.6989849, 0.6926935]
  tf_mat_link4_0_flan4:
    target_pose:
      position: [-0.1938701, -0.4377594, 0.2086053]
      orientation:
        - [0.9892042, -0.002624487, 0.1465436]
        - [0.101466, -0.709248, -0.6976212]
        - [0.1057667, 0.7049542, -0.7013248]
step_68:
  tf_mat_link1_0_flan1:
    target_pose:
      position: [-0.1770993, -0.4375207, -0.2162473]
      orientation:
        - [0.9806295, 0.066952, 0.184093]
        - [0.08230143, 0.7119955, -0.6973466]
        - [-0.1777619, 0.6989849, 0.6926935]
  tf_mat_link4_0_flan4:
    target_pose:
      position: [-0.1938701, -0.4377594, 0.2086053]
      orientation:
        - [0.9892042, -0.002624487, 0.1465436]
        - [0.101466, -0.709248, -0.6976212]
        - [0.1057667, 0.7049542, -0.7013248]
step_69:
  tf_mat_link1_0_flan1:
    target_pose:
      position: [-0.1770993, -0.4375207, -0.2162473]
      orientation:
        - [0.9806295, 0.066952, 0.184093]
        - [0.08230143, 0.7119955, -0.6973466]
        - [-0.1777619, 0.6989849, 0.6926935]
  tf_mat_link4_0_flan4:
    target_pose:
      position: [-0.1938701, -0.4377594, 0.2086053]
      orientation:
        - [0.9892042, -0.002624487, 0.1465436]
        - [0.101466, -0.709248, -0.6976212]
        - [0.1057667, 0.7049542, -0.7013248]
step_70:
  tf_mat_link1_0_flan1:
    target_pose:
      position: [-0.1770993, -0.4375207, -0.2162473]
      orientation:
        - [0.9806295, 0.066952, 0.184093]
        - [0.08230143, 0.7119955, -0.6973466]
        - [-0.1777619, 0.6989849, 0.6926935]
  tf_mat_link4_0_flan4:
    target_pose:
      position: [-0.1938701, -0.4377594, 0.2086053]
      orientation:
        - [0.9892042, -0.002624487, 0.1465436]
        - [0.101466, -0.709248, -0.6976212]
        - [0.1057667, 0.7049542, -0.7013248]
step_71:
  tf_mat_link1_0_flan1:
    target_pose:
      position: [-0.1770993, -0.4375207, -0.2162473]
      orientation:
        - [0.9806295, 0.066952, 0.184093]
        - [0.08230143, 0.7119955, -0.6973466]
        - [-0.1777619, 0.6989849, 0.6926935]
  tf_mat_link4_0_flan4:
    target_pose:
      position: [-0.1938701, -0.4377594, 0.2086053]
      orientation:
        - [0.9892042, -0.002624487, 0.1465436]
        - [0.101466, -0.709248, -0.6976212]
        - [0.1057667, 0.7049542, -0.7013248]
step_72:
  tf_mat_link1_0_flan1:
    target_pose:
      position: [-0.1770993, -0.4375207, -0.2162473]
      orientation:
        - [0.9806295, 0.066952, 0.184093]
        - [0.08230143, 0.7119955, -0.6973466]
        - [-0.1777619, 0.6989849, 0.6926935]
  tf_mat_link4_0_flan4:
    target_pose:
      position: [-0.1938701, -0.4377594, 0.2086053]
      orientation:
        - [0.9892042, -0.002624487, 0.1465436]
        - [0.101466, -0.709248, -0.6976212]
        - [0.1057667, 0.7049542, -0.7013248]
step_73:
  tf_mat_link1_0_flan1:
    target_pose:
      position: [-0.1770993, -0.4375207, -0.2162473]
      orientation:
        - [0.9806295, 0.066952, 0.184093]
        - [0.08230143, 0.7119955, -0.6973466]
        - [-0.1777619, 0.6989849, 0.6926935]
  tf_mat_link4_0_flan4:
    target_pose:
      position: [-0.1938701, -0.4377594, 0.2086053]
      orientation:
        - [0.9892042, -0.002624487, 0.1465436]
        - [0.101466, -0.709248, -0.6976212]
        - [0.1057667, 0.7049542, -0.7013248]
step_74:
  tf_mat_link1_0_flan1:
    target_pose:
      position: [-0.1770993, -0.4375207, -0.2162473]
      orientation:
        - [0.9806295, 0.066952, 0.184093]
        - [0.08230143, 0.7119955, -0.6973466]
        - [-0.1777619, 0.6989849, 0.6926935]
  tf_mat_link4_0_flan4:
    target_pose:
      position: [-0.1938701, -0.4377594, 0.2086053]
      orientation:
        - [0.9892042, -0.002624487, 0.1465436]
        - [0.101466, -0.709248, -0.6976212]
        - [0.1057667, 0.7049542, -0.7013248]
step_75:
  tf_mat_link1_0_flan1:
    target_pose:
      position: [-0.1770993, -0.4375207, -0.2162473]
      orientation:
        - [0.9806295, 0.066952, 0.184093]
        - [0.08230143, 0.7119955, -0.6973466]
        - [-0.1777619, 0.6989849, 0.6926935]
  tf_mat_link4_0_flan4:
    target_pose:
      position: [-0.1938701, -0.4377594, 0.2086053]
      orientation:
        - [0.9892042, -0.002624487, 0.1465436]
        - [0.101466, -0.709248, -0.6976212]
        - [0.1057667, 0.7049542, -0.7013248]
step_76:
  tf_mat_link1_0_flan1:
    target_pose:
      position: [-0.1770993, -0.4375207, -0.2162473]
      orientation:
        - [0.9806295, 0.066952, 0.184093]
        - [0.08230143, 0.7119955, -0.6973466]
        - [-0.1777619, 0.6989849, 0.6926935]
  tf_mat_link4_0_flan4:
    target_pose:
      position: [-0.1938701, -0.4377594, 0.2086053]
      orientation:
        - [0.9892042, -0.002624487, 0.1465436]
        - [0.101466, -0.709248, -0.6976212]
        - [0.1057667, 0.7049542, -0.7013248]
step_77:
  tf_mat_link1_0_flan1:
    target_pose:
      position: [-0.1770993, -0.4375207, -0.2162473]
      orientation:
        - [0.9806295, 0.066952, 0.184093]
        - [0.08230143, 0.7119955, -0.6973466]
        - [-0.1777619, 0.6989849, 0.6926935]
  tf_mat_link4_0_flan4:
    target_pose:
      position: [-0.1938701, -0.4377594, 0.2086053]
      orientation:
        - [0.9892042, -0.002624487, 0.1465436]
        - [0.101466, -0.709248, -0.6976212]
        - [0.1057667, 0.7049542, -0.7013248]
step_78:
  tf_mat_link1_0_flan1:
    target_pose:
      position: [-0.1770993, -0.4375207, -0.2162473]
      orientation:
        - [0.9806295, 0.066952, 0.184093]
        - [0.08230143, 0.7119955, -0.6973466]
        - [-0.1777619, 0.6989849, 0.6926935]
  tf_mat_link4_0_flan4:
    target_pose:
      position: [-0.1938701, -0.4377594, 0.2086053]
      orientation:
        - [0.9892042, -0.002624487, 0.1465436]
        - [0.101466, -0.709248, -0.6976212]
        - [0.1057667, 0.7049542, -0.7013248]
step_79:
  tf_mat_link1_0_flan1:
    target_pose:
      position: [-0.1770993, -0.4375207, -0.2162473]
      orientation:
        - [0.9806295, 0.066952, 0.184093]
        - [0.08230143, 0.7119955, -0.6973466]
        - [-0.1777619, 0.6989849, 0.6926935]
