step_0:
  tf_mat_link1_0_flan1:
    target_pose:
      position: [0.123686, -0.5246239, -0.1256825]
      orientation:
        - [0.996799, 0.07061249, 0.03800357]
        - [-0.02309966, 0.7066823, -0.7071673]
        - [-0.07678938, 0.7039987, 0.7060513]
  tf_mat_link4_0_flan4:
    target_pose:
      position: [0.109514, -0.5246123, 0.1252904]
      orientation:
        - [1.000019, 4.17549e-09, -6.177052e-05]
        - [-4.367543e-05, -0.7071074, -0.7071198]
        - [-4.368127e-05, 0.7071062, -0.707121]
step_1:
  tf_mat_link1_0_flan1:
    target_pose:
      position: [0.1215285, -0.5246239, -0.1256826]
      orientation:
        - [0.996799, 0.07061249, 0.03800357]
        - [-0.02309966, 0.7066823, -0.7071673]
        - [-0.07678938, 0.7039987, 0.7060513]
  tf_mat_link4_0_flan4:
    target_pose:
      position: [0.1073565, -0.5246122, 0.1252905]
      orientation:
        - [1.000019, 4.17549e-09, -6.177052e-05]
        - [-4.367543e-05, -0.7071074, -0.7071198]
        - [-4.368127e-05, 0.7071062, -0.707121]
step_2:
  tf_mat_link1_0_flan1:
    target_pose:
      position: [0.1193709, -0.5246238, -0.1256827]
      orientation:
        - [0.996799, 0.07061249, 0.03800357]
        - [-0.02309966, 0.7066823, -0.7071673]
        - [-0.07678938, 0.7039987, 0.7060513]
  tf_mat_link4_0_flan4:
    target_pose:
      position: [0.1051989, -0.5246121, 0.1252905]
      orientation:
        - [1.000019, 4.17549e-09, -6.177052e-05]
        - [-4.367543e-05, -0.7071074, -0.7071198]
        - [-4.368127e-05, 0.7071062, -0.707121]
step_3:
  tf_mat_link1_0_flan1:
    target_pose:
      position: [0.1172134, -0.5246236, -0.1256828]
      orientation:
        - [0.996799, 0.07061249, 0.03800357]
        - [-0.02309966, 0.7066823, -0.7071673]
        - [-0.07678938, 0.7039987, 0.7060513]
  tf_mat_link4_0_flan4:
    target_pose:
      position: [0.1030414, -0.5246119, 0.1252906]
      orientation:
        - [1.000019, 4.17549e-09, -6.177052e-05]
        - [-4.367543e-05, -0.7071074, -0.7071198]
        - [-4.368127e-05, 0.7071062, -0.707121]
step_4:
  tf_mat_link1_0_flan1:
    target_pose:
      position: [0.1150558, -0.5246235, -0.1256829]
      orientation:
        - [0.996799, 0.07061249, 0.03800357]
        - [-0.02309966, 0.7066823, -0.7071673]
        - [-0.07678938, 0.7039987, 0.7060513]
  tf_mat_link4_0_flan4:
    target_pose:
      position: [0.1008838, -0.5246119, 0.1252907]
      orientation:
        - [1.000019, 4.17549e-09, -6.177052e-05]
        - [-4.367543e-05, -0.7071074, -0.7071198]
        - [-4.368127e-05, 0.7071062, -0.707121]
step_5:
  tf_mat_link1_0_flan1:
    target_pose:
      position: [0.1128983, -0.5246235, -0.125683]
      orientation:
        - [0.996799, 0.07061249, 0.03800357]
        - [-0.02309966, 0.7066823, -0.7071673]
        - [-0.07678938, 0.7039987, 0.7060513]
  tf_mat_link4_0_flan4:
    target_pose:
      position: [0.09872627, -0.5246118, 0.1252908]
      orientation:
        - [1.000019, 4.17549e-09, -6.177052e-05]
        - [-4.367543e-05, -0.7071074, -0.7071198]
        - [-4.368127e-05, 0.7071062, -0.707121]
step_6:
  tf_mat_link1_0_flan1:
    target_pose:
      position: [0.1107407, -0.5246234, -0.125683]
      orientation:
        - [0.996799, 0.07061249, 0.03800357]
        - [-0.02309966, 0.7066823, -0.7071673]
        - [-0.07678938, 0.7039987, 0.7060513]
  tf_mat_link4_0_flan4:
    target_pose:
      position: [0.09656873, -0.5246117, 0.1252909]
      orientation:
        - [1.000019, 4.17549e-09, -6.177052e-05]
        - [-4.367543e-05, -0.7071074, -0.7071198]
        - [-4.368127e-05, 0.7071062, -0.707121]
step_7:
  tf_mat_link1_0_flan1:
    target_pose:
      position: [0.1085832, -0.5246233, -0.1256831]
      orientation:
        - [0.996799, 0.07061249, 0.03800357]
        - [-0.02309966, 0.7066823, -0.7071673]
        - [-0.07678938, 0.7039987, 0.7060513]
  tf_mat_link4_0_flan4:
    target_pose:
      position: [0.09441119, -0.5246117, 0.125291]
      orientation:
        - [1.000019, 4.17549e-09, -6.177052e-05]
        - [-4.367543e-05, -0.7071074, -0.7071198]
        - [-4.368127e-05, 0.7071062, -0.707121]
step_8:
  tf_mat_link1_0_flan1:
    target_pose:
      position: [0.1064256, -0.5246232, -0.1256832]
      orientation:
        - [0.996799, 0.07061249, 0.03800357]
        - [-0.02309966, 0.7066823, -0.7071673]
        - [-0.07678938, 0.7039987, 0.7060513]
  tf_mat_link4_0_flan4:
    target_pose:
      position: [0.09225364, -0.5246115, 0.1252911]
      orientation:
        - [1.000019, 4.17549e-09, -6.177052e-05]
        - [-4.367543e-05, -0.7071074, -0.7071198]
        - [-4.368127e-05, 0.7071062, -0.707121]
step_9:
  tf_mat_link1_0_flan1:
    target_pose:
      position: [0.1042681, -0.5246231, -0.1256833]
      orientation:
        - [0.996799, 0.07061249, 0.03800357]
        - [-0.02309966, 0.7066823, -0.7071673]
        - [-0.07678938, 0.7039987, 0.7060513]
  tf_mat_link4_0_flan4:
    target_pose:
      position: [0.0900961, -0.5246114, 0.1252912]
      orientation:
        - [1.000019, 4.17549e-09, -6.177052e-05]
        - [-4.367543e-05, -0.7071074, -0.7071198]
        - [-4.368127e-05, 0.7071062, -0.707121]
step_10:
  tf_mat_link1_0_flan1:
    target_pose:
      position: [0.1021105, -0.524623, -0.1256834]
      orientation:
        - [0.996799, 0.07061249, 0.03800357]
        - [-0.02309966, 0.7066823, -0.7071673]
        - [-0.07678938, 0.7039987, 0.7060513]
  tf_mat_link4_0_flan4:
    target_pose:
      position: [0.08793855, -0.5246113, 0.1252913]
      orientation:
        - [1.000019, 4.17549e-09, -6.177052e-05]
        - [-4.367543e-05, -0.7071074, -0.7071198]
        - [-4.368127e-05, 0.7071062, -0.707121]
step_11:
  tf_mat_link1_0_flan1:
    target_pose:
      position: [0.09995301, -0.5246229, -0.1256835]
      orientation:
        - [0.996799, 0.07061249, 0.03800357]
        - [-0.02309966, 0.7066823, -0.7071673]
        - [-0.07678938, 0.7039987, 0.7060513]
  tf_mat_link4_0_flan4:
    target_pose:
      position: [0.08578101, -0.5246112, 0.1252913]
      orientation:
        - [1.000019, 4.17549e-09, -6.177052e-05]
        - [-4.367543e-05, -0.7071074, -0.7071198]
        - [-4.368127e-05, 0.7071062, -0.707121]
step_12:
  tf_mat_link1_0_flan1:
    target_pose:
      position: [0.09779546, -0.5246227, -0.1256836]
      orientation:
        - [0.996799, 0.07061249, 0.03800357]
        - [-0.02309966, 0.7066823, -0.7071673]
        - [-0.07678938, 0.7039987, 0.7060513]
  tf_mat_link4_0_flan4:
    target_pose:
      position: [0.08362346, -0.5246111, 0.1252914]
      orientation:
        - [1.000019, 4.17549e-09, -6.177052e-05]
        - [-4.367543e-05, -0.7071074, -0.7071198]
        - [-4.368127e-05, 0.7071062, -0.707121]
step_13:
  tf_mat_link1_0_flan1:
    target_pose:
      position: [0.09563792, -0.5246227, -0.1256837]
      orientation:
        - [0.996799, 0.07061249, 0.03800357]
        - [-0.02309966, 0.7066823, -0.7071673]
        - [-0.07678938, 0.7039987, 0.7060513]
  tf_mat_link4_0_flan4:
    target_pose:
      position: [0.08146591, -0.524611, 0.1252915]
      orientation:
        - [1.000019, 4.17549e-09, -6.177052e-05]
        - [-4.367543e-05, -0.7071074, -0.7071198]
        - [-4.368127e-05, 0.7071062, -0.707121]
step_14:
  tf_mat_link1_0_flan1:
    target_pose:
      position: [0.09348038, -0.5246226, -0.1256838]
      orientation:
        - [0.996799, 0.07061249, 0.03800357]
        - [-0.02309966, 0.7066823, -0.7071673]
        - [-0.07678938, 0.7039987, 0.7060513]
  tf_mat_link4_0_flan4:
    target_pose:
      position: [0.07930838, -0.5246109, 0.1252916]
      orientation:
        - [1.000019, 4.17549e-09, -6.177052e-05]
        - [-4.367543e-05, -0.7071074, -0.7071198]
        - [-4.368127e-05, 0.7071062, -0.707121]
step_15:
  tf_mat_link1_0_flan1:
    target_pose:
      position: [0.09132282, -0.5246225, -0.1256838]
      orientation:
        - [0.996799, 0.07061249, 0.03800357]
        - [-0.02309966, 0.7066823, -0.7071673]
        - [-0.07678938, 0.7039987, 0.7060513]
  tf_mat_link4_0_flan4:
    target_pose:
      position: [0.07715082, -0.5246109, 0.1252917]
      orientation:
        - [1.000019, 4.17549e-09, -6.177052e-05]
        - [-4.367543e-05, -0.7071074, -0.7071198]
        - [-4.368127e-05, 0.7071062, -0.707121]
step_16:
  tf_mat_link1_0_flan1:
    target_pose:
      position: [0.08916529, -0.5246224, -0.1256839]
      orientation:
        - [0.996799, 0.07061249, 0.03800357]
        - [-0.02309966, 0.7066823, -0.7071673]
        - [-0.07678938, 0.7039987, 0.7060513]
  tf_mat_link4_0_flan4:
    target_pose:
      position: [0.07499328, -0.5246108, 0.1252918]
      orientation:
        - [1.000019, 4.17549e-09, -6.177052e-05]
        - [-4.367543e-05, -0.7071074, -0.7071198]
        - [-4.368127e-05, 0.7071062, -0.707121]
step_17:
  tf_mat_link1_0_flan1:
    target_pose:
      position: [0.08700775, -0.5246223, -0.125684]
      orientation:
        - [0.996799, 0.07061249, 0.03800357]
        - [-0.02309966, 0.7066823, -0.7071673]
        - [-0.07678938, 0.7039987, 0.7060513]
  tf_mat_link4_0_flan4:
    target_pose:
      position: [0.07283574, -0.5246106, 0.1252919]
      orientation:
        - [1.000019, 4.17549e-09, -6.177052e-05]
        - [-4.367543e-05, -0.7071074, -0.7071198]
        - [-4.368127e-05, 0.7071062, -0.707121]
step_18:
  tf_mat_link1_0_flan1:
    target_pose:
      position: [0.08485019, -0.5246222, -0.1256841]
      orientation:
        - [0.996799, 0.07061249, 0.03800357]
        - [-0.02309966, 0.7066823, -0.7071673]
        - [-0.07678938, 0.7039987, 0.7060513]
  tf_mat_link4_0_flan4:
    target_pose:
      position: [0.07067819, -0.5246106, 0.1252919]
      orientation:
        - [1.000019, 4.17549e-09, -6.177052e-05]
        - [-4.367543e-05, -0.7071074, -0.7071198]
        - [-4.368127e-05, 0.7071062, -0.707121]
step_19:
  tf_mat_link1_0_flan1:
    target_pose:
      position: [0.08269265, -0.5246221, -0.1256842]
      orientation:
        - [0.996799, 0.07061249, 0.03800357]
        - [-0.02309966, 0.7066823, -0.7071673]
        - [-0.07678938, 0.7039987, 0.7060513]
  tf_mat_link4_0_flan4:
    target_pose:
      position: [0.06852065, -0.5246104, 0.1252921]
      orientation:
        - [1.000019, 4.17549e-09, -6.177052e-05]
        - [-4.367543e-05, -0.7071074, -0.7071198]
        - [-4.368127e-05, 0.7071062, -0.707121]
step_20:
  tf_mat_link1_0_flan1:
    target_pose:
      position: [0.08053511, -0.524622, -0.1256843]
      orientation:
        - [0.996799, 0.07061249, 0.03800357]
        - [-0.02309966, 0.7066823, -0.7071673]
        - [-0.07678938, 0.7039987, 0.7060513]
  tf_mat_link4_0_flan4:
    target_pose:
      position: [0.0663631, -0.5246103, 0.1252922]
      orientation:
        - [1.000019, 4.17549e-09, -6.177052e-05]
        - [-4.367543e-05, -0.7071074, -0.7071198]
        - [-4.368127e-05, 0.7071062, -0.707121]
step_21:
  tf_mat_link1_0_flan1:
    target_pose:
      position: [0.07837756, -0.5246219, -0.1256844]
      orientation:
        - [0.996799, 0.07061249, 0.03800357]
        - [-0.02309966, 0.7066823, -0.7071673]
        - [-0.07678938, 0.7039987, 0.7060513]
  tf_mat_link4_0_flan4:
    target_pose:
      position: [0.06420556, -0.5246102, 0.1252922]
      orientation:
        - [1.000019, 4.17549e-09, -6.177052e-05]
        - [-4.367543e-05, -0.7071074, -0.7071198]
        - [-4.368127e-05, 0.7071062, -0.707121]
step_22:
  tf_mat_link1_0_flan1:
    target_pose:
      position: [0.07622002, -0.5246218, -0.1256845]
      orientation:
        - [0.996799, 0.07061249, 0.03800357]
        - [-0.02309966, 0.7066823, -0.7071673]
        - [-0.07678938, 0.7039987, 0.7060513]
  tf_mat_link4_0_flan4:
    target_pose:
      position: [0.06204802, -0.5246102, 0.1252923]
      orientation:
        - [1.000019, 4.17549e-09, -6.177052e-05]
        - [-4.367543e-05, -0.7071074, -0.7071198]
        - [-4.368127e-05, 0.7071062, -0.707121]
step_23:
  tf_mat_link1_0_flan1:
    target_pose:
      position: [0.07406247, -0.5246217, -0.1256845]
      orientation:
        - [0.996799, 0.07061249, 0.03800357]
        - [-0.02309966, 0.7066823, -0.7071673]
        - [-0.07678938, 0.7039987, 0.7060513]
  tf_mat_link4_0_flan4:
    target_pose:
      position: [0.05989047, -0.5246101, 0.1252924]
      orientation:
        - [1.000019, 4.17549e-09, -6.177052e-05]
        - [-4.367543e-05, -0.7071074, -0.7071198]
        - [-4.368127e-05, 0.7071062, -0.707121]
step_24:
  tf_mat_link1_0_flan1:
    target_pose:
      position: [0.07190493, -0.5246216, -0.1256846]
      orientation:
        - [0.996799, 0.07061249, 0.03800357]
        - [-0.02309966, 0.7066823, -0.7071673]
        - [-0.07678938, 0.7039987, 0.7060513]
  tf_mat_link4_0_flan4:
    target_pose:
      position: [0.05773292, -0.52461, 0.1252925]
      orientation:
        - [1.000019, 4.17549e-09, -6.177052e-05]
        - [-4.367543e-05, -0.7071074, -0.7071198]
        - [-4.368127e-05, 0.7071062, -0.707121]
step_25:
  tf_mat_link1_0_flan1:
    target_pose:
      position: [0.06974738, -0.5246215, -0.1256847]
      orientation:
        - [0.996799, 0.07061249, 0.03800357]
        - [-0.02309966, 0.7066823, -0.7071673]
        - [-0.07678938, 0.7039987, 0.7060513]
  tf_mat_link4_0_flan4:
    target_pose:
      position: [0.05557538, -0.5246099, 0.1252926]
      orientation:
        - [1.000019, 4.17549e-09, -6.177052e-05]
        - [-4.367543e-05, -0.7071074, -0.7071198]
        - [-4.368127e-05, 0.7071062, -0.707121]
step_26:
  tf_mat_link1_0_flan1:
    target_pose:
      position: [0.06758983, -0.5246214, -0.1256848]
      orientation:
        - [0.996799, 0.07061249, 0.03800357]
        - [-0.02309966, 0.7066823, -0.7071673]
        - [-0.07678938, 0.7039987, 0.7060513]
  tf_mat_link4_0_flan4:
    target_pose:
      position: [0.05341783, -0.5246098, 0.1252926]
      orientation:
        - [1.000019, 4.17549e-09, -6.177052e-05]
        - [-4.367543e-05, -0.7071074, -0.7071198]
        - [-4.368127e-05, 0.7071062, -0.707121]
step_27:
  tf_mat_link1_0_flan1:
    target_pose:
      position: [0.0654323, -0.5246213, -0.1256849]
      orientation:
        - [0.996799, 0.07061249, 0.03800357]
        - [-0.02309966, 0.7066823, -0.7071673]
        - [-0.07678938, 0.7039987, 0.7060513]
  tf_mat_link4_0_flan4:
    target_pose:
      position: [0.05126029, -0.5246097, 0.1252927]
      orientation:
        - [1.000019, 4.17549e-09, -6.177052e-05]
        - [-4.367543e-05, -0.7071074, -0.7071198]
        - [-4.368127e-05, 0.7071062, -0.707121]
step_28:
  tf_mat_link1_0_flan1:
    target_pose:
      position: [0.06327474, -0.5246212, -0.125685]
      orientation:
        - [0.996799, 0.07061249, 0.03800357]
        - [-0.02309966, 0.7066823, -0.7071673]
        - [-0.07678938, 0.7039987, 0.7060513]
  tf_mat_link4_0_flan4:
    target_pose:
      position: [0.04910274, -0.5246096, 0.1252928]
      orientation:
        - [1.000019, 4.17549e-09, -6.177052e-05]
        - [-4.367543e-05, -0.7071074, -0.7071198]
        - [-4.368127e-05, 0.7071062, -0.707121]
step_29:
  tf_mat_link1_0_flan1:
    target_pose:
      position: [0.0611172, -0.5246211, -0.1256851]
      orientation:
        - [0.996799, 0.07061249, 0.03800357]
        - [-0.02309966, 0.7066823, -0.7071673]
        - [-0.07678938, 0.7039987, 0.7060513]
  tf_mat_link4_0_flan4:
    target_pose:
      position: [0.0469452, -0.5246094, 0.1252929]
      orientation:
        - [1.000019, 4.17549e-09, -6.177052e-05]
        - [-4.367543e-05, -0.7071074, -0.7071198]
        - [-4.368127e-05, 0.7071062, -0.707121]
step_30:
  tf_mat_link1_0_flan1:
    target_pose:
      position: [0.05895965, -0.5246211, -0.1256852]
      orientation:
        - [0.996799, 0.07061249, 0.03800357]
        - [-0.02309966, 0.7066823, -0.7071673]
        - [-0.07678938, 0.7039987, 0.7060513]
  tf_mat_link4_0_flan4:
    target_pose:
      position: [0.04478765, -0.5246094, 0.125293]
      orientation:
        - [1.000019, 4.17549e-09, -6.177052e-05]
        - [-4.367543e-05, -0.7071074, -0.7071198]
        - [-4.368127e-05, 0.7071062, -0.707121]
step_31:
  tf_mat_link1_0_flan1:
    target_pose:
      position: [0.05680211, -0.524621, -0.1256853]
      orientation:
        - [0.996799, 0.07061249, 0.03800357]
        - [-0.02309966, 0.7066823, -0.7071673]
        - [-0.07678938, 0.7039987, 0.7060513]
  tf_mat_link4_0_flan4:
    target_pose:
      position: [0.04263011, -0.5246093, 0.1252931]
      orientation:
        - [1.000019, 4.17549e-09, -6.177052e-05]
        - [-4.367543e-05, -0.7071074, -0.7071198]
        - [-4.368127e-05, 0.7071062, -0.707121]
step_32:
  tf_mat_link1_0_flan1:
    target_pose:
      position: [0.05464456, -0.5246208, -0.1256853]
      orientation:
        - [0.996799, 0.07061249, 0.03800357]
        - [-0.02309966, 0.7066823, -0.7071673]
        - [-0.07678938, 0.7039987, 0.7060513]
  tf_mat_link4_0_flan4:
    target_pose:
      position: [0.04047256, -0.5246092, 0.1252932]
      orientation:
        - [1.000019, 4.17549e-09, -6.177052e-05]
        - [-4.367543e-05, -0.7071074, -0.7071198]
        - [-4.368127e-05, 0.7071062, -0.707121]
step_33:
  tf_mat_link1_0_flan1:
    target_pose:
      position: [0.05248702, -0.5246208, -0.1256854]
      orientation:
        - [0.996799, 0.07061249, 0.03800357]
        - [-0.02309966, 0.7066823, -0.7071673]
        - [-0.07678938, 0.7039987, 0.7060513]
  tf_mat_link4_0_flan4:
    target_pose:
      position: [0.03831502, -0.524609, 0.1252933]
      orientation:
        - [1.000019, 4.17549e-09, -6.177052e-05]
        - [-4.367543e-05, -0.7071074, -0.7071198]
        - [-4.368127e-05, 0.7071062, -0.707121]
step_34:
  tf_mat_link1_0_flan1:
    target_pose:
      position: [0.05032948, -0.5246207, -0.1256855]
      orientation:
        - [0.996799, 0.07061249, 0.03800357]
        - [-0.02309966, 0.7066823, -0.7071673]
        - [-0.07678938, 0.7039987, 0.7060513]
  tf_mat_link4_0_flan4:
    target_pose:
      position: [0.03615747, -0.524609, 0.1252934]
      orientation:
        - [1.000019, 4.17549e-09, -6.177052e-05]
        - [-4.367543e-05, -0.7071074, -0.7071198]
        - [-4.368127e-05, 0.7071062, -0.707121]
step_35:
  tf_mat_link1_0_flan1:
    target_pose:
      position: [0.04817193, -0.5246205, -0.1256856]
      orientation:
        - [0.996799, 0.07061249, 0.03800357]
        - [-0.02309966, 0.7066823, -0.7071673]
        - [-0.07678938, 0.7039987, 0.7060513]
  tf_mat_link4_0_flan4:
    target_pose:
      position: [0.03399993, -0.5246089, 0.1252934]
      orientation:
        - [1.000019, 4.17549e-09, -6.177052e-05]
        - [-4.367543e-05, -0.7071074, -0.7071198]
        - [-4.368127e-05, 0.7071062, -0.707121]
step_36:
  tf_mat_link1_0_flan1:
    target_pose:
      position: [0.04601438, -0.5246205, -0.1256857]
      orientation:
        - [0.996799, 0.07061249, 0.03800357]
        - [-0.02309966, 0.7066823, -0.7071673]
        - [-0.07678938, 0.7039987, 0.7060513]
  tf_mat_link4_0_flan4:
    target_pose:
      position: [0.03184238, -0.5246088, 0.1252935]
      orientation:
        - [1.000019, 4.17549e-09, -6.177052e-05]
        - [-4.367543e-05, -0.7071074, -0.7071198]
        - [-4.368127e-05, 0.7071062, -0.707121]
step_37:
  tf_mat_link1_0_flan1:
    target_pose:
      position: [0.04385684, -0.5246204, -0.1256858]
      orientation:
        - [0.996799, 0.07061249, 0.03800357]
        - [-0.02309966, 0.7066823, -0.7071673]
        - [-0.07678938, 0.7039987, 0.7060513]
  tf_mat_link4_0_flan4:
    target_pose:
      position: [0.02968483, -0.5246087, 0.1252936]
      orientation:
        - [1.000019, 4.17549e-09, -6.177052e-05]
        - [-4.367543e-05, -0.7071074, -0.7071198]
        - [-4.368127e-05, 0.7071062, -0.707121]
step_38:
  tf_mat_link1_0_flan1:
    target_pose:
      position: [0.0416993, -0.5246203, -0.1256859]
      orientation:
        - [0.996799, 0.07061249, 0.03800357]
        - [-0.02309966, 0.7066823, -0.7071673]
        - [-0.07678938, 0.7039987, 0.7060513]
  tf_mat_link4_0_flan4:
    target_pose:
      position: [0.0275273, -0.5246087, 0.1252937]
      orientation:
        - [1.000019, 4.17549e-09, -6.177052e-05]
        - [-4.367543e-05, -0.7071074, -0.7071198]
        - [-4.368127e-05, 0.7071062, -0.707121]
step_39:
  tf_mat_link1_0_flan1:
    target_pose:
      position: [0.03954174, -0.5246202, -0.125686]
      orientation:
        - [0.996799, 0.07061249, 0.03800357]
        - [-0.02309966, 0.7066823, -0.7071673]
        - [-0.07678938, 0.7039987, 0.7060513]
  tf_mat_link4_0_flan4:
    target_pose:
      position: [0.02536974, -0.5246086, 0.1252938]
      orientation:
        - [1.000019, 4.17549e-09, -6.177052e-05]
        - [-4.367543e-05, -0.7071074, -0.7071198]
        - [-4.368127e-05, 0.7071062, -0.707121]
step_40:
  tf_mat_link1_0_flan1:
    target_pose:
      position: [0.0373842, -0.5246201, -0.125686]
      orientation:
        - [0.996799, 0.07061249, 0.03800357]
        - [-0.02309966, 0.7066823, -0.7071673]
        - [-0.07678938, 0.7039987, 0.7060513]
  tf_mat_link4_0_flan4:
    target_pose:
      position: [0.0232122, -0.5246084, 0.1252939]
      orientation:
        - [1.000019, 4.17549e-09, -6.177052e-05]
        - [-4.367543e-05, -0.7071074, -0.7071198]
        - [-4.368127e-05, 0.7071062, -0.707121]
step_41:
  tf_mat_link1_0_flan1:
    target_pose:
      position: [0.03522667, -0.52462, -0.1256861]
      orientation:
        - [0.996799, 0.07061249, 0.03800357]
        - [-0.02309966, 0.7066823, -0.7071673]
        - [-0.07678938, 0.7039987, 0.7060513]
  tf_mat_link4_0_flan4:
    target_pose:
      position: [0.02105466, -0.5246083, 0.125294]
      orientation:
        - [1.000019, 4.17549e-09, -6.177052e-05]
        - [-4.367543e-05, -0.7071074, -0.7071198]
        - [-4.368127e-05, 0.7071062, -0.707121]
step_42:
  tf_mat_link1_0_flan1:
    target_pose:
      position: [0.03306912, -0.5246199, -0.1256862]
      orientation:
        - [0.996799, 0.07061249, 0.03800357]
        - [-0.02309966, 0.7066823, -0.7071673]
        - [-0.07678938, 0.7039987, 0.7060513]
  tf_mat_link4_0_flan4:
    target_pose:
      position: [0.01889712, -0.5246082, 0.1252941]
      orientation:
        - [1.000019, 4.17549e-09, -6.177052e-05]
        - [-4.367543e-05, -0.7071074, -0.7071198]
        - [-4.368127e-05, 0.7071062, -0.707121]
step_43:
  tf_mat_link1_0_flan1:
    target_pose:
      position: [0.03091156, -0.5246198, -0.1256863]
      orientation:
        - [0.996799, 0.07061249, 0.03800357]
        - [-0.02309966, 0.7066823, -0.7071673]
        - [-0.07678938, 0.7039987, 0.7060513]
  tf_mat_link4_0_flan4:
    target_pose:
      position: [0.01673956, -0.5246081, 0.1252941]
      orientation:
        - [1.000019, 4.17549e-09, -6.177052e-05]
        - [-4.367543e-05, -0.7071074, -0.7071198]
        - [-4.368127e-05, 0.7071062, -0.707121]
step_44:
  tf_mat_link1_0_flan1:
    target_pose:
      position: [0.02875403, -0.5246197, -0.1256864]
      orientation:
        - [0.996799, 0.07061249, 0.03800357]
        - [-0.02309966, 0.7066823, -0.7071673]
        - [-0.07678938, 0.7039987, 0.7060513]
  tf_mat_link4_0_flan4:
    target_pose:
      position: [0.01458202, -0.524608, 0.1252942]
      orientation:
        - [1.000019, 4.17549e-09, -6.177052e-05]
        - [-4.367543e-05, -0.7071074, -0.7071198]
        - [-4.368127e-05, 0.7071062, -0.707121]
step_45:
  tf_mat_link1_0_flan1:
    target_pose:
      position: [0.02659648, -0.5246196, -0.1256865]
      orientation:
        - [0.996799, 0.07061249, 0.03800357]
        - [-0.02309966, 0.7066823, -0.7071673]
        - [-0.07678938, 0.7039987, 0.7060513]
  tf_mat_link4_0_flan4:
    target_pose:
      position: [0.01242448, -0.524608, 0.1252943]
      orientation:
        - [1.000019, 4.17549e-09, -6.177052e-05]
        - [-4.367543e-05, -0.7071074, -0.7071198]
        - [-4.368127e-05, 0.7071062, -0.707121]
step_46:
  tf_mat_link1_0_flan1:
    target_pose:
      position: [0.02443894, -0.5246195, -0.1256866]
      orientation:
        - [0.996799, 0.07061249, 0.03800357]
        - [-0.02309966, 0.7066823, -0.7071673]
        - [-0.07678938, 0.7039987, 0.7060513]
  tf_mat_link4_0_flan4:
    target_pose:
      position: [0.01026694, -0.5246079, 0.1252944]
      orientation:
        - [1.000019, 4.17549e-09, -6.177052e-05]
        - [-4.367543e-05, -0.7071074, -0.7071198]
        - [-4.368127e-05, 0.7071062, -0.707121]
step_47:
  tf_mat_link1_0_flan1:
    target_pose:
      position: [0.02228139, -0.5246193, -0.1256867]
      orientation:
        - [0.996799, 0.07061249, 0.03800357]
        - [-0.02309966, 0.7066823, -0.7071673]
        - [-0.07678938, 0.7039987, 0.7060513]
  tf_mat_link4_0_flan4:
    target_pose:
      position: [0.008109391, -0.5246078, 0.1252945]
      orientation:
        - [1.000019, 4.17549e-09, -6.177052e-05]
        - [-4.367543e-05, -0.7071074, -0.7071198]
        - [-4.368127e-05, 0.7071062, -0.707121]
step_48:
  tf_mat_link1_0_flan1:
    target_pose:
      position: [0.02012385, -0.5246193, -0.1256868]
      orientation:
        - [0.996799, 0.07061249, 0.03800357]
        - [-0.02309966, 0.7066823, -0.7071673]
        - [-0.07678938, 0.7039987, 0.7060513]
  tf_mat_link4_0_flan4:
    target_pose:
      position: [0.005951852, -0.5246076, 0.1252946]
      orientation:
        - [1.000019, 4.17549e-09, -6.177052e-05]
        - [-4.367543e-05, -0.7071074, -0.7071198]
        - [-4.368127e-05, 0.7071062, -0.707121]
step_49:
  tf_mat_link1_0_flan1:
    target_pose:
      position: [0.0179663, -0.5246192, -0.1256869]
      orientation:
        - [0.996799, 0.07061249, 0.03800357]
        - [-0.02309966, 0.7066823, -0.7071673]
        - [-0.07678938, 0.7039987, 0.7060513]
  tf_mat_link4_0_flan4:
    target_pose:
      position: [0.003794298, -0.5246076, 0.1252947]
      orientation:
        - [1.000019, 4.17549e-09, -6.177052e-05]
        - [-4.367543e-05, -0.7071074, -0.7071198]
        - [-4.368127e-05, 0.7071062, -0.707121]
step_50:
  tf_mat_link1_0_flan1:
    target_pose:
      position: [0.01580875, -0.5246191, -0.1256869]
      orientation:
        - [0.996799, 0.07061249, 0.03800357]
        - [-0.02309966, 0.7066823, -0.7071673]
        - [-0.07678938, 0.7039987, 0.7060513]
  tf_mat_link4_0_flan4:
    target_pose:
      position: [0.001636751, -0.5246075, 0.1252947]
      orientation:
        - [1.000019, 4.17549e-09, -6.177052e-05]
        - [-4.367543e-05, -0.7071074, -0.7071198]
        - [-4.368127e-05, 0.7071062, -0.707121]
step_51:
  tf_mat_link1_0_flan1:
    target_pose:
      position: [0.01365121, -0.524619, -0.125687]
      orientation:
        - [0.996799, 0.07061249, 0.03800357]
        - [-0.02309966, 0.7066823, -0.7071673]
        - [-0.07678938, 0.7039987, 0.7060513]
  tf_mat_link4_0_flan4:
    target_pose:
      position: [-0.0005207956, -0.5246074, 0.1252949]
      orientation:
        - [1.000019, 4.17549e-09, -6.177052e-05]
        - [-4.367543e-05, -0.7071074, -0.7071198]
        - [-4.368127e-05, 0.7071062, -0.707121]
step_52:
  tf_mat_link1_0_flan1:
    target_pose:
      position: [0.01149366, -0.5246189, -0.1256871]
      orientation:
        - [0.996799, 0.07061249, 0.03800357]
        - [-0.02309966, 0.7066823, -0.7071673]
        - [-0.07678938, 0.7039987, 0.7060513]
  tf_mat_link4_0_flan4:
    target_pose:
      position: [-0.002678341, -0.5246072, 0.125295]
      orientation:
        - [1.000019, 4.17549e-09, -6.177052e-05]
        - [-4.367543e-05, -0.7071074, -0.7071198]
        - [-4.368127e-05, 0.7071062, -0.707121]
step_53:
  tf_mat_link1_0_flan1:
    target_pose:
      position: [0.009336121, -0.5246189, -0.1256872]
      orientation:
        - [0.996799, 0.07061249, 0.03800357]
        - [-0.02309966, 0.7066823, -0.7071673]
        - [-0.07678938, 0.7039987, 0.7060513]
  tf_mat_link4_0_flan4:
    target_pose:
      position: [-0.00483588, -0.5246072, 0.125295]
      orientation:
        - [1.000019, 4.17549e-09, -6.177052e-05]
        - [-4.367543e-05, -0.7071074, -0.7071198]
        - [-4.368127e-05, 0.7071062, -0.707121]
step_54:
  tf_mat_link1_0_flan1:
    target_pose:
      position: [0.007178575, -0.5246187, -0.1256873]
      orientation:
        - [0.996799, 0.07061249, 0.03800357]
        - [-0.02309966, 0.7066823, -0.7071673]
        - [-0.07678938, 0.7039987, 0.7060513]
  tf_mat_link4_0_flan4:
    target_pose:
      position: [-0.006993427, -0.5246071, 0.1252951]
      orientation:
        - [1.000019, 4.17549e-09, -6.177052e-05]
        - [-4.367543e-05, -0.7071074, -0.7071198]
        - [-4.368127e-05, 0.7071062, -0.707121]
step_55:
  tf_mat_link1_0_flan1:
    target_pose:
      position: [0.005021043, -0.5246186, -0.1256874]
      orientation:
        - [0.996799, 0.07061249, 0.03800357]
        - [-0.02309966, 0.7066823, -0.7071673]
        - [-0.07678938, 0.7039987, 0.7060513]
  tf_mat_link4_0_flan4:
    target_pose:
      position: [-0.009150959, -0.524607, 0.1252952]
      orientation:
        - [1.000019, 4.17549e-09, -6.177052e-05]
        - [-4.367543e-05, -0.7071074, -0.7071198]
        - [-4.368127e-05, 0.7071062, -0.707121]
step_56:
  tf_mat_link1_0_flan1:
    target_pose:
      position: [0.002863482, -0.5246185, -0.1256875]
      orientation:
        - [0.996799, 0.07061249, 0.03800357]
        - [-0.02309966, 0.7066823, -0.7071673]
        - [-0.07678938, 0.7039987, 0.7060513]
  tf_mat_link4_0_flan4:
    target_pose:
      position: [-0.01130852, -0.5246068, 0.1252953]
      orientation:
        - [1.000019, 4.17549e-09, -6.177052e-05]
        - [-4.367543e-05, -0.7071074, -0.7071198]
        - [-4.368127e-05, 0.7071062, -0.707121]
step_57:
  tf_mat_link1_0_flan1:
    target_pose:
      position: [0.0007059425, -0.5246184, -0.1256876]
      orientation:
        - [0.996799, 0.07061249, 0.03800357]
        - [-0.02309966, 0.7066823, -0.7071673]
        - [-0.07678938, 0.7039987, 0.7060513]
  tf_mat_link4_0_flan4:
    target_pose:
      position: [-0.01346606, -0.5246068, 0.1252954]
      orientation:
        - [1.000019, 4.17549e-09, -6.177052e-05]
        - [-4.367543e-05, -0.7071074, -0.7071198]
        - [-4.368127e-05, 0.7071062, -0.707121]
step_58:
  tf_mat_link1_0_flan1:
    target_pose:
      position: [-0.001451597, -0.5246183, -0.1256876]
      orientation:
        - [0.996799, 0.07061249, 0.03800357]
        - [-0.02309966, 0.7066823, -0.7071673]
        - [-0.07678938, 0.7039987, 0.7060513]
  tf_mat_link4_0_flan4:
    target_pose:
      position: [-0.0156236, -0.5246067, 0.1252955]
      orientation:
        - [1.000019, 4.17549e-09, -6.177052e-05]
        - [-4.367543e-05, -0.7071074, -0.7071198]
        - [-4.368127e-05, 0.7071062, -0.707121]
step_59:
  tf_mat_link1_0_flan1:
    target_pose:
      position: [-0.00360915, -0.5246183, -0.1256877]
      orientation:
        - [0.996799, 0.07061249, 0.03800357]
        - [-0.02309966, 0.7066823, -0.7071673]
        - [-0.07678938, 0.7039987, 0.7060513]
  tf_mat_link4_0_flan4:
    target_pose:
      position: [-0.01778115, -0.5246066, 0.1252955]
      orientation:
        - [1.000019, 4.17549e-09, -6.177052e-05]
        - [-4.367543e-05, -0.7071074, -0.7071198]
        - [-4.368127e-05, 0.7071062, -0.707121]
step_60:
  tf_mat_link1_0_flan1:
    target_pose:
      position: [-0.005766704, -0.5246182, -0.1256878]
      orientation:
        - [0.996799, 0.07061249, 0.03800357]
        - [-0.02309966, 0.7066823, -0.7071673]
        - [-0.07678938, 0.7039987, 0.7060513]
  tf_mat_link4_0_flan4:
    target_pose:
      position: [-0.01993871, -0.5246065, 0.1252956]
      orientation:
        - [1.000019, 4.17549e-09, -6.177052e-05]
        - [-4.367543e-05, -0.7071074, -0.7071198]
        - [-4.368127e-05, 0.7071062, -0.707121]
step_61:
  tf_mat_link1_0_flan1:
    target_pose:
      position: [-0.007924228, -0.5246181, -0.1256879]
      orientation:
        - [0.996799, 0.07061249, 0.03800357]
        - [-0.02309966, 0.7066823, -0.7071673]
        - [-0.07678938, 0.7039987, 0.7060513]
  tf_mat_link4_0_flan4:
    target_pose:
      position: [-0.02209623, -0.5246064, 0.1252958]
      orientation:
        - [1.000019, 4.17549e-09, -6.177052e-05]
        - [-4.367543e-05, -0.7071074, -0.7071198]
        - [-4.368127e-05, 0.7071062, -0.707121]
step_62:
  tf_mat_link1_0_flan1:
    target_pose:
      position: [-0.01008178, -0.5246179, -0.125688]
      orientation:
        - [0.996799, 0.07061249, 0.03800357]
        - [-0.02309966, 0.7066823, -0.7071673]
        - [-0.07678938, 0.7039987, 0.7060513]
  tf_mat_link4_0_flan4:
    target_pose:
      position: [-0.02425379, -0.5246063, 0.1252958]
      orientation:
        - [1.000019, 4.17549e-09, -6.177052e-05]
        - [-4.367543e-05, -0.7071074, -0.7071198]
        - [-4.368127e-05, 0.7071062, -0.707121]
step_63:
  tf_mat_link1_0_flan1:
    target_pose:
      position: [-0.01223931, -0.5246179, -0.1256881]
      orientation:
        - [0.996799, 0.07061249, 0.03800357]
        - [-0.02309966, 0.7066823, -0.7071673]
        - [-0.07678938, 0.7039987, 0.7060513]
  tf_mat_link4_0_flan4:
    target_pose:
      position: [-0.02641131, -0.5246062, 0.1252959]
      orientation:
        - [1.000019, 4.17549e-09, -6.177052e-05]
        - [-4.367543e-05, -0.7071074, -0.7071198]
        - [-4.368127e-05, 0.7071062, -0.707121]
step_64:
  tf_mat_link1_0_flan1:
    target_pose:
      position: [-0.01439688, -0.5246178, -0.1256882]
      orientation:
        - [0.996799, 0.07061249, 0.03800357]
        - [-0.02309966, 0.7066823, -0.7071673]
        - [-0.07678938, 0.7039987, 0.7060513]
  tf_mat_link4_0_flan4:
    target_pose:
      position: [-0.02856888, -0.524606, 0.125296]
      orientation:
        - [1.000019, 4.17549e-09, -6.177052e-05]
        - [-4.367543e-05, -0.7071074, -0.7071198]
        - [-4.368127e-05, 0.7071062, -0.707121]
step_65:
  tf_mat_link1_0_flan1:
    target_pose:
      position: [-0.01655442, -0.5246177, -0.1256883]
      orientation:
        - [0.996799, 0.07061249, 0.03800357]
        - [-0.02309966, 0.7066823, -0.7071673]
        - [-0.07678938, 0.7039987, 0.7060513]
  tf_mat_link4_0_flan4:
    target_pose:
      position: [-0.03072642, -0.524606, 0.1252961]
      orientation:
        - [1.000019, 4.17549e-09, -6.177052e-05]
        - [-4.367543e-05, -0.7071074, -0.7071198]
        - [-4.368127e-05, 0.7071062, -0.707121]
step_66:
  tf_mat_link1_0_flan1:
    target_pose:
      position: [-0.01871195, -0.5246176, -0.1256883]
      orientation:
        - [0.996799, 0.07061249, 0.03800357]
        - [-0.02309966, 0.7066823, -0.7071673]
        - [-0.07678938, 0.7039987, 0.7060513]
  tf_mat_link4_0_flan4:
    target_pose:
      position: [-0.03288396, -0.5246059, 0.1252962]
      orientation:
        - [1.000019, 4.17549e-09, -6.177052e-05]
        - [-4.367543e-05, -0.7071074, -0.7071198]
        - [-4.368127e-05, 0.7071062, -0.707121]
step_67:
  tf_mat_link1_0_flan1:
    target_pose:
      position: [-0.02086951, -0.5246175, -0.1256884]
      orientation:
        - [0.996799, 0.07061249, 0.03800357]
        - [-0.02309966, 0.7066823, -0.7071673]
        - [-0.07678938, 0.7039987, 0.7060513]
  tf_mat_link4_0_flan4:
    target_pose:
      position: [-0.03504151, -0.5246058, 0.1252963]
      orientation:
        - [1.000019, 4.17549e-09, -6.177052e-05]
        - [-4.367543e-05, -0.7071074, -0.7071198]
        - [-4.368127e-05, 0.7071062, -0.707121]
step_68:
  tf_mat_link1_0_flan1:
    target_pose:
      position: [-0.02302705, -0.5246174, -0.1256885]
      orientation:
        - [0.996799, 0.07061249, 0.03800357]
        - [-0.02309966, 0.7066823, -0.7071673]
        - [-0.07678938, 0.7039987, 0.7060513]
  tf_mat_link4_0_flan4:
    target_pose:
      position: [-0.03719905, -0.5246058, 0.1252964]
      orientation:
        - [1.000019, 4.17549e-09, -6.177052e-05]
        - [-4.367543e-05, -0.7071074, -0.7071198]
        - [-4.368127e-05, 0.7071062, -0.707121]
step_69:
  tf_mat_link1_0_flan1:
    target_pose:
      position: [-0.0251846, -0.5246173, -0.1256886]
      orientation:
        - [0.996799, 0.07061249, 0.03800357]
        - [-0.02309966, 0.7066823, -0.7071673]
        - [-0.07678938, 0.7039987, 0.7060513]
  tf_mat_link4_0_flan4:
    target_pose:
      position: [-0.0393566, -0.5246057, 0.1252964]
      orientation:
        - [1.000019, 4.17549e-09, -6.177052e-05]
        - [-4.367543e-05, -0.7071074, -0.7071198]
        - [-4.368127e-05, 0.7071062, -0.707121]
step_70:
  tf_mat_link1_0_flan1:
    target_pose:
      position: [-0.02734214, -0.5246171, -0.1256887]
      orientation:
        - [0.996799, 0.07061249, 0.03800357]
        - [-0.02309966, 0.7066823, -0.7071673]
        - [-0.07678938, 0.7039987, 0.7060513]
  tf_mat_link4_0_flan4:
    target_pose:
      position: [-0.04151414, -0.5246056, 0.1252965]
      orientation:
        - [1.000019, 4.17549e-09, -6.177052e-05]
        - [-4.367543e-05, -0.7071074, -0.7071198]
        - [-4.368127e-05, 0.7071062, -0.707121]
step_71:
  tf_mat_link1_0_flan1:
    target_pose:
      position: [-0.02949969, -0.5246171, -0.1256888]
      orientation:
        - [0.996799, 0.07061249, 0.03800357]
        - [-0.02309966, 0.7066823, -0.7071673]
        - [-0.07678938, 0.7039987, 0.7060513]
  tf_mat_link4_0_flan4:
    target_pose:
      position: [-0.0436717, -0.5246055, 0.1252966]
      orientation:
        - [1.000019, 4.17549e-09, -6.177052e-05]
        - [-4.367543e-05, -0.7071074, -0.7071198]
        - [-4.368127e-05, 0.7071062, -0.707121]
step_72:
  tf_mat_link1_0_flan1:
    target_pose:
      position: [-0.03165722, -0.524617, -0.1256889]
      orientation:
        - [0.996799, 0.07061249, 0.03800357]
        - [-0.02309966, 0.7066823, -0.7071673]
        - [-0.07678938, 0.7039987, 0.7060513]
  tf_mat_link4_0_flan4:
    target_pose:
      position: [-0.04582922, -0.5246053, 0.1252967]
      orientation:
        - [1.000019, 4.17549e-09, -6.177052e-05]
        - [-4.367543e-05, -0.7071074, -0.7071198]
        - [-4.368127e-05, 0.7071062, -0.707121]
step_73:
  tf_mat_link1_0_flan1:
    target_pose:
      position: [-0.03381479, -0.5246169, -0.125689]
      orientation:
        - [0.996799, 0.07061249, 0.03800357]
        - [-0.02309966, 0.7066823, -0.7071673]
        - [-0.07678938, 0.7039987, 0.7060513]
  tf_mat_link4_0_flan4:
    target_pose:
      position: [-0.04798679, -0.5246052, 0.1252968]
      orientation:
        - [1.000019, 4.17549e-09, -6.177052e-05]
        - [-4.367543e-05, -0.7071074, -0.7071198]
        - [-4.368127e-05, 0.7071062, -0.707121]
step_74:
  tf_mat_link1_0_flan1:
    target_pose:
      position: [-0.03597233, -0.5246168, -0.1256891]
      orientation:
        - [0.996799, 0.07061249, 0.03800357]
        - [-0.02309966, 0.7066823, -0.7071673]
        - [-0.07678938, 0.7039987, 0.7060513]
  tf_mat_link4_0_flan4:
    target_pose:
      position: [-0.05014433, -0.5246052, 0.1252969]
      orientation:
        - [1.000019, 4.17549e-09, -6.177052e-05]
        - [-4.367543e-05, -0.7071074, -0.7071198]
        - [-4.368127e-05, 0.7071062, -0.707121]
step_75:
  tf_mat_link1_0_flan1:
    target_pose:
      position: [-0.03812985, -0.5246167, -0.1256891]
      orientation:
        - [0.996799, 0.07061249, 0.03800357]
        - [-0.02309966, 0.7066823, -0.7071673]
        - [-0.07678938, 0.7039987, 0.7060513]
  tf_mat_link4_0_flan4:
    target_pose:
      position: [-0.05230185, -0.524605, 0.125297]
      orientation:
        - [1.000019, 4.17549e-09, -6.177052e-05]
        - [-4.367543e-05, -0.7071074, -0.7071198]
        - [-4.368127e-05, 0.7071062, -0.707121]
step_76:
  tf_mat_link1_0_flan1:
    target_pose:
      position: [-0.04028741, -0.5246167, -0.1256892]
      orientation:
        - [0.996799, 0.07061249, 0.03800357]
        - [-0.02309966, 0.7066823, -0.7071673]
        - [-0.07678938, 0.7039987, 0.7060513]
  tf_mat_link4_0_flan4:
    target_pose:
      position: [-0.05445941, -0.524605, 0.1252971]
      orientation:
        - [1.000019, 4.17549e-09, -6.177052e-05]
        - [-4.367543e-05, -0.7071074, -0.7071198]
        - [-4.368127e-05, 0.7071062, -0.707121]
step_77:
  tf_mat_link1_0_flan1:
    target_pose:
