step_0:
  tf_mat_link1_0_flan1:
    target_pose:
      position: [-0.05480208, -0.32954, -0.1324651]
      orientation:
        - [0.9803966, 0.07033435, 0.1840694]
        - [0.07955847, 0.7133187, -0.6963116]
        - [-0.1802745, 0.6973016, 0.6937395]
  tf_mat_link4_0_flan4:
    target_pose:
      position: [-0.06796749, -0.519981, 0.3182327]
      orientation:
        - [0.9892099, 0.0007658728, 0.1465224]
        - [0.1040495, -0.7077456, -0.6987652]
        - [0.1031654, 0.706467, -0.7001887]
step_1:
  tf_mat_link1_0_flan1:
    target_pose:
      position: [-0.05475803, -0.3297504, -0.132255]
      orientation:
        - [0.9803966, 0.07033435, 0.1840694]
        - [0.07955847, 0.7133187, -0.6963116]
        - [-0.1802745, 0.6973016, 0.6937395]
  tf_mat_link4_0_flan4:
    target_pose:
      position: [-0.06792344, -0.5201911, 0.3180222]
      orientation:
        - [0.9892099, 0.0007658728, 0.1465224]
        - [0.1040495, -0.7077456, -0.6987652]
        - [0.1031654, 0.706467, -0.7001887]
step_2:
  tf_mat_link1_0_flan1:
    target_pose:
      position: [-0.05471398, -0.3299609, -0.132045]
      orientation:
        - [0.9803966, 0.07033435, 0.1840694]
        - [0.07955847, 0.7133187, -0.6963116]
        - [-0.1802745, 0.6973016, 0.6937395]
  tf_mat_link4_0_flan4:
    target_pose:
      position: [-0.0678794, -0.5204011, 0.3178117]
      orientation:
        - [0.9892099, 0.0007658728, 0.1465224]
        - [0.1040495, -0.7077456, -0.6987652]
        - [0.1031654, 0.706467, -0.7001887]
step_3:
  tf_mat_link1_0_flan1:
    target_pose:
      position: [-0.05466993, -0.3301714, -0.131835]
      orientation:
        - [0.9803966, 0.07033435, 0.1840694]
        - [0.07955847, 0.7133187, -0.6963116]
        - [-0.1802745, 0.6973016, 0.6937395]
  tf_mat_link4_0_flan4:
    target_pose:
      position: [-0.06783535, -0.5206112, 0.3176012]
      orientation:
        - [0.9892099, 0.0007658728, 0.1465224]
        - [0.1040495, -0.7077456, -0.6987652]
        - [0.1031654, 0.706467, -0.7001887]
step_4:
  tf_mat_link1_0_flan1:
    target_pose:
      position: [-0.05462588, -0.3303819, -0.1316249]
      orientation:
        - [0.9803966, 0.07033435, 0.1840694]
        - [0.07955847, 0.7133187, -0.6963116]
        - [-0.1802745, 0.6973016, 0.6937395]
  tf_mat_link4_0_flan4:
    target_pose:
      position: [-0.06779131, -0.5208212, 0.3173907]
      orientation:
        - [0.9892099, 0.0007658728, 0.1465224]
        - [0.1040495, -0.7077456, -0.6987652]
        - [0.1031654, 0.706467, -0.7001887]
step_5:
  tf_mat_link1_0_flan1:
    target_pose:
      position: [-0.05458184, -0.3305923, -0.1314149]
      orientation:
        - [0.9803966, 0.07033435, 0.1840694]
        - [0.07955847, 0.7133187, -0.6963116]
        - [-0.1802745, 0.6973016, 0.6937395]
  tf_mat_link4_0_flan4:
    target_pose:
      position: [-0.06774726, -0.5210313, 0.3171803]
      orientation:
        - [0.9892099, 0.0007658728, 0.1465224]
        - [0.1040495, -0.7077456, -0.6987652]
        - [0.1031654, 0.706467, -0.7001887]
step_6:
  tf_mat_link1_0_flan1:
    target_pose:
      position: [-0.05453779, -0.3308028, -0.1312048]
      orientation:
        - [0.9803966, 0.07033435, 0.1840694]
        - [0.07955847, 0.7133187, -0.6963116]
        - [-0.1802745, 0.6973016, 0.6937395]
  tf_mat_link4_0_flan4:
    target_pose:
      position: [-0.06770322, -0.5212413, 0.3169698]
      orientation:
        - [0.9892099, 0.0007658728, 0.1465224]
        - [0.1040495, -0.7077456, -0.6987652]
        - [0.1031654, 0.706467, -0.7001887]
step_7:
  tf_mat_link1_0_flan1:
    target_pose:
      position: [-0.05449374, -0.3310134, -0.1309947]
      orientation:
        - [0.9803966, 0.07033435, 0.1840694]
        - [0.07955847, 0.7133187, -0.6963116]
        - [-0.1802745, 0.6973016, 0.6937395]
  tf_mat_link4_0_flan4:
    target_pose:
      position: [-0.06765917, -0.5214514, 0.3167593]
      orientation:
        - [0.9892099, 0.0007658728, 0.1465224]
        - [0.1040495, -0.7077456, -0.6987652]
        - [0.1031654, 0.706467, -0.7001887]
step_8:
  tf_mat_link1_0_flan1:
    target_pose:
      position: [-0.0544497, -0.3312238, -0.1307847]
      orientation:
        - [0.9803966, 0.07033435, 0.1840694]
        - [0.07955847, 0.7133187, -0.6963116]
        - [-0.1802745, 0.6973016, 0.6937395]
  tf_mat_link4_0_flan4:
    target_pose:
      position: [-0.06761512, -0.5216615, 0.3165488]
      orientation:
        - [0.9892099, 0.0007658728, 0.1465224]
        - [0.1040495, -0.7077456, -0.6987652]
        - [0.1031654, 0.706467, -0.7001887]
step_9:
  tf_mat_link1_0_flan1:
    target_pose:
      position: [-0.05440565, -0.3314343, -0.1305747]
      orientation:
        - [0.9803966, 0.07033435, 0.1840694]
        - [0.07955847, 0.7133187, -0.6963116]
        - [-0.1802745, 0.6973016, 0.6937395]
  tf_mat_link4_0_flan4:
    target_pose:
      position: [-0.06757107, -0.5218715, 0.3163384]
      orientation:
        - [0.9892099, 0.0007658728, 0.1465224]
        - [0.1040495, -0.7077456, -0.6987652]
        - [0.1031654, 0.706467, -0.7001887]
step_10:
  tf_mat_link1_0_flan1:
    target_pose:
      position: [-0.05436162, -0.3316448, -0.1303646]
      orientation:
        - [0.9803966, 0.07033435, 0.1840694]
        - [0.07955847, 0.7133187, -0.6963116]
        - [-0.1802745, 0.6973016, 0.6937395]
  tf_mat_link4_0_flan4:
    target_pose:
      position: [-0.06752704, -0.5220816, 0.3161279]
      orientation:
        - [0.9892099, 0.0007658728, 0.1465224]
        - [0.1040495, -0.7077456, -0.6987652]
        - [0.1031654, 0.706467, -0.7001887]
step_11:
  tf_mat_link1_0_flan1:
    target_pose:
      position: [-0.05431757, -0.3318553, -0.1301546]
      orientation:
        - [0.9803966, 0.07033435, 0.1840694]
        - [0.07955847, 0.7133187, -0.6963116]
        - [-0.1802745, 0.6973016, 0.6937395]
  tf_mat_link4_0_flan4:
    target_pose:
      position: [-0.06748299, -0.5222916, 0.3159174]
      orientation:
        - [0.9892099, 0.0007658728, 0.1465224]
        - [0.1040495, -0.7077456, -0.6987652]
        - [0.1031654, 0.706467, -0.7001887]
step_12:
  tf_mat_link1_0_flan1:
    target_pose:
      position: [-0.05427352, -0.3320657, -0.1299445]
      orientation:
        - [0.9803966, 0.07033435, 0.1840694]
        - [0.07955847, 0.7133187, -0.6963116]
        - [-0.1802745, 0.6973016, 0.6937395]
  tf_mat_link4_0_flan4:
    target_pose:
      position: [-0.06743895, -0.5225016, 0.315707]
      orientation:
        - [0.9892099, 0.0007658728, 0.1465224]
        - [0.1040495, -0.7077456, -0.6987652]
        - [0.1031654, 0.706467, -0.7001887]
step_13:
  tf_mat_link1_0_flan1:
    target_pose:
      position: [-0.05422946, -0.3322763, -0.1297345]
      orientation:
        - [0.9803966, 0.07033435, 0.1840694]
        - [0.07955847, 0.7133187, -0.6963116]
        - [-0.1802745, 0.6973016, 0.6937395]
  tf_mat_link4_0_flan4:
    target_pose:
      position: [-0.06739488, -0.5227116, 0.3154964]
      orientation:
        - [0.9892099, 0.0007658728, 0.1465224]
        - [0.1040495, -0.7077456, -0.6987652]
        - [0.1031654, 0.706467, -0.7001887]
step_14:
  tf_mat_link1_0_flan1:
    target_pose:
      position: [-0.05418543, -0.3324867, -0.1295244]
      orientation:
        - [0.9803966, 0.07033435, 0.1840694]
        - [0.07955847, 0.7133187, -0.6963116]
        - [-0.1802745, 0.6973016, 0.6937395]
  tf_mat_link4_0_flan4:
    target_pose:
      position: [-0.06735085, -0.5229217, 0.315286]
      orientation:
        - [0.9892099, 0.0007658728, 0.1465224]
        - [0.1040495, -0.7077456, -0.6987652]
        - [0.1031654, 0.706467, -0.7001887]
step_15:
  tf_mat_link1_0_flan1:
    target_pose:
      position: [-0.05414137, -0.3326972, -0.1293144]
      orientation:
        - [0.9803966, 0.07033435, 0.1840694]
        - [0.07955847, 0.7133187, -0.6963116]
        - [-0.1802745, 0.6973016, 0.6937395]
  tf_mat_link4_0_flan4:
    target_pose:
      position: [-0.06730679, -0.5231318, 0.3150755]
      orientation:
        - [0.9892099, 0.0007658728, 0.1465224]
        - [0.1040495, -0.7077456, -0.6987652]
        - [0.1031654, 0.706467, -0.7001887]
step_16:
  tf_mat_link1_0_flan1:
    target_pose:
      position: [-0.05409734, -0.3329076, -0.1291044]
      orientation:
        - [0.9803966, 0.07033435, 0.1840694]
        - [0.07955847, 0.7133187, -0.6963116]
        - [-0.1802745, 0.6973016, 0.6937395]
  tf_mat_link4_0_flan4:
    target_pose:
      position: [-0.06726275, -0.5233418, 0.3148651]
      orientation:
        - [0.9892099, 0.0007658728, 0.1465224]
        - [0.1040495, -0.7077456, -0.6987652]
        - [0.1031654, 0.706467, -0.7001887]
step_17:
  tf_mat_link1_0_flan1:
    target_pose:
      position: [-0.05405329, -0.3331182, -0.1288943]
      orientation:
        - [0.9803966, 0.07033435, 0.1840694]
        - [0.07955847, 0.7133187, -0.6963116]
        - [-0.1802745, 0.6973016, 0.6937395]
  tf_mat_link4_0_flan4:
    target_pose:
      position: [-0.06721871, -0.5235519, 0.3146545]
      orientation:
        - [0.9892099, 0.0007658728, 0.1465224]
        - [0.1040495, -0.7077456, -0.6987652]
        - [0.1031654, 0.706467, -0.7001887]
step_18:
  tf_mat_link1_0_flan1:
    target_pose:
      position: [-0.05400924, -0.3333286, -0.1286842]
      orientation:
        - [0.9803966, 0.07033435, 0.1840694]
        - [0.07955847, 0.7133187, -0.6963116]
        - [-0.1802745, 0.6973016, 0.6937395]
  tf_mat_link4_0_flan4:
    target_pose:
      position: [-0.06717466, -0.5237619, 0.3144441]
      orientation:
        - [0.9892099, 0.0007658728, 0.1465224]
        - [0.1040495, -0.7077456, -0.6987652]
        - [0.1031654, 0.706467, -0.7001887]
step_19:
  tf_mat_link1_0_flan1:
    target_pose:
      position: [-0.05396519, -0.3335391, -0.1284742]
      orientation:
        - [0.9803966, 0.07033435, 0.1840694]
        - [0.07955847, 0.7133187, -0.6963116]
        - [-0.1802745, 0.6973016, 0.6937395]
  tf_mat_link4_0_flan4:
    target_pose:
      position: [-0.06713061, -0.523972, 0.3142336]
      orientation:
        - [0.9892099, 0.0007658728, 0.1465224]
        - [0.1040495, -0.7077456, -0.6987652]
        - [0.1031654, 0.706467, -0.7001887]
step_20:
  tf_mat_link1_0_flan1:
    target_pose:
      position: [-0.05392115, -0.3337496, -0.1282641]
      orientation:
        - [0.9803966, 0.07033435, 0.1840694]
        - [0.07955847, 0.7133187, -0.6963116]
        - [-0.1802745, 0.6973016, 0.6937395]
  tf_mat_link4_0_flan4:
    target_pose:
      position: [-0.06708656, -0.524182, 0.3140231]
      orientation:
        - [0.9892099, 0.0007658728, 0.1465224]
        - [0.1040495, -0.7077456, -0.6987652]
        - [0.1031654, 0.706467, -0.7001887]
step_21:
  tf_mat_link1_0_flan1:
    target_pose:
      position: [-0.0538771, -0.33396, -0.1280541]
      orientation:
        - [0.9803966, 0.07033435, 0.1840694]
        - [0.07955847, 0.7133187, -0.6963116]
        - [-0.1802745, 0.6973016, 0.6937395]
  tf_mat_link4_0_flan4:
    target_pose:
      position: [-0.06704252, -0.5243921, 0.3138127]
      orientation:
        - [0.9892099, 0.0007658728, 0.1465224]
        - [0.1040495, -0.7077456, -0.6987652]
        - [0.1031654, 0.706467, -0.7001887]
step_22:
  tf_mat_link1_0_flan1:
    target_pose:
      position: [-0.05383305, -0.3341705, -0.127844]
      orientation:
        - [0.9803966, 0.07033435, 0.1840694]
        - [0.07955847, 0.7133187, -0.6963116]
        - [-0.1802745, 0.6973016, 0.6937395]
  tf_mat_link4_0_flan4:
    target_pose:
      position: [-0.06699847, -0.5246021, 0.3136022]
      orientation:
        - [0.9892099, 0.0007658728, 0.1465224]
        - [0.1040495, -0.7077456, -0.6987652]
        - [0.1031654, 0.706467, -0.7001887]
step_23:
  tf_mat_link1_0_flan1:
    target_pose:
      position: [-0.053789, -0.334381, -0.127634]
      orientation:
        - [0.9803966, 0.07033435, 0.1840694]
        - [0.07955847, 0.7133187, -0.6963116]
        - [-0.1802745, 0.6973016, 0.6937395]
  tf_mat_link4_0_flan4:
    target_pose:
      position: [-0.06695443, -0.5248122, 0.3133917]
      orientation:
        - [0.9892099, 0.0007658728, 0.1465224]
        - [0.1040495, -0.7077456, -0.6987652]
        - [0.1031654, 0.706467, -0.7001887]
step_24:
  tf_mat_link1_0_flan1:
    target_pose:
      position: [-0.05374497, -0.3345914, -0.1274239]
      orientation:
        - [0.9803966, 0.07033435, 0.1840694]
        - [0.07955847, 0.7133187, -0.6963116]
        - [-0.1802745, 0.6973016, 0.6937395]
  tf_mat_link4_0_flan4:
    target_pose:
      position: [-0.06691039, -0.5250222, 0.3131812]
      orientation:
        - [0.9892099, 0.0007658728, 0.1465224]
        - [0.1040495, -0.7077456, -0.6987652]
        - [0.1031654, 0.706467, -0.7001887]
step_25:
  tf_mat_link1_0_flan1:
    target_pose:
      position: [-0.05370093, -0.3348019, -0.1272139]
      orientation:
        - [0.9803966, 0.07033435, 0.1840694]
        - [0.07955847, 0.7133187, -0.6963116]
        - [-0.1802745, 0.6973016, 0.6937395]
  tf_mat_link4_0_flan4:
    target_pose:
      position: [-0.06686635, -0.5252323, 0.3129707]
      orientation:
        - [0.9892099, 0.0007658728, 0.1465224]
        - [0.1040495, -0.7077456, -0.6987652]
        - [0.1031654, 0.706467, -0.7001887]
step_26:
  tf_mat_link1_0_flan1:
    target_pose:
      position: [-0.05365688, -0.3350124, -0.1270038]
      orientation:
        - [0.9803966, 0.07033435, 0.1840694]
        - [0.07955847, 0.7133187, -0.6963116]
        - [-0.1802745, 0.6973016, 0.6937395]
  tf_mat_link4_0_flan4:
    target_pose:
      position: [-0.06682231, -0.5254423, 0.3127602]
      orientation:
        - [0.9892099, 0.0007658728, 0.1465224]
        - [0.1040495, -0.7077456, -0.6987652]
        - [0.1031654, 0.706467, -0.7001887]
step_27:
  tf_mat_link1_0_flan1:
    target_pose:
      position: [-0.05361283, -0.3352229, -0.1267938]
      orientation:
        - [0.9803966, 0.07033435, 0.1840694]
        - [0.07955847, 0.7133187, -0.6963116]
        - [-0.1802745, 0.6973016, 0.6937395]
  tf_mat_link4_0_flan4:
    target_pose:
      position: [-0.06677826, -0.5256524, 0.3125498]
      orientation:
        - [0.9892099, 0.0007658728, 0.1465224]
        - [0.1040495, -0.7077456, -0.6987652]
        - [0.1031654, 0.706467, -0.7001887]
step_28:
  tf_mat_link1_0_flan1:
    target_pose:
      position: [-0.05356878, -0.3354334, -0.1265837]
      orientation:
        - [0.9803966, 0.07033435, 0.1840694]
        - [0.07955847, 0.7133187, -0.6963116]
        - [-0.1802745, 0.6973016, 0.6937395]
  tf_mat_link4_0_flan4:
    target_pose:
      position: [-0.06673421, -0.5258624, 0.3123393]
      orientation:
        - [0.9892099, 0.0007658728, 0.1465224]
        - [0.1040495, -0.7077456, -0.6987652]
        - [0.1031654, 0.706467, -0.7001887]
step_29:
  tf_mat_link1_0_flan1:
    target_pose:
      position: [-0.05352474, -0.3356439, -0.1263736]
      orientation:
        - [0.9803966, 0.07033435, 0.1840694]
        - [0.07955847, 0.7133187, -0.6963116]
        - [-0.1802745, 0.6973016, 0.6937395]
  tf_mat_link4_0_flan4:
    target_pose:
      position: [-0.06669016, -0.5260725, 0.3121288]
      orientation:
        - [0.9892099, 0.0007658728, 0.1465224]
        - [0.1040495, -0.7077456, -0.6987652]
        - [0.1031654, 0.706467, -0.7001887]
step_30:
  tf_mat_link1_0_flan1:
    target_pose:
      position: [-0.05348071, -0.3358543, -0.1261636]
      orientation:
        - [0.9803966, 0.07033435, 0.1840694]
        - [0.07955847, 0.7133187, -0.6963116]
        - [-0.1802745, 0.6973016, 0.6937395]
  tf_mat_link4_0_flan4:
    target_pose:
      position: [-0.06664613, -0.5262825, 0.3119183]
      orientation:
        - [0.9892099, 0.0007658728, 0.1465224]
        - [0.1040495, -0.7077456, -0.6987652]
        - [0.1031654, 0.706467, -0.7001887]
step_31:
  tf_mat_link1_0_flan1:
    target_pose:
      position: [-0.05343666, -0.3360648, -0.1259536]
      orientation:
        - [0.9803966, 0.07033435, 0.1840694]
        - [0.07955847, 0.7133187, -0.6963116]
        - [-0.1802745, 0.6973016, 0.6937395]
  tf_mat_link4_0_flan4:
    target_pose:
      position: [-0.06660208, -0.5264926, 0.3117079]
      orientation:
        - [0.9892099, 0.0007658728, 0.1465224]
        - [0.1040495, -0.7077456, -0.6987652]
        - [0.1031654, 0.706467, -0.7001887]
step_32:
  tf_mat_link1_0_flan1:
    target_pose:
      position: [-0.05339261, -0.3362753, -0.1257435]
      orientation:
        - [0.9803966, 0.07033435, 0.1840694]
        - [0.07955847, 0.7133187, -0.6963116]
        - [-0.1802745, 0.6973016, 0.6937395]
  tf_mat_link4_0_flan4:
    target_pose:
      position: [-0.06655803, -0.5267026, 0.3114974]
      orientation:
        - [0.9892099, 0.0007658728, 0.1465224]
        - [0.1040495, -0.7077456, -0.6987652]
        - [0.1031654, 0.706467, -0.7001887]
step_33:
  tf_mat_link1_0_flan1:
    target_pose:
      position: [-0.05334856, -0.3364858, -0.1255335]
      orientation:
        - [0.9803966, 0.07033435, 0.1840694]
        - [0.07955847, 0.7133187, -0.6963116]
        - [-0.1802745, 0.6973016, 0.6937395]
  tf_mat_link4_0_flan4:
    target_pose:
      position: [-0.06651399, -0.5269126, 0.3112869]
      orientation:
        - [0.9892099, 0.0007658728, 0.1465224]
        - [0.1040495, -0.7077456, -0.6987652]
        - [0.1031654, 0.706467, -0.7001887]
step_34:
  tf_mat_link1_0_flan1:
    target_pose:
      position: [-0.05330452, -0.3366962, -0.1253234]
      orientation:
        - [0.9803966, 0.07033435, 0.1840694]
        - [0.07955847, 0.7133187, -0.6963116]
        - [-0.1802745, 0.6973016, 0.6937395]
  tf_mat_link4_0_flan4:
    target_pose:
      position: [-0.06646994, -0.5271227, 0.3110765]
      orientation:
        - [0.9892099, 0.0007658728, 0.1465224]
        - [0.1040495, -0.7077456, -0.6987652]
        - [0.1031654, 0.706467, -0.7001887]
step_35:
  tf_mat_link1_0_flan1:
    target_pose:
      position: [-0.05326047, -0.3369067, -0.1251134]
      orientation:
        - [0.9803966, 0.07033435, 0.1840694]
        - [0.07955847, 0.7133187, -0.6963116]
        - [-0.1802745, 0.6973016, 0.6937395]
  tf_mat_link4_0_flan4:
    target_pose:
      position: [-0.06642589, -0.5273327, 0.310866]
      orientation:
        - [0.9892099, 0.0007658728, 0.1465224]
        - [0.1040495, -0.7077456, -0.6987652]
        - [0.1031654, 0.706467, -0.7001887]
step_36:
  tf_mat_link1_0_flan1:
    target_pose:
      position: [-0.05321642, -0.3371172, -0.1249033]
      orientation:
        - [0.9803966, 0.07033435, 0.1840694]
        - [0.07955847, 0.7133187, -0.6963116]
        - [-0.1802745, 0.6973016, 0.6937395]
  tf_mat_link4_0_flan4:
    target_pose:
      position: [-0.06638184, -0.5275428, 0.3106555]
      orientation:
        - [0.9892099, 0.0007658728, 0.1465224]
        - [0.1040495, -0.7077456, -0.6987652]
        - [0.1031654, 0.706467, -0.7001887]
step_37:
  tf_mat_link1_0_flan1:
    target_pose:
      position: [-0.05317238, -0.3373277, -0.1246932]
      orientation:
        - [0.9803966, 0.07033435, 0.1840694]
        - [0.07955847, 0.7133187, -0.6963116]
        - [-0.1802745, 0.6973016, 0.6937395]
  tf_mat_link4_0_flan4:
    target_pose:
      position: [-0.06633779, -0.5277529, 0.310445]
      orientation:
        - [0.9892099, 0.0007658728, 0.1465224]
        - [0.1040495, -0.7077456, -0.6987652]
        - [0.1031654, 0.706467, -0.7001887]
step_38:
  tf_mat_link1_0_flan1:
    target_pose:
      position: [-0.05312834, -0.3375382, -0.1244832]
      orientation:
        - [0.9803966, 0.07033435, 0.1840694]
        - [0.07955847, 0.7133187, -0.6963116]
        - [-0.1802745, 0.6973016, 0.6937395]
  tf_mat_link4_0_flan4:
    target_pose:
      position: [-0.06629376, -0.5279629, 0.3102345]
      orientation:
        - [0.9892099, 0.0007658728, 0.1465224]
        - [0.1040495, -0.7077456, -0.6987652]
        - [0.1031654, 0.706467, -0.7001887]
step_39:
  tf_mat_link1_0_flan1:
    target_pose:
      position: [-0.0530843, -0.3377486, -0.1242732]
      orientation:
        - [0.9803966, 0.07033435, 0.1840694]
        - [0.07955847, 0.7133187, -0.6963116]
        - [-0.1802745, 0.6973016, 0.6937395]
  tf_mat_link4_0_flan4:
    target_pose:
      position: [-0.06624971, -0.528173, 0.3100241]
      orientation:
        - [0.9892099, 0.0007658728, 0.1465224]
        - [0.1040495, -0.7077456, -0.6987652]
        - [0.1031654, 0.706467, -0.7001887]
step_40:
  tf_mat_link1_0_flan1:
    target_pose:
      position: [-0.05304025, -0.3379591, -0.1240631]
      orientation:
        - [0.9803966, 0.07033435, 0.1840694]
        - [0.07955847, 0.7133187, -0.6963116]
        - [-0.1802745, 0.6973016, 0.6937395]
  tf_mat_link4_0_flan4:
    target_pose:
      position: [-0.06620567, -0.5283831, 0.3098136]
      orientation:
        - [0.9892099, 0.0007658728, 0.1465224]
        - [0.1040495, -0.7077456, -0.6987652]
        - [0.1031654, 0.706467, -0.7001887]
step_41:
  tf_mat_link1_0_flan1:
    target_pose:
      position: [-0.0529962, -0.3381696, -0.1238531]
      orientation:
        - [0.9803966, 0.07033435, 0.1840694]
        - [0.07955847, 0.7133187, -0.6963116]
        - [-0.1802745, 0.6973016, 0.6937395]
  tf_mat_link4_0_flan4:
    target_pose:
      position: [-0.06616163, -0.5285931, 0.309603]
      orientation:
        - [0.9892099, 0.0007658728, 0.1465224]
        - [0.1040495, -0.7077456, -0.6987652]
        - [0.1031654, 0.706467, -0.7001887]
step_42:
  tf_mat_link1_0_flan1:
    target_pose:
      position: [-0.05295216, -0.33838, -0.123643]
      orientation:
        - [0.9803966, 0.07033435, 0.1840694]
        - [0.07955847, 0.7133187, -0.6963116]
        - [-0.1802745, 0.6973016, 0.6937395]
  tf_mat_link4_0_flan4:
    target_pose:
      position: [-0.06611758, -0.5288032, 0.3093926]
      orientation:
        - [0.9892099, 0.0007658728, 0.1465224]
        - [0.1040495, -0.7077456, -0.6987652]
        - [0.1031654, 0.706467, -0.7001887]
step_43:
  tf_mat_link1_0_flan1:
    target_pose:
      position: [-0.05290811, -0.3385905, -0.123433]
      orientation:
        - [0.9803966, 0.07033435, 0.1840694]
        - [0.07955847, 0.7133187, -0.6963116]
        - [-0.1802745, 0.6973016, 0.6937395]
  tf_mat_link4_0_flan4:
    target_pose:
      position: [-0.06607353, -0.5290132, 0.3091821]
      orientation:
        - [0.9892099, 0.0007658728, 0.1465224]
        - [0.1040495, -0.7077456, -0.6987652]
        - [0.1031654, 0.706467, -0.7001887]
step_44:
  tf_mat_link1_0_flan1:
    target_pose:
      position: [-0.05286408, -0.338801, -0.1232229]
      orientation:
        - [0.9803966, 0.07033435, 0.1840694]
        - [0.07955847, 0.7133187, -0.6963116]
        - [-0.1802745, 0.6973016, 0.6937395]
  tf_mat_link4_0_flan4:
    target_pose:
      position: [-0.0660295, -0.5292232, 0.3089716]
      orientation:
        - [0.9892099, 0.0007658728, 0.1465224]
        - [0.1040495, -0.7077456, -0.6987652]
        - [0.1031654, 0.706467, -0.7001887]
step_45:
  tf_mat_link1_0_flan1:
    target_pose:
      position: [-0.05282003, -0.3390115, -0.1230129]
      orientation:
        - [0.9803966, 0.07033435, 0.1840694]
        - [0.07955847, 0.7133187, -0.6963116]
        - [-0.1802745, 0.6973016, 0.6937395]
  tf_mat_link4_0_flan4:
    target_pose:
      position: [-0.06598546, -0.5294333, 0.3087612]
      orientation:
        - [0.9892099, 0.0007658728, 0.1465224]
        - [0.1040495, -0.7077456, -0.6987652]
        - [0.1031654, 0.706467, -0.7001887]
step_46:
  tf_mat_link1_0_flan1:
    target_pose:
      position: [-0.05277598, -0.339222, -0.1228028]
      orientation:
        - [0.9803966, 0.07033435, 0.1840694]
        - [0.07955847, 0.7133187, -0.6963116]
        - [-0.1802745, 0.6973016, 0.6937395]
  tf_mat_link4_0_flan4:
    target_pose:
      position: [-0.06594141, -0.5296433, 0.3085507]
      orientation:
        - [0.9892099, 0.0007658728, 0.1465224]
        - [0.1040495, -0.7077456, -0.6987652]
        - [0.1031654, 0.706467, -0.7001887]
step_47:
  tf_mat_link1_0_flan1:
    target_pose:
      position: [-0.05273193, -0.3394325, -0.1225928]
      orientation:
        - [0.9803966, 0.07033435, 0.1840694]
        - [0.07955847, 0.7133187, -0.6963116]
        - [-0.1802745, 0.6973016, 0.6937395]
  tf_mat_link4_0_flan4:
    target_pose:
      position: [-0.06589736, -0.5298534, 0.3083402]
      orientation:
        - [0.9892099, 0.0007658728, 0.1465224]
        - [0.1040495, -0.7077456, -0.6987652]
        - [0.1031654, 0.706467, -0.7001887]
step_48:
  tf_mat_link1_0_flan1:
    target_pose:
      position: [-0.05268789, -0.3396429, -0.1223827]
      orientation:
        - [0.9803966, 0.07033435, 0.1840694]
        - [0.07955847, 0.7133187, -0.6963116]
        - [-0.1802745, 0.6973016, 0.6937395]
  tf_mat_link4_0_flan4:
    target_pose:
      position: [-0.06585331, -0.5300635, 0.3081298]
      orientation:
        - [0.9892099, 0.0007658728, 0.1465224]
        - [0.1040495, -0.7077456, -0.6987652]
        - [0.1031654, 0.706467, -0.7001887]
step_49:
  tf_mat_link1_0_flan1:
    target_pose:
      position: [-0.05264384, -0.3398534, -0.1221727]
      orientation:
        - [0.9803966, 0.07033435, 0.1840694]
        - [0.07955847, 0.7133187, -0.6963116]
        - [-0.1802745, 0.6973016, 0.6937395]
  tf_mat_link4_0_flan4:
    target_pose:
      position: [-0.06580926, -0.5302735, 0.3079193]
      orientation:
        - [0.9892099, 0.0007658728, 0.1465224]
        - [0.1040495, -0.7077456, -0.6987652]
        - [0.1031654, 0.706467, -0.7001887]
step_50:
  tf_mat_link1_0_flan1:
    target_pose:
      position: [-0.0525998, -0.3400639, -0.1219626]
      orientation:
        - [0.9803966, 0.07033435, 0.1840694]
        - [0.07955847, 0.7133187, -0.6963116]
        - [-0.1802745, 0.6973016, 0.6937395]
  tf_mat_link4_0_flan4:
    target_pose:
      position: [-0.06576522, -0.5304835, 0.3077088]
      orientation:
        - [0.9892099, 0.0007658728, 0.1465224]
        - [0.1040495, -0.7077456, -0.6987652]
        - [0.1031654, 0.706467, -0.7001887]
step_51:
  tf_mat_link1_0_flan1:
    target_pose:
      position: [-0.05255576, -0.3402743, -0.1217526]
      orientation:
        - [0.9803966, 0.07033435, 0.1840694]
        - [0.07955847, 0.7133187, -0.6963116]
        - [-0.1802745, 0.6973016, 0.6937395]
  tf_mat_link4_0_flan4:
    target_pose:
      position: [-0.06572118, -0.5306936, 0.3074984]
      orientation:
        - [0.9892099, 0.0007658728, 0.1465224]
        - [0.1040495, -0.7077456, -0.6987652]
        - [0.1031654, 0.706467, -0.7001887]
step_52:
  tf_mat_link1_0_flan1:
    target_pose:
      position: [-0.05251171, -0.3404848, -0.1215425]
      orientation:
        - [0.9803966, 0.07033435, 0.1840694]
        - [0.07955847, 0.7133187, -0.6963116]
        - [-0.1802745, 0.6973016, 0.6937395]
  tf_mat_link4_0_flan4:
    target_pose:
      position: [-0.06567714, -0.5309036, 0.3072879]
      orientation:
        - [0.9892099, 0.0007658728, 0.1465224]
        - [0.1040495, -0.7077456, -0.6987652]
        - [0.1031654, 0.706467, -0.7001887]
step_53:
  tf_mat_link1_0_flan1:
    target_pose:
      position: [-0.05246767, -0.3406953, -0.1213325]
      orientation:
        - [0.9803966, 0.07033435, 0.1840694]
        - [0.07955847, 0.7133187, -0.6963116]
        - [-0.1802745, 0.6973016, 0.6937395]
  tf_mat_link4_0_flan4:
    target_pose:
      position: [-0.06563309, -0.5311137, 0.3070774]
      orientation:
        - [0.9892099, 0.0007658728, 0.1465224]
        - [0.1040495, -0.7077456, -0.6987652]
        - [0.1031654, 0.706467, -0.7001887]
step_54:
  tf_mat_link1_0_flan1:
    target_pose:
      position: [-0.05242362, -0.3409058, -0.1211225]
      orientation:
        - [0.9803966, 0.07033435, 0.1840694]
        - [0.07955847, 0.7133187, -0.6963116]
        - [-0.1802745, 0.6973016, 0.6937395]
  tf_mat_link4_0_flan4:
    target_pose:
      position: [-0.06558904, -0.5313237, 0.3068669]
      orientation:
        - [0.9892099, 0.0007658728, 0.1465224]
        - [0.1040495, -0.7077456, -0.6987652]
        - [0.1031654, 0.706467, -0.7001887]
step_55:
  tf_mat_link1_0_flan1:
    target_pose:
      position: [-0.05237957, -0.3411162, -0.1209124]
      orientation:
        - [0.9803966, 0.07033435, 0.1840694]
        - [0.07955847, 0.7133187, -0.6963116]
        - [-0.1802745, 0.6973016, 0.6937395]
  tf_mat_link4_0_flan4:
    target_pose:
      position: [-0.06554499, -0.5315338, 0.3066564]
      orientation:
        - [0.9892099, 0.0007658728, 0.1465224]
        - [0.1040495, -0.7077456, -0.6987652]
        - [0.1031654, 0.706467, -0.7001887]
step_56:
  tf_mat_link1_0_flan1:
    target_pose:
      position: [-0.05233553, -0.3413267, -0.1207023]
      orientation:
        - [0.9803966, 0.07033435, 0.1840694]
        - [0.07955847, 0.7133187, -0.6963116]
        - [-0.1802745, 0.6973016, 0.6937395]
  tf_mat_link4_0_flan4:
    target_pose:
      position: [-0.06550094, -0.5317438, 0.3064459]
      orientation:
        - [0.9892099, 0.0007658728, 0.1465224]
        - [0.1040495, -0.7077456, -0.6987652]
        - [0.1031654, 0.706467, -0.7001887]
step_57:
  tf_mat_link1_0_flan1:
    target_pose:
      position: [-0.05229149, -0.3415372, -0.1204923]
      orientation:
        - [0.9803966, 0.07033435, 0.1840694]
        - [0.07955847, 0.7133187, -0.6963116]
        - [-0.1802745, 0.6973016, 0.6937395]
  tf_mat_link4_0_flan4:
    target_pose:
      position: [-0.06545691, -0.5319539, 0.3062354]
      orientation:
        - [0.9892099, 0.0007658728, 0.1465224]
        - [0.1040495, -0.7077456, -0.6987652]
        - [0.1031654, 0.706467, -0.7001887]
step_58:
  tf_mat_link1_0_flan1:
    target_pose:
      position: [-0.05224745, -0.3417477, -0.1202822]
      orientation:
        - [0.9803966, 0.07033435, 0.1840694]
        - [0.07955847, 0.7133187, -0.6963116]
        - [-0.1802745, 0.6973016, 0.6937395]
  tf_mat_link4_0_flan4:
    target_pose:
      position: [-0.06541286, -0.5321639, 0.306025]
      orientation:
        - [0.9892099, 0.0007658728, 0.1465224]
        - [0.1040495, -0.7077456, -0.6987652]
        - [0.1031654, 0.706467, -0.7001887]
step_59:
  tf_mat_link1_0_flan1:
    target_pose:
      position: [-0.0522034, -0.3419582, -0.1200722]
      orientation:
        - [0.9803966, 0.07033435, 0.1840694]
        - [0.07955847, 0.7133187, -0.6963116]
        - [-0.1802745, 0.6973016, 0.6937395]
  tf_mat_link4_0_flan4:
    target_pose:
      position: [-0.06536882, -0.532374, 0.3058145]
      orientation:
        - [0.9892099, 0.0007658728, 0.1465224]
        - [0.1040495, -0.7077456, -0.6987652]
        - [0.1031654, 0.706467, -0.7001887]
step_60:
  tf_mat_link1_0_flan1:
    target_pose:
      position: [-0.05215935, -0.3421687, -0.1198621]
      orientation:
        - [0.9803966, 0.07033435, 0.1840694]
        - [0.07955847, 0.7133187, -0.6963116]
        - [-0.1802745, 0.6973016, 0.6937395]
  tf_mat_link4_0_flan4:
    target_pose:
      position: [-0.06532478, -0.532584, 0.305604]
      orientation:
        - [0.9892099, 0.0007658728, 0.1465224]
        - [0.1040495, -0.7077456, -0.6987652]
        - [0.1031654, 0.706467, -0.7001887]
step_61:
  tf_mat_link1_0_flan1:
    target_pose:
      position: [-0.05211531, -0.3423791, -0.1196521]
      orientation:
        - [0.9803966, 0.07033435, 0.1840694]
        - [0.07955847, 0.7133187, -0.6963116]
        - [-0.1802745, 0.6973016, 0.6937395]
  tf_mat_link4_0_flan4:
    target_pose:
      position: [-0.06528073, -0.5327941, 0.3053935]
      orientation:
        - [0.9892099, 0.0007658728, 0.1465224]
        - [0.1040495, -0.7077456, -0.6987652]
        - [0.1031654, 0.706467, -0.7001887]
step_62:
  tf_mat_link1_0_flan1:
    target_pose:
      position: [-0.05207126, -0.3425896, -0.119442]
      orientation:
        - [0.9803966, 0.07033435, 0.1840694]
        - [0.07955847, 0.7133187, -0.6963116]
        - [-0.1802745, 0.6973016, 0.6937395]
  tf_mat_link4_0_flan4:
    target_pose:
      position: [-0.06523668, -0.5330042, 0.3051831]
      orientation:
        - [0.9892099, 0.0007658728, 0.1465224]
        - [0.1040495, -0.7077456, -0.6987652]
        - [0.1031654, 0.706467, -0.7001887]
step_63:
  tf_mat_link1_0_flan1:
    target_pose:
      position: [-0.05202721, -0.3428001, -0.119232]
      orientation:
        - [0.9803966, 0.07033435, 0.1840694]
        - [0.07955847, 0.7133187, -0.6963116]
        - [-0.1802745, 0.6973016, 0.6937395]
  tf_mat_link4_0_flan4:
    target_pose:
      position: [-0.06519263, -0.5332142, 0.3049726]
      orientation:
        - [0.9892099, 0.0007658728, 0.1465224]
        - [0.1040495, -0.7077456, -0.6987652]
        - [0.1031654, 0.706467, -0.7001887]
step_64:
  tf_mat_link1_0_flan1:
    target_pose:
      position: [-0.05198317, -0.3430105, -0.1190219]
      orientation:
        - [0.9803966, 0.07033435, 0.1840694]
        - [0.07955847, 0.7133187, -0.6963116]
        - [-0.1802745, 0.6973016, 0.6937395]
  tf_mat_link4_0_flan4:
    target_pose:
      position: [-0.06514859, -0.5334242, 0.3047621]
      orientation:
        - [0.9892099, 0.0007658728, 0.1465224]
        - [0.1040495, -0.7077456, -0.6987652]
        - [0.1031654, 0.706467, -0.7001887]
step_65:
  tf_mat_link1_0_flan1:
    target_pose:
      position: [-0.05193912, -0.343221, -0.1188119]
      orientation:
        - [0.9803966, 0.07033435, 0.1840694]
        - [0.07955847, 0.7133187, -0.6963116]
        - [-0.1802745, 0.6973016, 0.6937395]
  tf_mat_link4_0_flan4:
    target_pose:
      position: [-0.06510454, -0.5336342, 0.3045517]
      orientation:
        - [0.9892099, 0.0007658728, 0.1465224]
        - [0.1040495, -0.7077456, -0.6987652]
        - [0.1031654, 0.706467, -0.7001887]
step_66:
  tf_mat_link1_0_flan1:
    target_pose:
      position: [-0.05189509, -0.3434315, -0.1186018]
      orientation:
        - [0.9803966, 0.07033435, 0.1840694]
        - [0.07955847, 0.7133187, -0.6963116]
        - [-0.1802745, 0.6973016, 0.6937395]
  tf_mat_link4_0_flan4:
    target_pose:
      position: [-0.06506051, -0.5338443, 0.3043412]
      orientation:
        - [0.9892099, 0.0007658728, 0.1465224]
        - [0.1040495, -0.7077456, -0.6987652]
        - [0.1031654, 0.706467, -0.7001887]
step_67:
  tf_mat_link1_0_flan1:
    target_pose:
      position: [-0.05185104, -0.343642, -0.1183918]
      orientation:
        - [0.9803966, 0.07033435, 0.1840694]
        - [0.07955847, 0.7133187, -0.6963116]
        - [-0.1802745, 0.6973016, 0.6937395]
  tf_mat_link4_0_flan4:
    target_pose:
      position: [-0.06501646, -0.5340543, 0.3041307]
      orientation:
        - [0.9892099, 0.0007658728, 0.1465224]
        - [0.1040495, -0.7077456, -0.6987652]
        - [0.1031654, 0.706467, -0.7001887]
step_68:
  tf_mat_link1_0_flan1:
    target_pose:
      position: [-0.05180699, -0.3438525, -0.1181817]
      orientation:
        - [0.9803966, 0.07033435, 0.1840694]
        - [0.07955847, 0.7133187, -0.6963116]
        - [-0.1802745, 0.6973016, 0.6937395]
  tf_mat_link4_0_flan4:
    target_pose:
      position: [-0.06497242, -0.5342644, 0.3039202]
      orientation:
        - [0.9892099, 0.0007658728, 0.1465224]
        - [0.1040495, -0.7077456, -0.6987652]
        - [0.1031654, 0.706467, -0.7001887]
step_69:
  tf_mat_link1_0_flan1:
    target_pose:
      position: [-0.05176295, -0.3440629, -0.1179717]
      orientation:
        - [0.9803966, 0.07033435, 0.1840694]
        - [0.07955847, 0.7133187, -0.6963116]
        - [-0.1802745, 0.6973016, 0.6937395]
  tf_mat_link4_0_flan4:
    target_pose:
      position: [-0.06492837, -0.5344744, 0.3037097]
      orientation:
        - [0.9892099, 0.0007658728, 0.1465224]
        - [0.1040495, -0.7077456, -0.6987652]
        - [0.1031654, 0.706467, -0.7001887]
step_70:
  tf_mat_link1_0_flan1:
    target_pose:
      position: [-0.0517189, -0.3442734, -0.1177616]
      orientation:
        - [0.9803966, 0.07033435, 0.1840694]
        - [0.07955847, 0.7133187, -0.6963116]
        - [-0.1802745, 0.6973016, 0.6937395]
  tf_mat_link4_0_flan4:
    target_pose:
      position: [-0.06488432, -0.5346845, 0.3034992]
      orientation:
        - [0.9892099, 0.0007658728, 0.1465224]
        - [0.1040495, -0.7077456, -0.6987652]
        - [0.1031654, 0.706467, -0.7001887]
step_71:
  tf_mat_link1_0_flan1:
    target_pose:
      position: [-0.05167484, -0.3444839, -0.1175516]
      orientation:
        - [0.9803966, 0.07033435, 0.1840694]
        - [0.07955847, 0.7133187, -0.6963116]
        - [-0.1802745, 0.6973016, 0.6937395]
  tf_mat_link4_0_flan4:
    target_pose:
      position: [-0.06484026, -0.5348945, 0.3032888]
      orientation:
        - [0.9892099, 0.0007658728, 0.1465224]
        - [0.1040495, -0.7077456, -0.6987652]
        - [0.1031654, 0.706467, -0.7001887]
step_72:
  tf_mat_link1_0_flan1:
    target_pose:
      position: [-0.0516308, -0.3446943, -0.1173416]
      orientation:
        - [0.9803966, 0.07033435, 0.1840694]
        - [0.07955847, 0.7133187, -0.6963116]
        - [-0.1802745, 0.6973016, 0.6937395]
  tf_mat_link4_0_flan4:
    target_pose:
      position: [-0.06479622, -0.5351046, 0.3030783]
      orientation:
        - [0.9892099, 0.0007658728, 0.1465224]
        - [0.1040495, -0.7077456, -0.6987652]
        - [0.1031654, 0.706467, -0.7001887]
step_73:
  tf_mat_link1_0_flan1:
    target_pose:
      position: [-0.05158676, -0.3449048, -0.1171315]
      orientation:
        - [0.9803966, 0.07033435, 0.1840694]
        - [0.07955847, 0.7133187, -0.6963116]
        - [-0.1802745, 0.6973016, 0.6937395]
  tf_mat_link4_0_flan4:
    target_pose:
      position: [-0.06475218, -0.5353146, 0.3028678]
      orientation:
        - [0.9892099, 0.0007658728, 0.1465224]
        - [0.1040495, -0.7077456, -0.6987652]
        - [0.1031654, 0.706467, -0.7001887]
step_74:
  tf_mat_link1_0_flan1:
    target_pose:
      position: [-0.05154271, -0.3451153, -0.1169214]
      orientation:
        - [0.9803966, 0.07033435, 0.1840694]
        - [0.07955847, 0.7133187, -0.6963116]
        - [-0.1802745, 0.6973016, 0.6937395]
  tf_mat_link4_0_flan4:
    target_pose:
      position: [-0.06470813, -0.5355247, 0.3026573]
      orientation:
        - [0.9892099, 0.0007658728, 0.1465224]
        - [0.1040495, -0.7077456, -0.6987652]
        - [0.1031654, 0.706467, -0.7001887]
step_75:
  tf_mat_link1_0_flan1:
    target_pose:
      position: [-0.05149866, -0.3453258, -0.1167114]
      orientation:
        - [0.9803966, 0.07033435, 0.1840694]
        - [0.07955847, 0.7133187, -0.6963116]
        - [-0.1802745, 0.6973016, 0.6937395]
  tf_mat_link4_0_flan4:
    target_pose:
      position: [-0.06466408, -0.5357348, 0.3024468]
      orientation:
        - [0.9892099, 0.0007658728, 0.1465224]
        - [0.1040495, -0.7077456, -0.6987652]
        - [0.1031654, 0.706467, -0.7001887]
step_76:
  tf_mat_link1_0_flan1:
    target_pose:
      position: [-0.05145461, -0.3455363, -0.1165013]
      orientation:
        - [0.9803966, 0.07033435, 0.1840694]
        - [0.07955847, 0.7133187, -0.6963116]
        - [-0.1802745, 0.6973016, 0.6937395]
  tf_mat_link4_0_flan4:
    target_pose:
      position: [-0.06462003, -0.5359448, 0.3022364]
      orientation:
        - [0.9892099, 0.0007658728, 0.1465224]
        - [0.1040495, -0.7077456, -0.6987652]
        - [0.1031654, 0.706467, -0.7001887]
step_77:
  tf_mat_link1_0_flan1:
    target_pose:
      position: [-0.05141057, -0.3457468, -0.1162913]
      orientation:
        - [0.9803966, 0.07033435, 0.1840694]
        - [0.07955847, 0.7133187, -0.6963116]
        - [-0.1802745, 0.6973016, 0.6937395]
  tf_mat_link4_0_flan4:
    target_pose:
      position: [-0.06457599, -0.5361549, 0.3020259]
      orientation:
        - [0.9892099, 0.0007658728, 0.1465224]
        - [0.1040495, -0.7077456, -0.6987652]
        - [0.1031654, 0.706467, -0.7001887]
step_78:
  tf_mat_link1_0_flan1:
    target_pose:
      position: [-0.05136654, -0.3459572, -0.1160813]
      orientation:
        - [0.9803966, 0.07033435, 0.1840694]
        - [0.07955847, 0.7133187, -0.6963116]
        - [-0.1802745, 0.6973016, 0.6937395]
  tf_mat_link4_0_flan4:
    target_pose:
      position: [-0.06453195, -0.5363649, 0.3018155]
