step_0:
  tf_mat_link1_0_flan1:
    target_pose:
      position: [0.123686, -0.5246239, -0.1256825]
      orientation:
        - [0.996799, 0.07061249, 0.03800357]
        - [-0.02309966, 0.7066823, -0.7071673]
        - [-0.07678938, 0.7039987, 0.7060513]
  tf_mat_link4_0_flan4:
    target_pose:
      position: [0.109514, -0.5246123, 0.1252904]
      orientation:
        - [1.000019, 4.17549e-09, -6.177052e-05]
        - [-4.367543e-05, -0.7071074, -0.7071198]
        - [-4.368127e-05, 0.7071062, -0.707121]
step_1:
  tf_mat_link1_0_flan1:
    target_pose:
      position: [0.1236861, -0.5240276, -0.1262789]
      orientation:
        - [0.996799, 0.07061249, 0.03800357]
        - [-0.02309966, 0.7066823, -0.7071673]
        - [-0.07678938, 0.7039987, 0.7060513]
  tf_mat_link4_0_flan4:
    target_pose:
      position: [0.1095141, -0.5240159, 0.1258867]
      orientation:
        - [1.000019, 4.17549e-09, -6.177052e-05]
        - [-4.367543e-05, -0.7071074, -0.7071198]
        - [-4.368127e-05, 0.7071062, -0.707121]
step_2:
  tf_mat_link1_0_flan1:
    target_pose:
      position: [0.1236861, -0.5234312, -0.1268753]
      orientation:
        - [0.996799, 0.07061249, 0.03800357]
        - [-0.02309966, 0.7066823, -0.7071673]
        - [-0.07678938, 0.7039987, 0.7060513]
  tf_mat_link4_0_flan4:
    target_pose:
      position: [0.1095141, -0.5234196, 0.1264831]
      orientation:
        - [1.000019, 4.17549e-09, -6.177052e-05]
        - [-4.367543e-05, -0.7071074, -0.7071198]
        - [-4.368127e-05, 0.7071062, -0.707121]
step_3:
  tf_mat_link1_0_flan1:
    target_pose:
      position: [0.1236862, -0.5228348, -0.1274716]
      orientation:
        - [0.996799, 0.07061249, 0.03800357]
        - [-0.02309966, 0.7066823, -0.7071673]
        - [-0.07678938, 0.7039987, 0.7060513]
  tf_mat_link4_0_flan4:
    target_pose:
      position: [0.1095142, -0.5228232, 0.1270794]
      orientation:
        - [1.000019, 4.17549e-09, -6.177052e-05]
        - [-4.367543e-05, -0.7071074, -0.7071198]
        - [-4.368127e-05, 0.7071062, -0.707121]
step_4:
  tf_mat_link1_0_flan1:
    target_pose:
      position: [0.1236862, -0.5222384, -0.128068]
      orientation:
        - [0.996799, 0.07061249, 0.03800357]
        - [-0.02309966, 0.7066823, -0.7071673]
        - [-0.07678938, 0.7039987, 0.7060513]
  tf_mat_link4_0_flan4:
    target_pose:
      position: [0.1095142, -0.5222268, 0.1276758]
      orientation:
        - [1.000019, 4.17549e-09, -6.177052e-05]
        - [-4.367543e-05, -0.7071074, -0.7071198]
        - [-4.368127e-05, 0.7071062, -0.707121]
step_5:
  tf_mat_link1_0_flan1:
    target_pose:
      position: [0.1236863, -0.5216421, -0.1286643]
      orientation:
        - [0.996799, 0.07061249, 0.03800357]
        - [-0.02309966, 0.7066823, -0.7071673]
        - [-0.07678938, 0.7039987, 0.7060513]
  tf_mat_link4_0_flan4:
    target_pose:
      position: [0.1095143, -0.5216305, 0.1282722]
      orientation:
        - [1.000019, 4.17549e-09, -6.177052e-05]
        - [-4.367543e-05, -0.7071074, -0.7071198]
        - [-4.368127e-05, 0.7071062, -0.707121]
step_6:
  tf_mat_link1_0_flan1:
    target_pose:
      position: [0.1236863, -0.5210457, -0.1292607]
      orientation:
        - [0.996799, 0.07061249, 0.03800357]
        - [-0.02309966, 0.7066823, -0.7071673]
        - [-0.07678938, 0.7039987, 0.7060513]
  tf_mat_link4_0_flan4:
    target_pose:
      position: [0.1095143, -0.5210341, 0.1288685]
      orientation:
        - [1.000019, 4.17549e-09, -6.177052e-05]
        - [-4.367543e-05, -0.7071074, -0.7071198]
        - [-4.368127e-05, 0.7071062, -0.707121]
step_7:
  tf_mat_link1_0_flan1:
    target_pose:
      position: [0.1236864, -0.5204494, -0.1298571]
      orientation:
        - [0.996799, 0.07061249, 0.03800357]
        - [-0.02309966, 0.7066823, -0.7071673]
        - [-0.07678938, 0.7039987, 0.7060513]
  tf_mat_link4_0_flan4:
    target_pose:
      position: [0.1095144, -0.5204377, 0.1294649]
      orientation:
        - [1.000019, 4.17549e-09, -6.177052e-05]
        - [-4.367543e-05, -0.7071074, -0.7071198]
        - [-4.368127e-05, 0.7071062, -0.707121]
step_8:
  tf_mat_link1_0_flan1:
    target_pose:
      position: [0.1236864, -0.5198531, -0.1304534]
      orientation:
        - [0.996799, 0.07061249, 0.03800357]
        - [-0.02309966, 0.7066823, -0.7071673]
        - [-0.07678938, 0.7039987, 0.7060513]
  tf_mat_link4_0_flan4:
    target_pose:
      position: [0.1095144, -0.5198414, 0.1300613]
      orientation:
        - [1.000019, 4.17549e-09, -6.177052e-05]
        - [-4.367543e-05, -0.7071074, -0.7071198]
        - [-4.368127e-05, 0.7071062, -0.707121]
step_9:
  tf_mat_link1_0_flan1:
    target_pose:
      position: [0.1236865, -0.5192567, -0.1310498]
      orientation:
        - [0.996799, 0.07061249, 0.03800357]
        - [-0.02309966, 0.7066823, -0.7071673]
        - [-0.07678938, 0.7039987, 0.7060513]
  tf_mat_link4_0_flan4:
    target_pose:
      position: [0.1095145, -0.519245, 0.1306576]
      orientation:
        - [1.000019, 4.17549e-09, -6.177052e-05]
        - [-4.367543e-05, -0.7071074, -0.7071198]
        - [-4.368127e-05, 0.7071062, -0.707121]
step_10:
  tf_mat_link1_0_flan1:
    target_pose:
      position: [0.1236865, -0.5186602, -0.1316462]
      orientation:
        - [0.996799, 0.07061249, 0.03800357]
        - [-0.02309966, 0.7066823, -0.7071673]
        - [-0.07678938, 0.7039987, 0.7060513]
  tf_mat_link4_0_flan4:
    target_pose:
      position: [0.1095145, -0.5186486, 0.131254]
      orientation:
        - [1.000019, 4.17549e-09, -6.177052e-05]
        - [-4.367543e-05, -0.7071074, -0.7071198]
        - [-4.368127e-05, 0.7071062, -0.707121]
step_11:
  tf_mat_link1_0_flan1:
    target_pose:
      position: [0.1236866, -0.5180639, -0.1322425]
      orientation:
        - [0.996799, 0.07061249, 0.03800357]
        - [-0.02309966, 0.7066823, -0.7071673]
        - [-0.07678938, 0.7039987, 0.7060513]
  tf_mat_link4_0_flan4:
    target_pose:
      position: [0.1095146, -0.5180522, 0.1318504]
      orientation:
        - [1.000019, 4.17549e-09, -6.177052e-05]
        - [-4.367543e-05, -0.7071074, -0.7071198]
        - [-4.368127e-05, 0.7071062, -0.707121]
step_12:
  tf_mat_link1_0_flan1:
    target_pose:
      position: [0.1236866, -0.5174676, -0.1328389]
      orientation:
        - [0.996799, 0.07061249, 0.03800357]
        - [-0.02309966, 0.7066823, -0.7071673]
        - [-0.07678938, 0.7039987, 0.7060513]
  tf_mat_link4_0_flan4:
    target_pose:
      position: [0.1095146, -0.5174559, 0.1324467]
      orientation:
        - [1.000019, 4.17549e-09, -6.177052e-05]
        - [-4.367543e-05, -0.7071074, -0.7071198]
        - [-4.368127e-05, 0.7071062, -0.707121]
step_13:
  tf_mat_link1_0_flan1:
    target_pose:
      position: [0.1236867, -0.5168712, -0.1334353]
      orientation:
        - [0.996799, 0.07061249, 0.03800357]
        - [-0.02309966, 0.7066823, -0.7071673]
        - [-0.07678938, 0.7039987, 0.7060513]
  tf_mat_link4_0_flan4:
    target_pose:
      position: [0.1095147, -0.5168595, 0.1330431]
      orientation:
        - [1.000019, 4.17549e-09, -6.177052e-05]
        - [-4.367543e-05, -0.7071074, -0.7071198]
        - [-4.368127e-05, 0.7071062, -0.707121]
step_14:
  tf_mat_link1_0_flan1:
    target_pose:
      position: [0.1236867, -0.5162749, -0.1340316]
      orientation:
        - [0.996799, 0.07061249, 0.03800357]
        - [-0.02309966, 0.7066823, -0.7071673]
        - [-0.07678938, 0.7039987, 0.7060513]
  tf_mat_link4_0_flan4:
    target_pose:
      position: [0.1095147, -0.5162632, 0.1336395]
      orientation:
        - [1.000019, 4.17549e-09, -6.177052e-05]
        - [-4.367543e-05, -0.7071074, -0.7071198]
        - [-4.368127e-05, 0.7071062, -0.707121]
step_15:
  tf_mat_link1_0_flan1:
    target_pose:
      position: [0.1236868, -0.5156785, -0.134628]
      orientation:
        - [0.996799, 0.07061249, 0.03800357]
        - [-0.02309966, 0.7066823, -0.7071673]
        - [-0.07678938, 0.7039987, 0.7060513]
  tf_mat_link4_0_flan4:
    target_pose:
      position: [0.1095148, -0.5156668, 0.1342359]
      orientation:
        - [1.000019, 4.17549e-09, -6.177052e-05]
        - [-4.367543e-05, -0.7071074, -0.7071198]
        - [-4.368127e-05, 0.7071062, -0.707121]
step_16:
  tf_mat_link1_0_flan1:
    target_pose:
      position: [0.1236868, -0.5150821, -0.1352244]
      orientation:
        - [0.996799, 0.07061249, 0.03800357]
        - [-0.02309966, 0.7066823, -0.7071673]
        - [-0.07678938, 0.7039987, 0.7060513]
  tf_mat_link4_0_flan4:
    target_pose:
      position: [0.1095148, -0.5150704, 0.1348322]
      orientation:
        - [1.000019, 4.17549e-09, -6.177052e-05]
        - [-4.367543e-05, -0.7071074, -0.7071198]
        - [-4.368127e-05, 0.7071062, -0.707121]
step_17:
  tf_mat_link1_0_flan1:
    target_pose:
      position: [0.1236869, -0.5144857, -0.1358207]
      orientation:
        - [0.996799, 0.07061249, 0.03800357]
        - [-0.02309966, 0.7066823, -0.7071673]
        - [-0.07678938, 0.7039987, 0.7060513]
  tf_mat_link4_0_flan4:
    target_pose:
      position: [0.1095149, -0.514474, 0.1354286]
      orientation:
        - [1.000019, 4.17549e-09, -6.177052e-05]
        - [-4.367543e-05, -0.7071074, -0.7071198]
        - [-4.368127e-05, 0.7071062, -0.707121]
step_18:
  tf_mat_link1_0_flan1:
    target_pose:
      position: [0.1236869, -0.5138894, -0.1364171]
      orientation:
        - [0.996799, 0.07061249, 0.03800357]
        - [-0.02309966, 0.7066823, -0.7071673]
        - [-0.07678938, 0.7039987, 0.7060513]
  tf_mat_link4_0_flan4:
    target_pose:
      position: [0.1095149, -0.5138777, 0.136025]
      orientation:
        - [1.000019, 4.17549e-09, -6.177052e-05]
        - [-4.367543e-05, -0.7071074, -0.7071198]
        - [-4.368127e-05, 0.7071062, -0.707121]
step_19:
  tf_mat_link1_0_flan1:
    target_pose:
      position: [0.123687, -0.513293, -0.1370135]
      orientation:
        - [0.996799, 0.07061249, 0.03800357]
        - [-0.02309966, 0.7066823, -0.7071673]
        - [-0.07678938, 0.7039987, 0.7060513]
  tf_mat_link4_0_flan4:
    target_pose:
      position: [0.109515, -0.5132813, 0.1366213]
      orientation:
        - [1.000019, 4.17549e-09, -6.177052e-05]
        - [-4.367543e-05, -0.7071074, -0.7071198]
        - [-4.368127e-05, 0.7071062, -0.707121]
step_20:
  tf_mat_link1_0_flan1:
    target_pose:
      position: [0.123687, -0.5126966, -0.1376098]
      orientation:
        - [0.996799, 0.07061249, 0.03800357]
        - [-0.02309966, 0.7066823, -0.7071673]
        - [-0.07678938, 0.7039987, 0.7060513]
  tf_mat_link4_0_flan4:
    target_pose:
      position: [0.109515, -0.5126849, 0.1372177]
      orientation:
        - [1.000019, 4.17549e-09, -6.177052e-05]
        - [-4.367543e-05, -0.7071074, -0.7071198]
        - [-4.368127e-05, 0.7071062, -0.707121]
step_21:
  tf_mat_link1_0_flan1:
    target_pose:
      position: [0.1236871, -0.5121003, -0.1382062]
      orientation:
        - [0.996799, 0.07061249, 0.03800357]
        - [-0.02309966, 0.7066823, -0.7071673]
        - [-0.07678938, 0.7039987, 0.7060513]
  tf_mat_link4_0_flan4:
    target_pose:
      position: [0.1095151, -0.5120887, 0.137814]
      orientation:
        - [1.000019, 4.17549e-09, -6.177052e-05]
        - [-4.367543e-05, -0.7071074, -0.7071198]
        - [-4.368127e-05, 0.7071062, -0.707121]
step_22:
  tf_mat_link1_0_flan1:
    target_pose:
      position: [0.1236871, -0.5115039, -0.1388026]
      orientation:
        - [0.996799, 0.07061249, 0.03800357]
        - [-0.02309966, 0.7066823, -0.7071673]
        - [-0.07678938, 0.7039987, 0.7060513]
  tf_mat_link4_0_flan4:
    target_pose:
      position: [0.1095151, -0.5114922, 0.1384104]
      orientation:
        - [1.000019, 4.17549e-09, -6.177052e-05]
        - [-4.367543e-05, -0.7071074, -0.7071198]
        - [-4.368127e-05, 0.7071062, -0.707121]
step_23:
  tf_mat_link1_0_flan1:
    target_pose:
      position: [0.1236872, -0.5109075, -0.139399]
      orientation:
        - [0.996799, 0.07061249, 0.03800357]
        - [-0.02309966, 0.7066823, -0.7071673]
        - [-0.07678938, 0.7039987, 0.7060513]
  tf_mat_link4_0_flan4:
    target_pose:
      position: [0.1095152, -0.5108958, 0.1390068]
      orientation:
        - [1.000019, 4.17549e-09, -6.177052e-05]
        - [-4.367543e-05, -0.7071074, -0.7071198]
        - [-4.368127e-05, 0.7071062, -0.707121]
step_24:
  tf_mat_link1_0_flan1:
    target_pose:
      position: [0.1236872, -0.5103111, -0.1399953]
      orientation:
        - [0.996799, 0.07061249, 0.03800357]
        - [-0.02309966, 0.7066823, -0.7071673]
        - [-0.07678938, 0.7039987, 0.7060513]
  tf_mat_link4_0_flan4:
    target_pose:
      position: [0.1095152, -0.5102995, 0.1396031]
      orientation:
        - [1.000019, 4.17549e-09, -6.177052e-05]
        - [-4.367543e-05, -0.7071074, -0.7071198]
        - [-4.368127e-05, 0.7071062, -0.707121]
step_25:
  tf_mat_link1_0_flan1:
    target_pose:
      position: [0.1236873, -0.5097148, -0.1405917]
      orientation:
        - [0.996799, 0.07061249, 0.03800357]
        - [-0.02309966, 0.7066823, -0.7071673]
        - [-0.07678938, 0.7039987, 0.7060513]
  tf_mat_link4_0_flan4:
    target_pose:
      position: [0.1095153, -0.5097031, 0.1401995]
      orientation:
        - [1.000019, 4.17549e-09, -6.177052e-05]
        - [-4.367543e-05, -0.7071074, -0.7071198]
        - [-4.368127e-05, 0.7071062, -0.707121]
step_26:
  tf_mat_link1_0_flan1:
    target_pose:
      position: [0.1236873, -0.5091184, -0.1411881]
      orientation:
        - [0.996799, 0.07061249, 0.03800357]
        - [-0.02309966, 0.7066823, -0.7071673]
        - [-0.07678938, 0.7039987, 0.7060513]
  tf_mat_link4_0_flan4:
    target_pose:
      position: [0.1095153, -0.5091068, 0.1407959]
      orientation:
        - [1.000019, 4.17549e-09, -6.177052e-05]
        - [-4.367543e-05, -0.7071074, -0.7071198]
        - [-4.368127e-05, 0.7071062, -0.707121]
step_27:
  tf_mat_link1_0_flan1:
    target_pose:
      position: [0.1236874, -0.5085221, -0.1417844]
      orientation:
        - [0.996799, 0.07061249, 0.03800357]
        - [-0.02309966, 0.7066823, -0.7071673]
        - [-0.07678938, 0.7039987, 0.7060513]
  tf_mat_link4_0_flan4:
    target_pose:
      position: [0.1095154, -0.5085104, 0.1413922]
      orientation:
        - [1.000019, 4.17549e-09, -6.177052e-05]
        - [-4.367543e-05, -0.7071074, -0.7071198]
        - [-4.368127e-05, 0.7071062, -0.707121]
step_28:
  tf_mat_link1_0_flan1:
    target_pose:
      position: [0.1236874, -0.5079257, -0.1423808]
      orientation:
        - [0.996799, 0.07061249, 0.03800357]
        - [-0.02309966, 0.7066823, -0.7071673]
        - [-0.07678938, 0.7039987, 0.7060513]
  tf_mat_link4_0_flan4:
    target_pose:
      position: [0.1095154, -0.5079141, 0.1419886]
      orientation:
        - [1.000019, 4.17549e-09, -6.177052e-05]
        - [-4.367543e-05, -0.7071074, -0.7071198]
        - [-4.368127e-05, 0.7071062, -0.707121]
step_29:
  tf_mat_link1_0_flan1:
    target_pose:
      position: [0.1236875, -0.5073293, -0.1429771]
      orientation:
        - [0.996799, 0.07061249, 0.03800357]
        - [-0.02309966, 0.7066823, -0.7071673]
        - [-0.07678938, 0.7039987, 0.7060513]
  tf_mat_link4_0_flan4:
    target_pose:
      position: [0.1095155, -0.5073177, 0.142585]
      orientation:
        - [1.000019, 4.17549e-09, -6.177052e-05]
        - [-4.367543e-05, -0.7071074, -0.7071198]
        - [-4.368127e-05, 0.7071062, -0.707121]
step_30:
  tf_mat_link1_0_flan1:
    target_pose:
      position: [0.1236875, -0.506733, -0.1435735]
      orientation:
        - [0.996799, 0.07061249, 0.03800357]
        - [-0.02309966, 0.7066823, -0.7071673]
        - [-0.07678938, 0.7039987, 0.7060513]
  tf_mat_link4_0_flan4:
    target_pose:
      position: [0.1095155, -0.5067213, 0.1431813]
      orientation:
        - [1.000019, 4.17549e-09, -6.177052e-05]
        - [-4.367543e-05, -0.7071074, -0.7071198]
        - [-4.368127e-05, 0.7071062, -0.707121]
step_31:
  tf_mat_link1_0_flan1:
    target_pose:
      position: [0.1236876, -0.5061366, -0.1441699]
      orientation:
        - [0.996799, 0.07061249, 0.03800357]
        - [-0.02309966, 0.7066823, -0.7071673]
        - [-0.07678938, 0.7039987, 0.7060513]
  tf_mat_link4_0_flan4:
    target_pose:
      position: [0.1095156, -0.506125, 0.1437777]
      orientation:
        - [1.000019, 4.17549e-09, -6.177052e-05]
        - [-4.367543e-05, -0.7071074, -0.7071198]
        - [-4.368127e-05, 0.7071062, -0.707121]
step_32:
  tf_mat_link1_0_flan1:
    target_pose:
      position: [0.1236876, -0.5055403, -0.1447662]
      orientation:
        - [0.996799, 0.07061249, 0.03800357]
        - [-0.02309966, 0.7066823, -0.7071673]
        - [-0.07678938, 0.7039987, 0.7060513]
  tf_mat_link4_0_flan4:
    target_pose:
      position: [0.1095156, -0.5055286, 0.144374]
      orientation:
        - [1.000019, 4.17549e-09, -6.177052e-05]
        - [-4.367543e-05, -0.7071074, -0.7071198]
        - [-4.368127e-05, 0.7071062, -0.707121]
step_33:
  tf_mat_link1_0_flan1:
    target_pose:
      position: [0.1236877, -0.5049438, -0.1453626]
      orientation:
        - [0.996799, 0.07061249, 0.03800357]
        - [-0.02309966, 0.7066823, -0.7071673]
        - [-0.07678938, 0.7039987, 0.7060513]
  tf_mat_link4_0_flan4:
    target_pose:
      position: [0.1095157, -0.5049322, 0.1449705]
      orientation:
        - [1.000019, 4.17549e-09, -6.177052e-05]
        - [-4.367543e-05, -0.7071074, -0.7071198]
        - [-4.368127e-05, 0.7071062, -0.707121]
step_34:
  tf_mat_link1_0_flan1:
    target_pose:
      position: [0.1236878, -0.5043475, -0.145959]
      orientation:
        - [0.996799, 0.07061249, 0.03800357]
        - [-0.02309966, 0.7066823, -0.7071673]
        - [-0.07678938, 0.7039987, 0.7060513]
  tf_mat_link4_0_flan4:
    target_pose:
      position: [0.1095157, -0.5043359, 0.1455668]
      orientation:
        - [1.000019, 4.17549e-09, -6.177052e-05]
        - [-4.367543e-05, -0.7071074, -0.7071198]
        - [-4.368127e-05, 0.7071062, -0.707121]
step_35:
  tf_mat_link1_0_flan1:
    target_pose:
      position: [0.1236878, -0.5037511, -0.1465553]
      orientation:
        - [0.996799, 0.07061249, 0.03800357]
        - [-0.02309966, 0.7066823, -0.7071673]
        - [-0.07678938, 0.7039987, 0.7060513]
  tf_mat_link4_0_flan4:
    target_pose:
      position: [0.1095158, -0.5037395, 0.1461632]
      orientation:
        - [1.000019, 4.17549e-09, -6.177052e-05]
        - [-4.367543e-05, -0.7071074, -0.7071198]
        - [-4.368127e-05, 0.7071062, -0.707121]
step_36:
  tf_mat_link1_0_flan1:
    target_pose:
      position: [0.1236878, -0.5031548, -0.1471517]
      orientation:
        - [0.996799, 0.07061249, 0.03800357]
        - [-0.02309966, 0.7066823, -0.7071673]
        - [-0.07678938, 0.7039987, 0.7060513]
  tf_mat_link4_0_flan4:
    target_pose:
      position: [0.1095158, -0.5031431, 0.1467596]
      orientation:
        - [1.000019, 4.17549e-09, -6.177052e-05]
        - [-4.367543e-05, -0.7071074, -0.7071198]
        - [-4.368127e-05, 0.7071062, -0.707121]
step_37:
  tf_mat_link1_0_flan1:
    target_pose:
      position: [0.1236879, -0.5025584, -0.1477481]
      orientation:
        - [0.996799, 0.07061249, 0.03800357]
        - [-0.02309966, 0.7066823, -0.7071673]
        - [-0.07678938, 0.7039987, 0.7060513]
  tf_mat_link4_0_flan4:
    target_pose:
      position: [0.1095159, -0.5025467, 0.1473559]
      orientation:
        - [1.000019, 4.17549e-09, -6.177052e-05]
        - [-4.367543e-05, -0.7071074, -0.7071198]
        - [-4.368127e-05, 0.7071062, -0.707121]
step_38:
  tf_mat_link1_0_flan1:
    target_pose:
      position: [0.1236879, -0.5019621, -0.1483444]
      orientation:
        - [0.996799, 0.07061249, 0.03800357]
        - [-0.02309966, 0.7066823, -0.7071673]
        - [-0.07678938, 0.7039987, 0.7060513]
  tf_mat_link4_0_flan4:
    target_pose:
      position: [0.1095159, -0.5019504, 0.1479523]
      orientation:
        - [1.000019, 4.17549e-09, -6.177052e-05]
        - [-4.367543e-05, -0.7071074, -0.7071198]
        - [-4.368127e-05, 0.7071062, -0.707121]
step_39:
  tf_mat_link1_0_flan1:
    target_pose:
      position: [0.123688, -0.5013657, -0.1489408]
      orientation:
        - [0.996799, 0.07061249, 0.03800357]
        - [-0.02309966, 0.7066823, -0.7071673]
        - [-0.07678938, 0.7039987, 0.7060513]
  tf_mat_link4_0_flan4:
    target_pose:
      position: [0.109516, -0.501354, 0.1485486]
      orientation:
        - [1.000019, 4.17549e-09, -6.177052e-05]
        - [-4.367543e-05, -0.7071074, -0.7071198]
        - [-4.368127e-05, 0.7071062, -0.707121]
step_40:
  tf_mat_link1_0_flan1:
    target_pose:
      position: [0.123688, -0.5007693, -0.1495371]
      orientation:
        - [0.996799, 0.07061249, 0.03800357]
        - [-0.02309966, 0.7066823, -0.7071673]
        - [-0.07678938, 0.7039987, 0.7060513]
  tf_mat_link4_0_flan4:
    target_pose:
      position: [0.109516, -0.5007577, 0.149145]
      orientation:
        - [1.000019, 4.17549e-09, -6.177052e-05]
        - [-4.367543e-05, -0.7071074, -0.7071198]
        - [-4.368127e-05, 0.7071062, -0.707121]
step_41:
  tf_mat_link1_0_flan1:
    target_pose:
      position: [0.1236881, -0.5001729, -0.1501335]
      orientation:
        - [0.996799, 0.07061249, 0.03800357]
        - [-0.02309966, 0.7066823, -0.7071673]
        - [-0.07678938, 0.7039987, 0.7060513]
  tf_mat_link4_0_flan4:
    target_pose:
      position: [0.1095161, -0.5001613, 0.1497414]
      orientation:
        - [1.000019, 4.17549e-09, -6.177052e-05]
        - [-4.367543e-05, -0.7071074, -0.7071198]
        - [-4.368127e-05, 0.7071062, -0.707121]
step_42:
  tf_mat_link1_0_flan1:
    target_pose:
      position: [0.1236882, -0.4995766, -0.1507299]
      orientation:
        - [0.996799, 0.07061249, 0.03800357]
        - [-0.02309966, 0.7066823, -0.7071673]
        - [-0.07678938, 0.7039987, 0.7060513]
  tf_mat_link4_0_flan4:
    target_pose:
      position: [0.1095162, -0.4995649, 0.1503377]
      orientation:
        - [1.000019, 4.17549e-09, -6.177052e-05]
        - [-4.367543e-05, -0.7071074, -0.7071198]
        - [-4.368127e-05, 0.7071062, -0.707121]
step_43:
  tf_mat_link1_0_flan1:
    target_pose:
      position: [0.1236882, -0.4989803, -0.1513262]
      orientation:
        - [0.996799, 0.07061249, 0.03800357]
        - [-0.02309966, 0.7066823, -0.7071673]
        - [-0.07678938, 0.7039987, 0.7060513]
  tf_mat_link4_0_flan4:
    target_pose:
      position: [0.1095162, -0.4989686, 0.1509341]
      orientation:
        - [1.000019, 4.17549e-09, -6.177052e-05]
        - [-4.367543e-05, -0.7071074, -0.7071198]
        - [-4.368127e-05, 0.7071062, -0.707121]
step_44:
  tf_mat_link1_0_flan1:
    target_pose:
      position: [0.1236882, -0.4983838, -0.1519226]
      orientation:
        - [0.996799, 0.07061249, 0.03800357]
        - [-0.02309966, 0.7066823, -0.7071673]
        - [-0.07678938, 0.7039987, 0.7060513]
  tf_mat_link4_0_flan4:
    target_pose:
      position: [0.1095162, -0.4983722, 0.1515305]
      orientation:
        - [1.000019, 4.17549e-09, -6.177052e-05]
        - [-4.367543e-05, -0.7071074, -0.7071198]
        - [-4.368127e-05, 0.7071062, -0.707121]
step_45:
  tf_mat_link1_0_flan1:
    target_pose:
      position: [0.1236883, -0.4977875, -0.152519]
      orientation:
        - [0.996799, 0.07061249, 0.03800357]
        - [-0.02309966, 0.7066823, -0.7071673]
        - [-0.07678938, 0.7039987, 0.7060513]
  tf_mat_link4_0_flan4:
    target_pose:
      position: [0.1095163, -0.4977758, 0.1521268]
      orientation:
        - [1.000019, 4.17549e-09, -6.177052e-05]
        - [-4.367543e-05, -0.7071074, -0.7071198]
        - [-4.368127e-05, 0.7071062, -0.707121]
step_46:
  tf_mat_link1_0_flan1:
    target_pose:
      position: [0.1236883, -0.4971911, -0.1531154]
      orientation:
        - [0.996799, 0.07061249, 0.03800357]
        - [-0.02309966, 0.7066823, -0.7071673]
        - [-0.07678938, 0.7039987, 0.7060513]
  tf_mat_link4_0_flan4:
    target_pose:
      position: [0.1095163, -0.4971795, 0.1527232]
      orientation:
        - [1.000019, 4.17549e-09, -6.177052e-05]
        - [-4.367543e-05, -0.7071074, -0.7071198]
        - [-4.368127e-05, 0.7071062, -0.707121]
step_47:
  tf_mat_link1_0_flan1:
    target_pose:
      position: [0.1236884, -0.4965948, -0.1537118]
      orientation:
        - [0.996799, 0.07061249, 0.03800357]
        - [-0.02309966, 0.7066823, -0.7071673]
        - [-0.07678938, 0.7039987, 0.7060513]
  tf_mat_link4_0_flan4:
    target_pose:
      position: [0.1095164, -0.4965831, 0.1533196]
      orientation:
        - [1.000019, 4.17549e-09, -6.177052e-05]
        - [-4.367543e-05, -0.7071074, -0.7071198]
        - [-4.368127e-05, 0.7071062, -0.707121]
step_48:
  tf_mat_link1_0_flan1:
    target_pose:
      position: [0.1236885, -0.4959984, -0.1543081]
      orientation:
        - [0.996799, 0.07061249, 0.03800357]
        - [-0.02309966, 0.7066823, -0.7071673]
        - [-0.07678938, 0.7039987, 0.7060513]
  tf_mat_link4_0_flan4:
    target_pose:
      position: [0.1095164, -0.4959867, 0.153916]
      orientation:
        - [1.000019, 4.17549e-09, -6.177052e-05]
        - [-4.367543e-05, -0.7071074, -0.7071198]
        - [-4.368127e-05, 0.7071062, -0.707121]
step_49:
  tf_mat_link1_0_flan1:
    target_pose:
      position: [0.1236885, -0.495402, -0.1549045]
      orientation:
        - [0.996799, 0.07061249, 0.03800357]
        - [-0.02309966, 0.7066823, -0.7071673]
        - [-0.07678938, 0.7039987, 0.7060513]
  tf_mat_link4_0_flan4:
    target_pose:
      position: [0.1095165, -0.4953904, 0.1545123]
      orientation:
        - [1.000019, 4.17549e-09, -6.177052e-05]
        - [-4.367543e-05, -0.7071074, -0.7071198]
        - [-4.368127e-05, 0.7071062, -0.707121]
step_50:
  tf_mat_link1_0_flan1:
    target_pose:
      position: [0.1236886, -0.4948057, -0.1555008]
      orientation:
        - [0.996799, 0.07061249, 0.03800357]
        - [-0.02309966, 0.7066823, -0.7071673]
        - [-0.07678938, 0.7039987, 0.7060513]
  tf_mat_link4_0_flan4:
    target_pose:
      position: [0.1095166, -0.494794, 0.1551087]
      orientation:
        - [1.000019, 4.17549e-09, -6.177052e-05]
        - [-4.367543e-05, -0.7071074, -0.7071198]
        - [-4.368127e-05, 0.7071062, -0.707121]
step_51:
  tf_mat_link1_0_flan1:
    target_pose:
      position: [0.1236886, -0.4942093, -0.1560972]
      orientation:
        - [0.996799, 0.07061249, 0.03800357]
        - [-0.02309966, 0.7066823, -0.7071673]
        - [-0.07678938, 0.7039987, 0.7060513]
  tf_mat_link4_0_flan4:
    target_pose:
      position: [0.1095166, -0.4941976, 0.155705]
      orientation:
        - [1.000019, 4.17549e-09, -6.177052e-05]
        - [-4.367543e-05, -0.7071074, -0.7071198]
        - [-4.368127e-05, 0.7071062, -0.707121]
step_52:
  tf_mat_link1_0_flan1:
    target_pose:
      position: [0.1236886, -0.4936129, -0.1566936]
      orientation:
        - [0.996799, 0.07061249, 0.03800357]
        - [-0.02309966, 0.7066823, -0.7071673]
        - [-0.07678938, 0.7039987, 0.7060513]
  tf_mat_link4_0_flan4:
    target_pose:
      position: [0.1095166, -0.4936013, 0.1563014]
      orientation:
        - [1.000019, 4.17549e-09, -6.177052e-05]
        - [-4.367543e-05, -0.7071074, -0.7071198]
        - [-4.368127e-05, 0.7071062, -0.707121]
step_53:
  tf_mat_link1_0_flan1:
    target_pose:
      position: [0.1236887, -0.4930166, -0.1572899]
      orientation:
        - [0.996799, 0.07061249, 0.03800357]
        - [-0.02309966, 0.7066823, -0.7071673]
        - [-0.07678938, 0.7039987, 0.7060513]
  tf_mat_link4_0_flan4:
    target_pose:
      position: [0.1095167, -0.4930049, 0.1568978]
      orientation:
        - [1.000019, 4.17549e-09, -6.177052e-05]
        - [-4.367543e-05, -0.7071074, -0.7071198]
        - [-4.368127e-05, 0.7071062, -0.707121]
step_54:
  tf_mat_link1_0_flan1:
    target_pose:
      position: [0.1236887, -0.4924202, -0.1578863]
      orientation:
        - [0.996799, 0.07061249, 0.03800357]
        - [-0.02309966, 0.7066823, -0.7071673]
        - [-0.07678938, 0.7039987, 0.7060513]
  tf_mat_link4_0_flan4:
    target_pose:
      position: [0.1095167, -0.4924085, 0.1574941]
      orientation:
        - [1.000019, 4.17549e-09, -6.177052e-05]
        - [-4.367543e-05, -0.7071074, -0.7071198]
        - [-4.368127e-05, 0.7071062, -0.707121]
step_55:
  tf_mat_link1_0_flan1:
    target_pose:
      position: [0.1236888, -0.4918238, -0.1584827]
      orientation:
        - [0.996799, 0.07061249, 0.03800357]
        - [-0.02309966, 0.7066823, -0.7071673]
        - [-0.07678938, 0.7039987, 0.7060513]
  tf_mat_link4_0_flan4:
    target_pose:
      position: [0.1095168, -0.4918121, 0.1580905]
      orientation:
        - [1.000019, 4.17549e-09, -6.177052e-05]
        - [-4.367543e-05, -0.7071074, -0.7071198]
        - [-4.368127e-05, 0.7071062, -0.707121]
step_56:
  tf_mat_link1_0_flan1:
    target_pose:
      position: [0.1236889, -0.4912275, -0.159079]
      orientation:
        - [0.996799, 0.07061249, 0.03800357]
        - [-0.02309966, 0.7066823, -0.7071673]
        - [-0.07678938, 0.7039987, 0.7060513]
  tf_mat_link4_0_flan4:
    target_pose:
      position: [0.1095169, -0.4912158, 0.1586869]
      orientation:
        - [1.000019, 4.17549e-09, -6.177052e-05]
        - [-4.367543e-05, -0.7071074, -0.7071198]
        - [-4.368127e-05, 0.7071062, -0.707121]
step_57:
  tf_mat_link1_0_flan1:
    target_pose:
      position: [0.1236889, -0.4906311, -0.1596754]
      orientation:
        - [0.996799, 0.07061249, 0.03800357]
        - [-0.02309966, 0.7066823, -0.7071673]
        - [-0.07678938, 0.7039987, 0.7060513]
  tf_mat_link4_0_flan4:
    target_pose:
      position: [0.1095169, -0.4906194, 0.1592833]
      orientation:
        - [1.000019, 4.17549e-09, -6.177052e-05]
        - [-4.367543e-05, -0.7071074, -0.7071198]
        - [-4.368127e-05, 0.7071062, -0.707121]
step_58:
  tf_mat_link1_0_flan1:
    target_pose:
      position: [0.123689, -0.4900347, -0.1602718]
      orientation:
        - [0.996799, 0.07061249, 0.03800357]
        - [-0.02309966, 0.7066823, -0.7071673]
        - [-0.07678938, 0.7039987, 0.7060513]
  tf_mat_link4_0_flan4:
    target_pose:
      position: [0.109517, -0.490023, 0.1598796]
      orientation:
        - [1.000019, 4.17549e-09, -6.177052e-05]
        - [-4.367543e-05, -0.7071074, -0.7071198]
        - [-4.368127e-05, 0.7071062, -0.707121]
step_59:
  tf_mat_link1_0_flan1:
    target_pose:
      position: [0.123689, -0.4894384, -0.1608681]
      orientation:
        - [0.996799, 0.07061249, 0.03800357]
        - [-0.02309966, 0.7066823, -0.7071673]
        - [-0.07678938, 0.7039987, 0.7060513]
  tf_mat_link4_0_flan4:
    target_pose:
      position: [0.109517, -0.4894267, 0.160476]
      orientation:
        - [1.000019, 4.17549e-09, -6.177052e-05]
        - [-4.367543e-05, -0.7071074, -0.7071198]
        - [-4.368127e-05, 0.7071062, -0.707121]
step_60:
  tf_mat_link1_0_flan1:
    target_pose:
      position: [0.1236891, -0.488842, -0.1614645]
      orientation:
        - [0.996799, 0.07061249, 0.03800357]
        - [-0.02309966, 0.7066823, -0.7071673]
        - [-0.07678938, 0.7039987, 0.7060513]
  tf_mat_link4_0_flan4:
    target_pose:
      position: [0.1095171, -0.4888303, 0.1610724]
      orientation:
        - [1.000019, 4.17549e-09, -6.177052e-05]
        - [-4.367543e-05, -0.7071074, -0.7071198]
        - [-4.368127e-05, 0.7071062, -0.707121]
step_61:
  tf_mat_link1_0_flan1:
    target_pose:
      position: [0.1236891, -0.4882456, -0.1620609]
      orientation:
        - [0.996799, 0.07061249, 0.03800357]
        - [-0.02309966, 0.7066823, -0.7071673]
        - [-0.07678938, 0.7039987, 0.7060513]
  tf_mat_link4_0_flan4:
    target_pose:
      position: [0.1095171, -0.488234, 0.1616687]
      orientation:
        - [1.000019, 4.17549e-09, -6.177052e-05]
        - [-4.367543e-05, -0.7071074, -0.7071198]
        - [-4.368127e-05, 0.7071062, -0.707121]
step_62:
  tf_mat_link1_0_flan1:
    target_pose:
      position: [0.1236892, -0.4876492, -0.1626573]
      orientation:
        - [0.996799, 0.07061249, 0.03800357]
        - [-0.02309966, 0.7066823, -0.7071673]
        - [-0.07678938, 0.7039987, 0.7060513]
  tf_mat_link4_0_flan4:
    target_pose:
      position: [0.1095172, -0.4876376, 0.1622651]
      orientation:
        - [1.000019, 4.17549e-09, -6.177052e-05]
        - [-4.367543e-05, -0.7071074, -0.7071198]
        - [-4.368127e-05, 0.7071062, -0.707121]
step_63:
  tf_mat_link1_0_flan1:
    target_pose:
      position: [0.1236892, -0.4870529, -0.1632536]
      orientation:
        - [0.996799, 0.07061249, 0.03800357]
        - [-0.02309966, 0.7066823, -0.7071673]
        - [-0.07678938, 0.7039987, 0.7060513]
  tf_mat_link4_0_flan4:
    target_pose:
      position: [0.1095172, -0.4870413, 0.1628614]
      orientation:
        - [1.000019, 4.17549e-09, -6.177052e-05]
        - [-4.367543e-05, -0.7071074, -0.7071198]
        - [-4.368127e-05, 0.7071062, -0.707121]
step_64:
  tf_mat_link1_0_flan1:
    target_pose:
      position: [0.1236893, -0.4864565, -0.1638499]
      orientation:
        - [0.996799, 0.07061249, 0.03800357]
        - [-0.02309966, 0.7066823, -0.7071673]
        - [-0.07678938, 0.7039987, 0.7060513]
  tf_mat_link4_0_flan4:
    target_pose:
      position: [0.1095173, -0.4864449, 0.1634578]
      orientation:
        - [1.000019, 4.17549e-09, -6.177052e-05]
        - [-4.367543e-05, -0.7071074, -0.7071198]
        - [-4.368127e-05, 0.7071062, -0.707121]
step_65:
  tf_mat_link1_0_flan1:
    target_pose:
      position: [0.1236893, -0.4858602, -0.1644463]
      orientation:
        - [0.996799, 0.07061249, 0.03800357]
        - [-0.02309966, 0.7066823, -0.7071673]
        - [-0.07678938, 0.7039987, 0.7060513]
  tf_mat_link4_0_flan4:
    target_pose:
      position: [0.1095173, -0.4858486, 0.1640541]
      orientation:
        - [1.000019, 4.17549e-09, -6.177052e-05]
        - [-4.367543e-05, -0.7071074, -0.7071198]
        - [-4.368127e-05, 0.7071062, -0.707121]
step_66:
  tf_mat_link1_0_flan1:
    target_pose:
      position: [0.1236894, -0.4852638, -0.1650427]
      orientation:
        - [0.996799, 0.07061249, 0.03800357]
        - [-0.02309966, 0.7066823, -0.7071673]
        - [-0.07678938, 0.7039987, 0.7060513]
  tf_mat_link4_0_flan4:
    target_pose:
      position: [0.1095174, -0.4852521, 0.1646505]
      orientation:
        - [1.000019, 4.17549e-09, -6.177052e-05]
        - [-4.367543e-05, -0.7071074, -0.7071198]
        - [-4.368127e-05, 0.7071062, -0.707121]
step_67:
  tf_mat_link1_0_flan1:
    target_pose:
      position: [0.1236894, -0.4846674, -0.1656391]
      orientation:
        - [0.996799, 0.07061249, 0.03800357]
        - [-0.02309966, 0.7066823, -0.7071673]
        - [-0.07678938, 0.7039987, 0.7060513]
  tf_mat_link4_0_flan4:
    target_pose:
      position: [0.1095174, -0.4846558, 0.1652469]
      orientation:
        - [1.000019, 4.17549e-09, -6.177052e-05]
        - [-4.367543e-05, -0.7071074, -0.7071198]
        - [-4.368127e-05, 0.7071062, -0.707121]
step_68:
  tf_mat_link1_0_flan1:
    target_pose:
      position: [0.1236895, -0.484071, -0.1662355]
      orientation:
        - [0.996799, 0.07061249, 0.03800357]
        - [-0.02309966, 0.7066823, -0.7071673]
        - [-0.07678938, 0.7039987, 0.7060513]
  tf_mat_link4_0_flan4:
    target_pose:
      position: [0.1095175, -0.4840594, 0.1658433]
      orientation:
        - [1.000019, 4.17549e-09, -6.177052e-05]
        - [-4.367543e-05, -0.7071074, -0.7071198]
        - [-4.368127e-05, 0.7071062, -0.707121]
step_69:
  tf_mat_link1_0_flan1:
    target_pose:
      position: [0.1236895, -0.4834747, -0.1668318]
      orientation:
        - [0.996799, 0.07061249, 0.03800357]
        - [-0.02309966, 0.7066823, -0.7071673]
        - [-0.07678938, 0.7039987, 0.7060513]
  tf_mat_link4_0_flan4:
    target_pose:
      position: [0.1095175, -0.483463, 0.1664396]
      orientation:
        - [1.000019, 4.17549e-09, -6.177052e-05]
        - [-4.367543e-05, -0.7071074, -0.7071198]
        - [-4.368127e-05, 0.7071062, -0.707121]
step_70:
  tf_mat_link1_0_flan1:
    target_pose:
      position: [0.1236896, -0.4828783, -0.1674282]
      orientation:
        - [0.996799, 0.07061249, 0.03800357]
        - [-0.02309966, 0.7066823, -0.7071673]
        - [-0.07678938, 0.7039987, 0.7060513]
  tf_mat_link4_0_flan4:
    target_pose:
      position: [0.1095176, -0.4828667, 0.167036]
      orientation:
        - [1.000019, 4.17549e-09, -6.177052e-05]
        - [-4.367543e-05, -0.7071074, -0.7071198]
        - [-4.368127e-05, 0.7071062, -0.707121]
step_71:
  tf_mat_link1_0_flan1:
    target_pose:
      position: [0.1236896, -0.482282, -0.1680245]
      orientation:
        - [0.996799, 0.07061249, 0.03800357]
        - [-0.02309966, 0.7066823, -0.7071673]
        - [-0.07678938, 0.7039987, 0.7060513]
  tf_mat_link4_0_flan4:
    target_pose:
      position: [0.1095176, -0.4822703, 0.1676324]
      orientation:
        - [1.000019, 4.17549e-09, -6.177052e-05]
        - [-4.367543e-05, -0.7071074, -0.7071198]
        - [-4.368127e-05, 0.7071062, -0.707121]
step_72:
  tf_mat_link1_0_flan1:
    target_pose:
      position: [0.1236897, -0.4816856, -0.1686209]
      orientation:
        - [0.996799, 0.07061249, 0.03800357]
        - [-0.02309966, 0.7066823, -0.7071673]
        - [-0.07678938, 0.7039987, 0.7060513]
  tf_mat_link4_0_flan4:
    target_pose:
      position: [0.1095177, -0.4816739, 0.1682287]
      orientation:
        - [1.000019, 4.17549e-09, -6.177052e-05]
        - [-4.367543e-05, -0.7071074, -0.7071198]
        - [-4.368127e-05, 0.7071062, -0.707121]
step_73:
  tf_mat_link1_0_flan1:
    target_pose:
      position: [0.1236897, -0.4810892, -0.1692173]
      orientation:
        - [0.996799, 0.07061249, 0.03800357]
        - [-0.02309966, 0.7066823, -0.7071673]
        - [-0.07678938, 0.7039987, 0.7060513]
  tf_mat_link4_0_flan4:
    target_pose:
      position: [0.1095177, -0.4810776, 0.1688251]
      orientation:
        - [1.000019, 4.17549e-09, -6.177052e-05]
        - [-4.367543e-05, -0.7071074, -0.7071198]
        - [-4.368127e-05, 0.7071062, -0.707121]
step_74:
  tf_mat_link1_0_flan1:
    target_pose:
      position: [0.1236898, -0.4804929, -0.1698136]
      orientation:
        - [0.996799, 0.07061249, 0.03800357]
        - [-0.02309966, 0.7066823, -0.7071673]
        - [-0.07678938, 0.7039987, 0.7060513]
  tf_mat_link4_0_flan4:
    target_pose:
      position: [0.1095178, -0.4804812, 0.1694214]
      orientation:
        - [1.000019, 4.17549e-09, -6.177052e-05]
        - [-4.367543e-05, -0.7071074, -0.7071198]
        - [-4.368127e-05, 0.7071062, -0.707121]
step_75:
  tf_mat_link1_0_flan1:
    target_pose:
      position: [0.1236898, -0.4798965, -0.17041]
      orientation:
        - [0.996799, 0.07061249, 0.03800357]
        - [-0.02309966, 0.7066823, -0.7071673]
        - [-0.07678938, 0.7039987, 0.7060513]
  tf_mat_link4_0_flan4:
    target_pose:
      position: [0.1095178, -0.4798848, 0.1700178]
      orientation:
        - [1.000019, 4.17549e-09, -6.177052e-05]
        - [-4.367543e-05, -0.7071074, -0.7071198]
        - [-4.368127e-05, 0.7071062, -0.707121]
step_76:
  tf_mat_link1_0_flan1:
    target_pose:
      position: [0.1236899, -0.4793002, -0.1710063]
      orientation:
        - [0.996799, 0.07061249, 0.03800357]
        - [-0.02309966, 0.7066823, -0.7071673]
        - [-0.07678938, 0.7039987, 0.7060513]
  tf_mat_link4_0_flan4:
    target_pose:
      position: [0.1095179, -0.4792885, 0.1706142]
      orientation:
        - [1.000019, 4.17549e-09, -6.177052e-05]
        - [-4.367543e-05, -0.7071074, -0.7071198]
        - [-4.368127e-05, 0.7071062, -0.707121]
step_77:
  tf_mat_link1_0_flan1:
    target_pose:
      position: [0.1236899, -0.4787038, -0.1716027]
      orientation:
        - [0.996799, 0.07061249, 0.03800357]
        - [-0.02309966, 0.7066823, -0.7071673]
