step_0:
  tf_mat_link1_0_flan1:
    target_pose:
      position: [-0.231557, -0.4771251, -0.1780723]
      orientation:
        - [0.969788, 0.1603802, 0.1838268]
        - [-0.006372982, 0.7699255, -0.6381027]
        - [-0.2438717, 0.6176512, 0.7476865]
  tf_mat_link4_0_flan4:
    target_pose:
      position: [-0.1483279, -0.3955628, 0.2382551]
      orientation:
        - [0.9849846, 0.09133629, 0.1465116]
        - [0.171012, -0.6327436, -0.7552429]
        - [0.02372328, 0.7689559, -0.6388622]
step_1:
  tf_mat_link1_0_flan1:
    target_pose:
      position: [-0.2314095, -0.4777682, -0.177312]
      orientation:
        - [0.969788, 0.1603802, 0.1838268]
        - [-0.006372982, 0.7699255, -0.6381027]
        - [-0.2438717, 0.6176512, 0.7476865]
  tf_mat_link4_0_flan4:
    target_pose:
      position: [-0.1481804, -0.3963231, 0.2376119]
      orientation:
        - [0.9849846, 0.09133629, 0.1465116]
        - [0.171012, -0.6327436, -0.7552429]
        - [0.02372328, 0.7689559, -0.6388622]
step_2:
  tf_mat_link1_0_flan1:
    target_pose:
      position: [-0.2312621, -0.4784114, -0.1765517]
      orientation:
        - [0.969788, 0.1603802, 0.1838268]
        - [-0.006372982, 0.7699255, -0.6381027]
        - [-0.2438717, 0.6176512, 0.7476865]
  tf_mat_link4_0_flan4:
    target_pose:
      position: [-0.1480329, -0.3970834, 0.2369688]
      orientation:
        - [0.9849846, 0.09133629, 0.1465116]
        - [0.171012, -0.6327436, -0.7552429]
        - [0.02372328, 0.7689559, -0.6388622]
step_3:
  tf_mat_link1_0_flan1:
    target_pose:
      position: [-0.2311146, -0.4790545, -0.1757914]
      orientation:
        - [0.969788, 0.1603802, 0.1838268]
        - [-0.006372982, 0.7699255, -0.6381027]
        - [-0.2438717, 0.6176512, 0.7476865]
  tf_mat_link4_0_flan4:
    target_pose:
      position: [-0.1478854, -0.3978437, 0.2363256]
      orientation:
        - [0.9849846, 0.09133629, 0.1465116]
        - [0.171012, -0.6327436, -0.7552429]
        - [0.02372328, 0.7689559, -0.6388622]
step_4:
  tf_mat_link1_0_flan1:
    target_pose:
      position: [-0.230967, -0.4796977, -0.1750311]
      orientation:
        - [0.969788, 0.1603802, 0.1838268]
        - [-0.006372982, 0.7699255, -0.6381027]
        - [-0.2438717, 0.6176512, 0.7476865]
  tf_mat_link4_0_flan4:
    target_pose:
      position: [-0.1477379, -0.398604, 0.2356824]
      orientation:
        - [0.9849846, 0.09133629, 0.1465116]
        - [0.171012, -0.6327436, -0.7552429]
        - [0.02372328, 0.7689559, -0.6388622]
step_5:
  tf_mat_link1_0_flan1:
    target_pose:
      position: [-0.2308196, -0.4803409, -0.1742707]
      orientation:
        - [0.969788, 0.1603802, 0.1838268]
        - [-0.006372982, 0.7699255, -0.6381027]
        - [-0.2438717, 0.6176512, 0.7476865]
  tf_mat_link4_0_flan4:
    target_pose:
      position: [-0.1475904, -0.3993644, 0.2350393]
      orientation:
        - [0.9849846, 0.09133629, 0.1465116]
        - [0.171012, -0.6327436, -0.7552429]
        - [0.02372328, 0.7689559, -0.6388622]
step_6:
  tf_mat_link1_0_flan1:
    target_pose:
      position: [-0.2306721, -0.4809841, -0.1735105]
      orientation:
        - [0.969788, 0.1603802, 0.1838268]
        - [-0.006372982, 0.7699255, -0.6381027]
        - [-0.2438717, 0.6176512, 0.7476865]
  tf_mat_link4_0_flan4:
    target_pose:
      position: [-0.1474429, -0.4001246, 0.2343962]
      orientation:
        - [0.9849846, 0.09133629, 0.1465116]
        - [0.171012, -0.6327436, -0.7552429]
        - [0.02372328, 0.7689559, -0.6388622]
step_7:
  tf_mat_link1_0_flan1:
    target_pose:
      position: [-0.2305246, -0.4816271, -0.1727502]
      orientation:
        - [0.969788, 0.1603802, 0.1838268]
        - [-0.006372982, 0.7699255, -0.6381027]
        - [-0.2438717, 0.6176512, 0.7476865]
  tf_mat_link4_0_flan4:
    target_pose:
      position: [-0.1472954, -0.400885, 0.233753]
      orientation:
        - [0.9849846, 0.09133629, 0.1465116]
        - [0.171012, -0.6327436, -0.7552429]
        - [0.02372328, 0.7689559, -0.6388622]
step_8:
  tf_mat_link1_0_flan1:
    target_pose:
      position: [-0.230377, -0.4822703, -0.1719898]
      orientation:
        - [0.969788, 0.1603802, 0.1838268]
        - [-0.006372982, 0.7699255, -0.6381027]
        - [-0.2438717, 0.6176512, 0.7476865]
  tf_mat_link4_0_flan4:
    target_pose:
      position: [-0.1471479, -0.4016452, 0.2331099]
      orientation:
        - [0.9849846, 0.09133629, 0.1465116]
        - [0.171012, -0.6327436, -0.7552429]
        - [0.02372328, 0.7689559, -0.6388622]
step_9:
  tf_mat_link1_0_flan1:
    target_pose:
      position: [-0.2302296, -0.4829135, -0.1712295]
      orientation:
        - [0.969788, 0.1603802, 0.1838268]
        - [-0.006372982, 0.7699255, -0.6381027]
        - [-0.2438717, 0.6176512, 0.7476865]
  tf_mat_link4_0_flan4:
    target_pose:
      position: [-0.1470004, -0.4024056, 0.2324667]
      orientation:
        - [0.9849846, 0.09133629, 0.1465116]
        - [0.171012, -0.6327436, -0.7552429]
        - [0.02372328, 0.7689559, -0.6388622]
step_10:
  tf_mat_link1_0_flan1:
    target_pose:
      position: [-0.2300821, -0.4835566, -0.1704692]
      orientation:
        - [0.969788, 0.1603802, 0.1838268]
        - [-0.006372982, 0.7699255, -0.6381027]
        - [-0.2438717, 0.6176512, 0.7476865]
  tf_mat_link4_0_flan4:
    target_pose:
      position: [-0.146853, -0.4031658, 0.2318236]
      orientation:
        - [0.9849846, 0.09133629, 0.1465116]
        - [0.171012, -0.6327436, -0.7552429]
        - [0.02372328, 0.7689559, -0.6388622]
step_11:
  tf_mat_link1_0_flan1:
    target_pose:
      position: [-0.2299346, -0.4841997, -0.1697089]
      orientation:
        - [0.969788, 0.1603802, 0.1838268]
        - [-0.006372982, 0.7699255, -0.6381027]
        - [-0.2438717, 0.6176512, 0.7476865]
  tf_mat_link4_0_flan4:
    target_pose:
      position: [-0.1467055, -0.4039262, 0.2311804]
      orientation:
        - [0.9849846, 0.09133629, 0.1465116]
        - [0.171012, -0.6327436, -0.7552429]
        - [0.02372328, 0.7689559, -0.6388622]
step_12:
  tf_mat_link1_0_flan1:
    target_pose:
      position: [-0.2297871, -0.4848429, -0.1689486]
      orientation:
        - [0.969788, 0.1603802, 0.1838268]
        - [-0.006372982, 0.7699255, -0.6381027]
        - [-0.2438717, 0.6176512, 0.7476865]
  tf_mat_link4_0_flan4:
    target_pose:
      position: [-0.146558, -0.4046865, 0.2305373]
      orientation:
        - [0.9849846, 0.09133629, 0.1465116]
        - [0.171012, -0.6327436, -0.7552429]
        - [0.02372328, 0.7689559, -0.6388622]
step_13:
  tf_mat_link1_0_flan1:
    target_pose:
      position: [-0.2296396, -0.485486, -0.1681883]
      orientation:
        - [0.969788, 0.1603802, 0.1838268]
        - [-0.006372982, 0.7699255, -0.6381027]
        - [-0.2438717, 0.6176512, 0.7476865]
  tf_mat_link4_0_flan4:
    target_pose:
      position: [-0.1464105, -0.4054468, 0.2298941]
      orientation:
        - [0.9849846, 0.09133629, 0.1465116]
        - [0.171012, -0.6327436, -0.7552429]
        - [0.02372328, 0.7689559, -0.6388622]
step_14:
  tf_mat_link1_0_flan1:
    target_pose:
      position: [-0.2294921, -0.4861292, -0.167428]
      orientation:
        - [0.969788, 0.1603802, 0.1838268]
        - [-0.006372982, 0.7699255, -0.6381027]
        - [-0.2438717, 0.6176512, 0.7476865]
  tf_mat_link4_0_flan4:
    target_pose:
      position: [-0.146263, -0.4062071, 0.229251]
      orientation:
        - [0.9849846, 0.09133629, 0.1465116]
        - [0.171012, -0.6327436, -0.7552429]
        - [0.02372328, 0.7689559, -0.6388622]
step_15:
  tf_mat_link1_0_flan1:
    target_pose:
      position: [-0.2293446, -0.4867723, -0.1666677]
      orientation:
        - [0.969788, 0.1603802, 0.1838268]
        - [-0.006372982, 0.7699255, -0.6381027]
        - [-0.2438717, 0.6176512, 0.7476865]
  tf_mat_link4_0_flan4:
    target_pose:
      position: [-0.1461155, -0.4069674, 0.2286079]
      orientation:
        - [0.9849846, 0.09133629, 0.1465116]
        - [0.171012, -0.6327436, -0.7552429]
        - [0.02372328, 0.7689559, -0.6388622]
step_16:
  tf_mat_link1_0_flan1:
    target_pose:
      position: [-0.2291971, -0.4874155, -0.1659074]
      orientation:
        - [0.969788, 0.1603802, 0.1838268]
        - [-0.006372982, 0.7699255, -0.6381027]
        - [-0.2438717, 0.6176512, 0.7476865]
  tf_mat_link4_0_flan4:
    target_pose:
      position: [-0.145968, -0.4077277, 0.2279647]
      orientation:
        - [0.9849846, 0.09133629, 0.1465116]
        - [0.171012, -0.6327436, -0.7552429]
        - [0.02372328, 0.7689559, -0.6388622]
step_17:
  tf_mat_link1_0_flan1:
    target_pose:
      position: [-0.2290496, -0.4880587, -0.165147]
      orientation:
        - [0.969788, 0.1603802, 0.1838268]
        - [-0.006372982, 0.7699255, -0.6381027]
        - [-0.2438717, 0.6176512, 0.7476865]
  tf_mat_link4_0_flan4:
    target_pose:
      position: [-0.1458205, -0.4084881, 0.2273215]
      orientation:
        - [0.9849846, 0.09133629, 0.1465116]
        - [0.171012, -0.6327436, -0.7552429]
        - [0.02372328, 0.7689559, -0.6388622]
step_18:
  tf_mat_link1_0_flan1:
    target_pose:
      position: [-0.2289021, -0.4887018, -0.1643867]
      orientation:
        - [0.969788, 0.1603802, 0.1838268]
        - [-0.006372982, 0.7699255, -0.6381027]
        - [-0.2438717, 0.6176512, 0.7476865]
  tf_mat_link4_0_flan4:
    target_pose:
      position: [-0.145673, -0.4092484, 0.2266784]
      orientation:
        - [0.9849846, 0.09133629, 0.1465116]
        - [0.171012, -0.6327436, -0.7552429]
        - [0.02372328, 0.7689559, -0.6388622]
step_19:
  tf_mat_link1_0_flan1:
    target_pose:
      position: [-0.2287546, -0.4893449, -0.1636264]
      orientation:
        - [0.969788, 0.1603802, 0.1838268]
        - [-0.006372982, 0.7699255, -0.6381027]
        - [-0.2438717, 0.6176512, 0.7476865]
  tf_mat_link4_0_flan4:
    target_pose:
      position: [-0.1455255, -0.4100087, 0.2260352]
      orientation:
        - [0.9849846, 0.09133629, 0.1465116]
        - [0.171012, -0.6327436, -0.7552429]
        - [0.02372328, 0.7689559, -0.6388622]
step_20:
  tf_mat_link1_0_flan1:
    target_pose:
      position: [-0.2286071, -0.4899881, -0.1628661]
      orientation:
        - [0.969788, 0.1603802, 0.1838268]
        - [-0.006372982, 0.7699255, -0.6381027]
        - [-0.2438717, 0.6176512, 0.7476865]
  tf_mat_link4_0_flan4:
    target_pose:
      position: [-0.145378, -0.410769, 0.2253921]
      orientation:
        - [0.9849846, 0.09133629, 0.1465116]
        - [0.171012, -0.6327436, -0.7552429]
        - [0.02372328, 0.7689559, -0.6388622]
step_21:
  tf_mat_link1_0_flan1:
    target_pose:
      position: [-0.2284596, -0.4906313, -0.1621058]
      orientation:
        - [0.969788, 0.1603802, 0.1838268]
        - [-0.006372982, 0.7699255, -0.6381027]
        - [-0.2438717, 0.6176512, 0.7476865]
  tf_mat_link4_0_flan4:
    target_pose:
      position: [-0.1452305, -0.4115293, 0.2247489]
      orientation:
        - [0.9849846, 0.09133629, 0.1465116]
        - [0.171012, -0.6327436, -0.7552429]
        - [0.02372328, 0.7689559, -0.6388622]
step_22:
  tf_mat_link1_0_flan1:
    target_pose:
      position: [-0.2283121, -0.4912744, -0.1613455]
      orientation:
        - [0.969788, 0.1603802, 0.1838268]
        - [-0.006372982, 0.7699255, -0.6381027]
        - [-0.2438717, 0.6176512, 0.7476865]
  tf_mat_link4_0_flan4:
    target_pose:
      position: [-0.145083, -0.4122896, 0.2241058]
      orientation:
        - [0.9849846, 0.09133629, 0.1465116]
        - [0.171012, -0.6327436, -0.7552429]
        - [0.02372328, 0.7689559, -0.6388622]
step_23:
  tf_mat_link1_0_flan1:
    target_pose:
      position: [-0.2281646, -0.4919175, -0.1605852]
      orientation:
        - [0.969788, 0.1603802, 0.1838268]
        - [-0.006372982, 0.7699255, -0.6381027]
        - [-0.2438717, 0.6176512, 0.7476865]
  tf_mat_link4_0_flan4:
    target_pose:
      position: [-0.1449355, -0.4130499, 0.2234626]
      orientation:
        - [0.9849846, 0.09133629, 0.1465116]
        - [0.171012, -0.6327436, -0.7552429]
        - [0.02372328, 0.7689559, -0.6388622]
step_24:
  tf_mat_link1_0_flan1:
    target_pose:
      position: [-0.2280172, -0.4925607, -0.1598248]
      orientation:
        - [0.969788, 0.1603802, 0.1838268]
        - [-0.006372982, 0.7699255, -0.6381027]
        - [-0.2438717, 0.6176512, 0.7476865]
  tf_mat_link4_0_flan4:
    target_pose:
      position: [-0.144788, -0.4138103, 0.2228195]
      orientation:
        - [0.9849846, 0.09133629, 0.1465116]
        - [0.171012, -0.6327436, -0.7552429]
        - [0.02372328, 0.7689559, -0.6388622]
step_25:
  tf_mat_link1_0_flan1:
    target_pose:
      position: [-0.2278697, -0.4932038, -0.1590645]
      orientation:
        - [0.969788, 0.1603802, 0.1838268]
        - [-0.006372982, 0.7699255, -0.6381027]
        - [-0.2438717, 0.6176512, 0.7476865]
  tf_mat_link4_0_flan4:
    target_pose:
      position: [-0.1446405, -0.4145705, 0.2221764]
      orientation:
        - [0.9849846, 0.09133629, 0.1465116]
        - [0.171012, -0.6327436, -0.7552429]
        - [0.02372328, 0.7689559, -0.6388622]
step_26:
  tf_mat_link1_0_flan1:
    target_pose:
      position: [-0.2277221, -0.493847, -0.1583042]
      orientation:
        - [0.969788, 0.1603802, 0.1838268]
        - [-0.006372982, 0.7699255, -0.6381027]
        - [-0.2438717, 0.6176512, 0.7476865]
  tf_mat_link4_0_flan4:
    target_pose:
      position: [-0.144493, -0.4153309, 0.2215332]
      orientation:
        - [0.9849846, 0.09133629, 0.1465116]
        - [0.171012, -0.6327436, -0.7552429]
        - [0.02372328, 0.7689559, -0.6388622]
step_27:
  tf_mat_link1_0_flan1:
    target_pose:
      position: [-0.2275746, -0.4944901, -0.1575439]
      orientation:
        - [0.969788, 0.1603802, 0.1838268]
        - [-0.006372982, 0.7699255, -0.6381027]
        - [-0.2438717, 0.6176512, 0.7476865]
  tf_mat_link4_0_flan4:
    target_pose:
      position: [-0.1443455, -0.4160912, 0.2208901]
      orientation:
        - [0.9849846, 0.09133629, 0.1465116]
        - [0.171012, -0.6327436, -0.7552429]
        - [0.02372328, 0.7689559, -0.6388622]
step_28:
  tf_mat_link1_0_flan1:
    target_pose:
      position: [-0.2274272, -0.4951333, -0.1567836]
      orientation:
        - [0.969788, 0.1603802, 0.1838268]
        - [-0.006372982, 0.7699255, -0.6381027]
        - [-0.2438717, 0.6176512, 0.7476865]
  tf_mat_link4_0_flan4:
    target_pose:
      position: [-0.144198, -0.4168515, 0.2202469]
      orientation:
        - [0.9849846, 0.09133629, 0.1465116]
        - [0.171012, -0.6327436, -0.7552429]
        - [0.02372328, 0.7689559, -0.6388622]
step_29:
  tf_mat_link1_0_flan1:
    target_pose:
      position: [-0.2272797, -0.4957764, -0.1560233]
      orientation:
        - [0.969788, 0.1603802, 0.1838268]
        - [-0.006372982, 0.7699255, -0.6381027]
        - [-0.2438717, 0.6176512, 0.7476865]
  tf_mat_link4_0_flan4:
    target_pose:
      position: [-0.1440505, -0.4176119, 0.2196037]
      orientation:
        - [0.9849846, 0.09133629, 0.1465116]
        - [0.171012, -0.6327436, -0.7552429]
        - [0.02372328, 0.7689559, -0.6388622]
step_30:
  tf_mat_link1_0_flan1:
    target_pose:
      position: [-0.2271322, -0.4964196, -0.155263]
      orientation:
        - [0.969788, 0.1603802, 0.1838268]
        - [-0.006372982, 0.7699255, -0.6381027]
        - [-0.2438717, 0.6176512, 0.7476865]
  tf_mat_link4_0_flan4:
    target_pose:
      position: [-0.143903, -0.4183721, 0.2189606]
      orientation:
        - [0.9849846, 0.09133629, 0.1465116]
        - [0.171012, -0.6327436, -0.7552429]
        - [0.02372328, 0.7689559, -0.6388622]
step_31:
  tf_mat_link1_0_flan1:
    target_pose:
      position: [-0.2269846, -0.4970628, -0.1545027]
      orientation:
        - [0.969788, 0.1603802, 0.1838268]
        - [-0.006372982, 0.7699255, -0.6381027]
        - [-0.2438717, 0.6176512, 0.7476865]
  tf_mat_link4_0_flan4:
    target_pose:
      position: [-0.1437555, -0.4191324, 0.2183174]
      orientation:
        - [0.9849846, 0.09133629, 0.1465116]
        - [0.171012, -0.6327436, -0.7552429]
        - [0.02372328, 0.7689559, -0.6388622]
step_32:
  tf_mat_link1_0_flan1:
    target_pose:
      position: [-0.2268372, -0.4977059, -0.1537424]
      orientation:
        - [0.969788, 0.1603802, 0.1838268]
        - [-0.006372982, 0.7699255, -0.6381027]
        - [-0.2438717, 0.6176512, 0.7476865]
  tf_mat_link4_0_flan4:
    target_pose:
      position: [-0.1436081, -0.4198928, 0.2176743]
      orientation:
        - [0.9849846, 0.09133629, 0.1465116]
        - [0.171012, -0.6327436, -0.7552429]
        - [0.02372328, 0.7689559, -0.6388622]
step_33:
  tf_mat_link1_0_flan1:
    target_pose:
      position: [-0.2266897, -0.498349, -0.1529821]
      orientation:
        - [0.969788, 0.1603802, 0.1838268]
        - [-0.006372982, 0.7699255, -0.6381027]
        - [-0.2438717, 0.6176512, 0.7476865]
  tf_mat_link4_0_flan4:
    target_pose:
      position: [-0.1434606, -0.420653, 0.2170311]
      orientation:
        - [0.9849846, 0.09133629, 0.1465116]
        - [0.171012, -0.6327436, -0.7552429]
        - [0.02372328, 0.7689559, -0.6388622]
step_34:
  tf_mat_link1_0_flan1:
    target_pose:
      position: [-0.2265421, -0.4989922, -0.1522218]
      orientation:
        - [0.969788, 0.1603802, 0.1838268]
        - [-0.006372982, 0.7699255, -0.6381027]
        - [-0.2438717, 0.6176512, 0.7476865]
  tf_mat_link4_0_flan4:
    target_pose:
      position: [-0.1433131, -0.4214133, 0.216388]
      orientation:
        - [0.9849846, 0.09133629, 0.1465116]
        - [0.171012, -0.6327436, -0.7552429]
        - [0.02372328, 0.7689559, -0.6388622]
step_35:
  tf_mat_link1_0_flan1:
    target_pose:
      position: [-0.2263947, -0.4996353, -0.1514615]
      orientation:
        - [0.969788, 0.1603802, 0.1838268]
        - [-0.006372982, 0.7699255, -0.6381027]
        - [-0.2438717, 0.6176512, 0.7476865]
  tf_mat_link4_0_flan4:
    target_pose:
      position: [-0.1431656, -0.4221736, 0.2157449]
      orientation:
        - [0.9849846, 0.09133629, 0.1465116]
        - [0.171012, -0.6327436, -0.7552429]
        - [0.02372328, 0.7689559, -0.6388622]
step_36:
  tf_mat_link1_0_flan1:
    target_pose:
      position: [-0.2262472, -0.5002784, -0.1507011]
      orientation:
        - [0.969788, 0.1603802, 0.1838268]
        - [-0.006372982, 0.7699255, -0.6381027]
        - [-0.2438717, 0.6176512, 0.7476865]
  tf_mat_link4_0_flan4:
    target_pose:
      position: [-0.1430181, -0.422934, 0.2151017]
      orientation:
        - [0.9849846, 0.09133629, 0.1465116]
        - [0.171012, -0.6327436, -0.7552429]
        - [0.02372328, 0.7689559, -0.6388622]
step_37:
  tf_mat_link1_0_flan1:
    target_pose:
      position: [-0.2260997, -0.5009216, -0.1499408]
      orientation:
        - [0.969788, 0.1603802, 0.1838268]
        - [-0.006372982, 0.7699255, -0.6381027]
        - [-0.2438717, 0.6176512, 0.7476865]
  tf_mat_link4_0_flan4:
    target_pose:
      position: [-0.1428706, -0.4236943, 0.2144586]
      orientation:
        - [0.9849846, 0.09133629, 0.1465116]
        - [0.171012, -0.6327436, -0.7552429]
        - [0.02372328, 0.7689559, -0.6388622]
step_38:
  tf_mat_link1_0_flan1:
    target_pose:
      position: [-0.2259522, -0.5015647, -0.1491805]
      orientation:
        - [0.969788, 0.1603802, 0.1838268]
        - [-0.006372982, 0.7699255, -0.6381027]
        - [-0.2438717, 0.6176512, 0.7476865]
  tf_mat_link4_0_flan4:
    target_pose:
      position: [-0.1427231, -0.4244546, 0.2138154]
      orientation:
        - [0.9849846, 0.09133629, 0.1465116]
        - [0.171012, -0.6327436, -0.7552429]
        - [0.02372328, 0.7689559, -0.6388622]
step_39:
  tf_mat_link1_0_flan1:
    target_pose:
      position: [-0.2258047, -0.5022079, -0.1484202]
      orientation:
        - [0.969788, 0.1603802, 0.1838268]
        - [-0.006372982, 0.7699255, -0.6381027]
        - [-0.2438717, 0.6176512, 0.7476865]
  tf_mat_link4_0_flan4:
    target_pose:
      position: [-0.1425756, -0.4252149, 0.2131723]
      orientation:
        - [0.9849846, 0.09133629, 0.1465116]
        - [0.171012, -0.6327436, -0.7552429]
        - [0.02372328, 0.7689559, -0.6388622]
step_40:
  tf_mat_link1_0_flan1:
    target_pose:
      position: [-0.2256572, -0.502851, -0.1476599]
      orientation:
        - [0.969788, 0.1603802, 0.1838268]
        - [-0.006372982, 0.7699255, -0.6381027]
        - [-0.2438717, 0.6176512, 0.7476865]
  tf_mat_link4_0_flan4:
    target_pose:
      position: [-0.1424281, -0.4259752, 0.2125291]
      orientation:
        - [0.9849846, 0.09133629, 0.1465116]
        - [0.171012, -0.6327436, -0.7552429]
        - [0.02372328, 0.7689559, -0.6388622]
step_41:
  tf_mat_link1_0_flan1:
    target_pose:
      position: [-0.2255097, -0.5034942, -0.1468995]
      orientation:
        - [0.969788, 0.1603802, 0.1838268]
        - [-0.006372982, 0.7699255, -0.6381027]
        - [-0.2438717, 0.6176512, 0.7476865]
  tf_mat_link4_0_flan4:
    target_pose:
      position: [-0.1422806, -0.4267356, 0.211886]
      orientation:
        - [0.9849846, 0.09133629, 0.1465116]
        - [0.171012, -0.6327436, -0.7552429]
        - [0.02372328, 0.7689559, -0.6388622]
step_42:
  tf_mat_link1_0_flan1:
    target_pose:
      position: [-0.2253622, -0.5041373, -0.1461392]
      orientation:
        - [0.969788, 0.1603802, 0.1838268]
        - [-0.006372982, 0.7699255, -0.6381027]
        - [-0.2438717, 0.6176512, 0.7476865]
  tf_mat_link4_0_flan4:
    target_pose:
      position: [-0.1421331, -0.4274959, 0.2112428]
      orientation:
        - [0.9849846, 0.09133629, 0.1465116]
        - [0.171012, -0.6327436, -0.7552429]
        - [0.02372328, 0.7689559, -0.6388622]
step_43:
  tf_mat_link1_0_flan1:
    target_pose:
      position: [-0.2252147, -0.5047805, -0.1453789]
      orientation:
        - [0.969788, 0.1603802, 0.1838268]
        - [-0.006372982, 0.7699255, -0.6381027]
        - [-0.2438717, 0.6176512, 0.7476865]
  tf_mat_link4_0_flan4:
    target_pose:
      position: [-0.1419856, -0.4282562, 0.2105996]
      orientation:
        - [0.9849846, 0.09133629, 0.1465116]
        - [0.171012, -0.6327436, -0.7552429]
        - [0.02372328, 0.7689559, -0.6388622]
step_44:
  tf_mat_link1_0_flan1:
    target_pose:
      position: [-0.2250672, -0.5054237, -0.1446186]
      orientation:
        - [0.969788, 0.1603802, 0.1838268]
        - [-0.006372982, 0.7699255, -0.6381027]
        - [-0.2438717, 0.6176512, 0.7476865]
  tf_mat_link4_0_flan4:
    target_pose:
      position: [-0.1418381, -0.4290164, 0.2099565]
      orientation:
        - [0.9849846, 0.09133629, 0.1465116]
        - [0.171012, -0.6327436, -0.7552429]
        - [0.02372328, 0.7689559, -0.6388622]
step_45:
  tf_mat_link1_0_flan1:
    target_pose:
      position: [-0.2249197, -0.5060668, -0.1438583]
      orientation:
        - [0.969788, 0.1603802, 0.1838268]
        - [-0.006372982, 0.7699255, -0.6381027]
        - [-0.2438717, 0.6176512, 0.7476865]
  tf_mat_link4_0_flan4:
    target_pose:
      position: [-0.1416906, -0.4297768, 0.2093133]
      orientation:
        - [0.9849846, 0.09133629, 0.1465116]
        - [0.171012, -0.6327436, -0.7552429]
        - [0.02372328, 0.7689559, -0.6388622]
step_46:
  tf_mat_link1_0_flan1:
    target_pose:
      position: [-0.2247722, -0.5067099, -0.143098]
      orientation:
        - [0.969788, 0.1603802, 0.1838268]
        - [-0.006372982, 0.7699255, -0.6381027]
        - [-0.2438717, 0.6176512, 0.7476865]
  tf_mat_link4_0_flan4:
    target_pose:
      position: [-0.1415431, -0.4305371, 0.2086702]
      orientation:
        - [0.9849846, 0.09133629, 0.1465116]
        - [0.171012, -0.6327436, -0.7552429]
        - [0.02372328, 0.7689559, -0.6388622]
step_47:
  tf_mat_link1_0_flan1:
    target_pose:
      position: [-0.2246247, -0.5073531, -0.1423377]
      orientation:
        - [0.969788, 0.1603802, 0.1838268]
        - [-0.006372982, 0.7699255, -0.6381027]
        - [-0.2438717, 0.6176512, 0.7476865]
  tf_mat_link4_0_flan4:
    target_pose:
      position: [-0.1413956, -0.4312974, 0.208027]
      orientation:
        - [0.9849846, 0.09133629, 0.1465116]
        - [0.171012, -0.6327436, -0.7552429]
        - [0.02372328, 0.7689559, -0.6388622]
step_48:
  tf_mat_link1_0_flan1:
    target_pose:
      position: [-0.2244772, -0.5079963, -0.1415774]
      orientation:
        - [0.969788, 0.1603802, 0.1838268]
        - [-0.006372982, 0.7699255, -0.6381027]
        - [-0.2438717, 0.6176512, 0.7476865]
  tf_mat_link4_0_flan4:
    target_pose:
      position: [-0.1412481, -0.4320577, 0.2073839]
      orientation:
        - [0.9849846, 0.09133629, 0.1465116]
        - [0.171012, -0.6327436, -0.7552429]
        - [0.02372328, 0.7689559, -0.6388622]
step_49:
  tf_mat_link1_0_flan1:
    target_pose:
      position: [-0.2243297, -0.5086394, -0.140817]
      orientation:
        - [0.969788, 0.1603802, 0.1838268]
        - [-0.006372982, 0.7699255, -0.6381027]
        - [-0.2438717, 0.6176512, 0.7476865]
  tf_mat_link4_0_flan4:
    target_pose:
      position: [-0.1411006, -0.432818, 0.2067407]
      orientation:
        - [0.9849846, 0.09133629, 0.1465116]
        - [0.171012, -0.6327436, -0.7552429]
        - [0.02372328, 0.7689559, -0.6388622]
step_50:
  tf_mat_link1_0_flan1:
    target_pose:
      position: [-0.2241822, -0.5092826, -0.1400567]
      orientation:
        - [0.969788, 0.1603802, 0.1838268]
        - [-0.006372982, 0.7699255, -0.6381027]
        - [-0.2438717, 0.6176512, 0.7476865]
  tf_mat_link4_0_flan4:
    target_pose:
      position: [-0.1409531, -0.4335783, 0.2060976]
      orientation:
        - [0.9849846, 0.09133629, 0.1465116]
        - [0.171012, -0.6327436, -0.7552429]
        - [0.02372328, 0.7689559, -0.6388622]
step_51:
  tf_mat_link1_0_flan1:
    target_pose:
      position: [-0.2240348, -0.5099257, -0.1392965]
      orientation:
        - [0.969788, 0.1603802, 0.1838268]
        - [-0.006372982, 0.7699255, -0.6381027]
        - [-0.2438717, 0.6176512, 0.7476865]
  tf_mat_link4_0_flan4:
    target_pose:
      position: [-0.1408056, -0.4343386, 0.2054545]
      orientation:
        - [0.9849846, 0.09133629, 0.1465116]
        - [0.171012, -0.6327436, -0.7552429]
        - [0.02372328, 0.7689559, -0.6388622]
step_52:
  tf_mat_link1_0_flan1:
    target_pose:
      position: [-0.2238872, -0.5105688, -0.1385361]
      orientation:
        - [0.969788, 0.1603802, 0.1838268]
        - [-0.006372982, 0.7699255, -0.6381027]
        - [-0.2438717, 0.6176512, 0.7476865]
  tf_mat_link4_0_flan4:
    target_pose:
      position: [-0.1406581, -0.4350989, 0.2048113]
      orientation:
        - [0.9849846, 0.09133629, 0.1465116]
        - [0.171012, -0.6327436, -0.7552429]
        - [0.02372328, 0.7689559, -0.6388622]
step_53:
  tf_mat_link1_0_flan1:
    target_pose:
      position: [-0.2237397, -0.511212, -0.1377758]
      orientation:
        - [0.969788, 0.1603802, 0.1838268]
        - [-0.006372982, 0.7699255, -0.6381027]
        - [-0.2438717, 0.6176512, 0.7476865]
  tf_mat_link4_0_flan4:
    target_pose:
      position: [-0.1405106, -0.4358593, 0.2041682]
      orientation:
        - [0.9849846, 0.09133629, 0.1465116]
        - [0.171012, -0.6327436, -0.7552429]
        - [0.02372328, 0.7689559, -0.6388622]
step_54:
  tf_mat_link1_0_flan1:
    target_pose:
      position: [-0.2235923, -0.5118551, -0.1370155]
      orientation:
        - [0.969788, 0.1603802, 0.1838268]
        - [-0.006372982, 0.7699255, -0.6381027]
        - [-0.2438717, 0.6176512, 0.7476865]
  tf_mat_link4_0_flan4:
    target_pose:
      position: [-0.1403632, -0.4366196, 0.203525]
      orientation:
        - [0.9849846, 0.09133629, 0.1465116]
        - [0.171012, -0.6327436, -0.7552429]
        - [0.02372328, 0.7689559, -0.6388622]
step_55:
  tf_mat_link1_0_flan1:
    target_pose:
      position: [-0.2234448, -0.5124983, -0.1362552]
      orientation:
        - [0.969788, 0.1603802, 0.1838268]
        - [-0.006372982, 0.7699255, -0.6381027]
        - [-0.2438717, 0.6176512, 0.7476865]
  tf_mat_link4_0_flan4:
    target_pose:
      position: [-0.1402157, -0.4373799, 0.2028819]
      orientation:
        - [0.9849846, 0.09133629, 0.1465116]
        - [0.171012, -0.6327436, -0.7552429]
        - [0.02372328, 0.7689559, -0.6388622]
step_56:
  tf_mat_link1_0_flan1:
    target_pose:
      position: [-0.2232973, -0.5131414, -0.1354949]
      orientation:
        - [0.969788, 0.1603802, 0.1838268]
        - [-0.006372982, 0.7699255, -0.6381027]
        - [-0.2438717, 0.6176512, 0.7476865]
  tf_mat_link4_0_flan4:
    target_pose:
      position: [-0.1400682, -0.4381402, 0.2022387]
      orientation:
        - [0.9849846, 0.09133629, 0.1465116]
        - [0.171012, -0.6327436, -0.7552429]
        - [0.02372328, 0.7689559, -0.6388622]
step_57:
  tf_mat_link1_0_flan1:
    target_pose:
      position: [-0.2231497, -0.5137845, -0.1347346]
      orientation:
        - [0.969788, 0.1603802, 0.1838268]
        - [-0.006372982, 0.7699255, -0.6381027]
        - [-0.2438717, 0.6176512, 0.7476865]
  tf_mat_link4_0_flan4:
    target_pose:
      position: [-0.1399207, -0.4389005, 0.2015956]
      orientation:
        - [0.9849846, 0.09133629, 0.1465116]
        - [0.171012, -0.6327436, -0.7552429]
        - [0.02372328, 0.7689559, -0.6388622]
step_58:
  tf_mat_link1_0_flan1:
    target_pose:
      position: [-0.2230023, -0.5144277, -0.1339743]
      orientation:
        - [0.969788, 0.1603802, 0.1838268]
        - [-0.006372982, 0.7699255, -0.6381027]
        - [-0.2438717, 0.6176512, 0.7476865]
  tf_mat_link4_0_flan4:
    target_pose:
      position: [-0.1397732, -0.4396608, 0.2009524]
      orientation:
        - [0.9849846, 0.09133629, 0.1465116]
        - [0.171012, -0.6327436, -0.7552429]
        - [0.02372328, 0.7689559, -0.6388622]
step_59:
  tf_mat_link1_0_flan1:
    target_pose:
      position: [-0.2228548, -0.5150709, -0.133214]
      orientation:
        - [0.969788, 0.1603802, 0.1838268]
        - [-0.006372982, 0.7699255, -0.6381027]
        - [-0.2438717, 0.6176512, 0.7476865]
  tf_mat_link4_0_flan4:
    target_pose:
      position: [-0.1396257, -0.4404212, 0.2003092]
      orientation:
        - [0.9849846, 0.09133629, 0.1465116]
        - [0.171012, -0.6327436, -0.7552429]
        - [0.02372328, 0.7689559, -0.6388622]
step_60:
  tf_mat_link1_0_flan1:
    target_pose:
      position: [-0.2227072, -0.515714, -0.1324536]
      orientation:
        - [0.969788, 0.1603802, 0.1838268]
        - [-0.006372982, 0.7699255, -0.6381027]
        - [-0.2438717, 0.6176512, 0.7476865]
  tf_mat_link4_0_flan4:
    target_pose:
      position: [-0.1394781, -0.4411815, 0.1996661]
      orientation:
        - [0.9849846, 0.09133629, 0.1465116]
        - [0.171012, -0.6327436, -0.7552429]
        - [0.02372328, 0.7689559, -0.6388622]
step_61:
  tf_mat_link1_0_flan1:
    target_pose:
      position: [-0.2225598, -0.5163572, -0.1316933]
      orientation:
        - [0.969788, 0.1603802, 0.1838268]
        - [-0.006372982, 0.7699255, -0.6381027]
        - [-0.2438717, 0.6176512, 0.7476865]
  tf_mat_link4_0_flan4:
    target_pose:
      position: [-0.1393307, -0.4419418, 0.1990229]
      orientation:
        - [0.9849846, 0.09133629, 0.1465116]
        - [0.171012, -0.6327436, -0.7552429]
        - [0.02372328, 0.7689559, -0.6388622]
step_62:
  tf_mat_link1_0_flan1:
    target_pose:
      position: [-0.2224123, -0.5170003, -0.130933]
      orientation:
        - [0.969788, 0.1603802, 0.1838268]
        - [-0.006372982, 0.7699255, -0.6381027]
        - [-0.2438717, 0.6176512, 0.7476865]
  tf_mat_link4_0_flan4:
    target_pose:
      position: [-0.1391832, -0.4427021, 0.1983798]
      orientation:
        - [0.9849846, 0.09133629, 0.1465116]
        - [0.171012, -0.6327436, -0.7552429]
        - [0.02372328, 0.7689559, -0.6388622]
step_63:
  tf_mat_link1_0_flan1:
    target_pose:
      position: [-0.2222648, -0.5176435, -0.1301727]
      orientation:
        - [0.969788, 0.1603802, 0.1838268]
        - [-0.006372982, 0.7699255, -0.6381027]
        - [-0.2438717, 0.6176512, 0.7476865]
  tf_mat_link4_0_flan4:
    target_pose:
      position: [-0.1390357, -0.4434624, 0.1977367]
      orientation:
        - [0.9849846, 0.09133629, 0.1465116]
        - [0.171012, -0.6327436, -0.7552429]
        - [0.02372328, 0.7689559, -0.6388622]
step_64:
  tf_mat_link1_0_flan1:
    target_pose:
      position: [-0.2221173, -0.5182866, -0.1294124]
      orientation:
        - [0.969788, 0.1603802, 0.1838268]
        - [-0.006372982, 0.7699255, -0.6381027]
        - [-0.2438717, 0.6176512, 0.7476865]
  tf_mat_link4_0_flan4:
    target_pose:
      position: [-0.1388882, -0.4442228, 0.1970935]
      orientation:
        - [0.9849846, 0.09133629, 0.1465116]
        - [0.171012, -0.6327436, -0.7552429]
        - [0.02372328, 0.7689559, -0.6388622]
step_65:
  tf_mat_link1_0_flan1:
    target_pose:
      position: [-0.2219698, -0.5189298, -0.1286521]
      orientation:
        - [0.969788, 0.1603802, 0.1838268]
        - [-0.006372982, 0.7699255, -0.6381027]
        - [-0.2438717, 0.6176512, 0.7476865]
  tf_mat_link4_0_flan4:
    target_pose:
      position: [-0.1387407, -0.4449831, 0.1964504]
      orientation:
        - [0.9849846, 0.09133629, 0.1465116]
        - [0.171012, -0.6327436, -0.7552429]
        - [0.02372328, 0.7689559, -0.6388622]
step_66:
  tf_mat_link1_0_flan1:
    target_pose:
      position: [-0.2218223, -0.5195729, -0.1278918]
      orientation:
        - [0.969788, 0.1603802, 0.1838268]
        - [-0.006372982, 0.7699255, -0.6381027]
        - [-0.2438717, 0.6176512, 0.7476865]
  tf_mat_link4_0_flan4:
    target_pose:
      position: [-0.1385932, -0.4457434, 0.1958072]
      orientation:
        - [0.9849846, 0.09133629, 0.1465116]
        - [0.171012, -0.6327436, -0.7552429]
        - [0.02372328, 0.7689559, -0.6388622]
step_67:
  tf_mat_link1_0_flan1:
    target_pose:
      position: [-0.2216748, -0.520216, -0.1271314]
      orientation:
        - [0.969788, 0.1603802, 0.1838268]
        - [-0.006372982, 0.7699255, -0.6381027]
        - [-0.2438717, 0.6176512, 0.7476865]
  tf_mat_link4_0_flan4:
    target_pose:
      position: [-0.1384457, -0.4465037, 0.1951641]
      orientation:
        - [0.9849846, 0.09133629, 0.1465116]
        - [0.171012, -0.6327436, -0.7552429]
        - [0.02372328, 0.7689559, -0.6388622]
step_68:
  tf_mat_link1_0_flan1:
    target_pose:
      position: [-0.2215273, -0.5208592, -0.1263711]
      orientation:
        - [0.969788, 0.1603802, 0.1838268]
        - [-0.006372982, 0.7699255, -0.6381027]
        - [-0.2438717, 0.6176512, 0.7476865]
  tf_mat_link4_0_flan4:
    target_pose:
      position: [-0.1382982, -0.447264, 0.1945209]
      orientation:
        - [0.9849846, 0.09133629, 0.1465116]
        - [0.171012, -0.6327436, -0.7552429]
        - [0.02372328, 0.7689559, -0.6388622]
step_69:
  tf_mat_link1_0_flan1:
    target_pose:
      position: [-0.2213798, -0.5215024, -0.1256108]
      orientation:
        - [0.969788, 0.1603802, 0.1838268]
        - [-0.006372982, 0.7699255, -0.6381027]
        - [-0.2438717, 0.6176512, 0.7476865]
  tf_mat_link4_0_flan4:
    target_pose:
      position: [-0.1381507, -0.4480244, 0.1938778]
      orientation:
        - [0.9849846, 0.09133629, 0.1465116]
        - [0.171012, -0.6327436, -0.7552429]
        - [0.02372328, 0.7689559, -0.6388622]
step_70:
  tf_mat_link1_0_flan1:
    target_pose:
      position: [-0.2212323, -0.5221455, -0.1248505]
      orientation:
        - [0.969788, 0.1603802, 0.1838268]
        - [-0.006372982, 0.7699255, -0.6381027]
        - [-0.2438717, 0.6176512, 0.7476865]
  tf_mat_link4_0_flan4:
    target_pose:
      position: [-0.1380032, -0.4487847, 0.1932347]
      orientation:
        - [0.9849846, 0.09133629, 0.1465116]
        - [0.171012, -0.6327436, -0.7552429]
        - [0.02372328, 0.7689559, -0.6388622]
step_71:
  tf_mat_link1_0_flan1:
    target_pose:
      position: [-0.2210848, -0.5227887, -0.1240902]
      orientation:
        - [0.969788, 0.1603802, 0.1838268]
        - [-0.006372982, 0.7699255, -0.6381027]
        - [-0.2438717, 0.6176512, 0.7476865]
  tf_mat_link4_0_flan4:
    target_pose:
      position: [-0.1378557, -0.449545, 0.1925915]
      orientation:
        - [0.9849846, 0.09133629, 0.1465116]
        - [0.171012, -0.6327436, -0.7552429]
        - [0.02372328, 0.7689559, -0.6388622]
step_72:
  tf_mat_link1_0_flan1:
    target_pose:
      position: [-0.2209373, -0.5234318, -0.1233299]
      orientation:
        - [0.969788, 0.1603802, 0.1838268]
        - [-0.006372982, 0.7699255, -0.6381027]
        - [-0.2438717, 0.6176512, 0.7476865]
  tf_mat_link4_0_flan4:
    target_pose:
      position: [-0.1377082, -0.4503053, 0.1919483]
      orientation:
        - [0.9849846, 0.09133629, 0.1465116]
        - [0.171012, -0.6327436, -0.7552429]
        - [0.02372328, 0.7689559, -0.6388622]
step_73:
  tf_mat_link1_0_flan1:
    target_pose:
      position: [-0.2207898, -0.524075, -0.1225696]
      orientation:
        - [0.969788, 0.1603802, 0.1838268]
        - [-0.006372982, 0.7699255, -0.6381027]
        - [-0.2438717, 0.6176512, 0.7476865]
  tf_mat_link4_0_flan4:
    target_pose:
      position: [-0.1375607, -0.4510655, 0.1913052]
      orientation:
        - [0.9849846, 0.09133629, 0.1465116]
        - [0.171012, -0.6327436, -0.7552429]
        - [0.02372328, 0.7689559, -0.6388622]
step_74:
  tf_mat_link1_0_flan1:
    target_pose:
      position: [-0.2206423, -0.5247182, -0.1218093]
      orientation:
        - [0.969788, 0.1603802, 0.1838268]
        - [-0.006372982, 0.7699255, -0.6381027]
        - [-0.2438717, 0.6176512, 0.7476865]
  tf_mat_link4_0_flan4:
    target_pose:
      position: [-0.1374132, -0.4518258, 0.190662]
      orientation:
        - [0.9849846, 0.09133629, 0.1465116]
        - [0.171012, -0.6327436, -0.7552429]
        - [0.02372328, 0.7689559, -0.6388622]
step_75:
  tf_mat_link1_0_flan1:
    target_pose:
      position: [-0.2204948, -0.5253614, -0.121049]
      orientation:
        - [0.969788, 0.1603802, 0.1838268]
        - [-0.006372982, 0.7699255, -0.6381027]
        - [-0.2438717, 0.6176512, 0.7476865]
  tf_mat_link4_0_flan4:
    target_pose:
      position: [-0.1372657, -0.4525862, 0.1900188]
      orientation:
        - [0.9849846, 0.09133629, 0.1465116]
        - [0.171012, -0.6327436, -0.7552429]
        - [0.02372328, 0.7689559, -0.6388622]
step_76:
  tf_mat_link1_0_flan1:
    target_pose:
      position: [-0.2203473, -0.5260044, -0.1202887]
      orientation:
        - [0.969788, 0.1603802, 0.1838268]
        - [-0.006372982, 0.7699255, -0.6381027]
        - [-0.2438717, 0.6176512, 0.7476865]
  tf_mat_link4_0_flan4:
    target_pose:
      position: [-0.1371182, -0.4533465, 0.1893758]
      orientation:
        - [0.9849846, 0.09133629, 0.1465116]
        - [0.171012, -0.6327436, -0.7552429]
        - [0.02372328, 0.7689559, -0.6388622]
step_77:
  tf_mat_link1_0_flan1:
    target_pose:
      position: [-0.2201998, -0.5266477, -0.1195283]
      orientation:
        - [0.969788, 0.1603802, 0.1838268]
        - [-0.006372982, 0.7699255, -0.6381027]
        - [-0.2438717, 0.6176512, 0.7476865]
  tf_mat_link4_0_flan4:
    target_pose:
      position: [-0.1369707, -0.4541068, 0.1887326]
      orientation:
        - [0.9849846, 0.09133629, 0.1465116]
        - [0.171012, -0.6327436, -0.7552429]
        - [0.02372328, 0.7689559, -0.6388622]
step_78:
  tf_mat_link1_0_flan1:
    target_pose:
      position: [-0.2200523, -0.5272908, -0.118768]
      orientation:
        - [0.969788, 0.1603802, 0.1838268]
        - [-0.006372982, 0.7699255, -0.6381027]
        - [-0.2438717, 0.6176512, 0.7476865]
  tf_mat_link4_0_flan4:
    target_pose:
      position: [-0.1368232, -0.4548671, 0.1880894]
      orientation:
        - [0.9849846, 0.09133629, 0.1465116]
        - [0.171012, -0.6327436, -0.7552429]
        - [0.02372328, 0.7689559, -0.6388622]
step_79:
  tf_mat_link1_0_flan1:
    target_pose:
