step_0:
  tf_mat_link1_0_flan1:
    target_pose:
      position: [-0.07109436, -0.4172916, -0.04556175]
      orientation:
        - [0.9804267, 0.06986791, 0.1840782]
        - [0.08000124, 0.7129042, -0.6966842]
        - [-0.1799059, 0.6977724, 0.6933606]
  tf_mat_link4_0_flan4:
    target_pose:
      position: [-0.08475689, -0.6073509, 0.2300025]
      orientation:
        - [0.9892074, 0.0002984749, 0.146531]
        - [0.1036633, -0.7081895, -0.6983717]
        - [0.1035633, 0.7060225, -0.7005771]
step_1:
  tf_mat_link1_0_flan1:
    target_pose:
      position: [-0.07109631, -0.4172823, -0.04557103]
      orientation:
        - [0.9804267, 0.06986791, 0.1840782]
        - [0.08000124, 0.7129042, -0.6966842]
        - [-0.1799059, 0.6977724, 0.6933606]
  tf_mat_link4_0_flan4:
    target_pose:
      position: [-0.08475884, -0.6073417, 0.2300118]
      orientation:
        - [0.9892074, 0.0002984749, 0.146531]
        - [0.1036633, -0.7081895, -0.6983717]
        - [0.1035633, 0.7060225, -0.7005771]
step_2:
  tf_mat_link1_0_flan1:
    target_pose:
      position: [-0.07109828, -0.417273, -0.04558034]
      orientation:
        - [0.9804267, 0.06986791, 0.1840782]
        - [0.08000124, 0.7129042, -0.6966842]
        - [-0.1799059, 0.6977724, 0.6933606]
  tf_mat_link4_0_flan4:
    target_pose:
      position: [-0.08476081, -0.6073323, 0.2300212]
      orientation:
        - [0.9892074, 0.0002984749, 0.146531]
        - [0.1036633, -0.7081895, -0.6983717]
        - [0.1035633, 0.7060225, -0.7005771]
step_3:
  tf_mat_link1_0_flan1:
    target_pose:
      position: [-0.07110023, -0.4172635, -0.04558967]
      orientation:
        - [0.9804267, 0.06986791, 0.1840782]
        - [0.08000124, 0.7129042, -0.6966842]
        - [-0.1799059, 0.6977724, 0.6933606]
  tf_mat_link4_0_flan4:
    target_pose:
      position: [-0.08476276, -0.6073231, 0.2300306]
      orientation:
        - [0.9892074, 0.0002984749, 0.146531]
        - [0.1036633, -0.7081895, -0.6983717]
        - [0.1035633, 0.7060225, -0.7005771]
step_4:
  tf_mat_link1_0_flan1:
    target_pose:
      position: [-0.07110218, -0.4172542, -0.045599]
      orientation:
        - [0.9804267, 0.06986791, 0.1840782]
        - [0.08000124, 0.7129042, -0.6966842]
        - [-0.1799059, 0.6977724, 0.6933606]
  tf_mat_link4_0_flan4:
    target_pose:
      position: [-0.08476471, -0.6073138, 0.2300399]
      orientation:
        - [0.9892074, 0.0002984749, 0.146531]
        - [0.1036633, -0.7081895, -0.6983717]
        - [0.1035633, 0.7060225, -0.7005771]
step_5:
  tf_mat_link1_0_flan1:
    target_pose:
      position: [-0.07110413, -0.4172449, -0.04560831]
      orientation:
        - [0.9804267, 0.06986791, 0.1840782]
        - [0.08000124, 0.7129042, -0.6966842]
        - [-0.1799059, 0.6977724, 0.6933606]
  tf_mat_link4_0_flan4:
    target_pose:
      position: [-0.08476666, -0.6073044, 0.2300492]
      orientation:
        - [0.9892074, 0.0002984749, 0.146531]
        - [0.1036633, -0.7081895, -0.6983717]
        - [0.1035633, 0.7060225, -0.7005771]
step_6:
  tf_mat_link1_0_flan1:
    target_pose:
      position: [-0.07110608, -0.4172355, -0.04561763]
      orientation:
        - [0.9804267, 0.06986791, 0.1840782]
        - [0.08000124, 0.7129042, -0.6966842]
        - [-0.1799059, 0.6977724, 0.6933606]
  tf_mat_link4_0_flan4:
    target_pose:
      position: [-0.08476862, -0.607295, 0.2300586]
      orientation:
        - [0.9892074, 0.0002984749, 0.146531]
        - [0.1036633, -0.7081895, -0.6983717]
        - [0.1035633, 0.7060225, -0.7005771]
step_7:
  tf_mat_link1_0_flan1:
    target_pose:
      position: [-0.07110805, -0.4172262, -0.04562695]
      orientation:
        - [0.9804267, 0.06986791, 0.1840782]
        - [0.08000124, 0.7129042, -0.6966842]
        - [-0.1799059, 0.6977724, 0.6933606]
  tf_mat_link4_0_flan4:
    target_pose:
      position: [-0.08477058, -0.6072857, 0.2300679]
      orientation:
        - [0.9892074, 0.0002984749, 0.146531]
        - [0.1036633, -0.7081895, -0.6983717]
        - [0.1035633, 0.7060225, -0.7005771]
step_8:
  tf_mat_link1_0_flan1:
    target_pose:
      position: [-0.07111, -0.4172169, -0.04563627]
      orientation:
        - [0.9804267, 0.06986791, 0.1840782]
        - [0.08000124, 0.7129042, -0.6966842]
        - [-0.1799059, 0.6977724, 0.6933606]
  tf_mat_link4_0_flan4:
    target_pose:
      position: [-0.08477253, -0.6072764, 0.2300773]
      orientation:
        - [0.9892074, 0.0002984749, 0.146531]
        - [0.1036633, -0.7081895, -0.6983717]
        - [0.1035633, 0.7060225, -0.7005771]
step_9:
  tf_mat_link1_0_flan1:
    target_pose:
      position: [-0.07111195, -0.4172075, -0.04564555]
      orientation:
        - [0.9804267, 0.06986791, 0.1840782]
        - [0.08000124, 0.7129042, -0.6966842]
        - [-0.1799059, 0.6977724, 0.6933606]
  tf_mat_link4_0_flan4:
    target_pose:
      position: [-0.08477449, -0.6072671, 0.2300867]
      orientation:
        - [0.9892074, 0.0002984749, 0.146531]
        - [0.1036633, -0.7081895, -0.6983717]
        - [0.1035633, 0.7060225, -0.7005771]
step_10:
  tf_mat_link1_0_flan1:
    target_pose:
      position: [-0.07111391, -0.4171982, -0.04565491]
      orientation:
        - [0.9804267, 0.06986791, 0.1840782]
        - [0.08000124, 0.7129042, -0.6966842]
        - [-0.1799059, 0.6977724, 0.6933606]
  tf_mat_link4_0_flan4:
    target_pose:
      position: [-0.08477644, -0.6072578, 0.230096]
      orientation:
        - [0.9892074, 0.0002984749, 0.146531]
        - [0.1036633, -0.7081895, -0.6983717]
        - [0.1035633, 0.7060225, -0.7005771]
step_11:
  tf_mat_link1_0_flan1:
    target_pose:
      position: [-0.07111586, -0.4171888, -0.04566427]
      orientation:
        - [0.9804267, 0.06986791, 0.1840782]
        - [0.08000124, 0.7129042, -0.6966842]
        - [-0.1799059, 0.6977724, 0.6933606]
  tf_mat_link4_0_flan4:
    target_pose:
      position: [-0.08477839, -0.6072485, 0.2301053]
      orientation:
        - [0.9892074, 0.0002984749, 0.146531]
        - [0.1036633, -0.7081895, -0.6983717]
        - [0.1035633, 0.7060225, -0.7005771]
step_12:
  tf_mat_link1_0_flan1:
    target_pose:
      position: [-0.07111783, -0.4171794, -0.04567355]
      orientation:
        - [0.9804267, 0.06986791, 0.1840782]
        - [0.08000124, 0.7129042, -0.6966842]
        - [-0.1799059, 0.6977724, 0.6933606]
  tf_mat_link4_0_flan4:
    target_pose:
      position: [-0.08478036, -0.6072392, 0.2301147]
      orientation:
        - [0.9892074, 0.0002984749, 0.146531]
        - [0.1036633, -0.7081895, -0.6983717]
        - [0.1035633, 0.7060225, -0.7005771]
step_13:
  tf_mat_link1_0_flan1:
    target_pose:
      position: [-0.07111978, -0.4171701, -0.04568283]
      orientation:
        - [0.9804267, 0.06986791, 0.1840782]
        - [0.08000124, 0.7129042, -0.6966842]
        - [-0.1799059, 0.6977724, 0.6933606]
  tf_mat_link4_0_flan4:
    target_pose:
      position: [-0.08478231, -0.6072298, 0.230124]
      orientation:
        - [0.9892074, 0.0002984749, 0.146531]
        - [0.1036633, -0.7081895, -0.6983717]
        - [0.1035633, 0.7060225, -0.7005771]
step_14:
  tf_mat_link1_0_flan1:
    target_pose:
      position: [-0.07112173, -0.4171607, -0.04569219]
      orientation:
        - [0.9804267, 0.06986791, 0.1840782]
        - [0.08000124, 0.7129042, -0.6966842]
        - [-0.1799059, 0.6977724, 0.6933606]
  tf_mat_link4_0_flan4:
    target_pose:
      position: [-0.08478426, -0.6072205, 0.2301334]
      orientation:
        - [0.9892074, 0.0002984749, 0.146531]
        - [0.1036633, -0.7081895, -0.6983717]
        - [0.1035633, 0.7060225, -0.7005771]
step_15:
  tf_mat_link1_0_flan1:
    target_pose:
      position: [-0.0711237, -0.4171514, -0.04570147]
      orientation:
        - [0.9804267, 0.06986791, 0.1840782]
        - [0.08000124, 0.7129042, -0.6966842]
        - [-0.1799059, 0.6977724, 0.6933606]
  tf_mat_link4_0_flan4:
    target_pose:
      position: [-0.08478623, -0.6072112, 0.2301427]
      orientation:
        - [0.9892074, 0.0002984749, 0.146531]
        - [0.1036633, -0.7081895, -0.6983717]
        - [0.1035633, 0.7060225, -0.7005771]
step_16:
  tf_mat_link1_0_flan1:
    target_pose:
      position: [-0.07112563, -0.417142, -0.04571083]
      orientation:
        - [0.9804267, 0.06986791, 0.1840782]
        - [0.08000124, 0.7129042, -0.6966842]
        - [-0.1799059, 0.6977724, 0.6933606]
  tf_mat_link4_0_flan4:
    target_pose:
      position: [-0.08478817, -0.6072019, 0.2301521]
      orientation:
        - [0.9892074, 0.0002984749, 0.146531]
        - [0.1036633, -0.7081895, -0.6983717]
        - [0.1035633, 0.7060225, -0.7005771]
step_17:
  tf_mat_link1_0_flan1:
    target_pose:
      position: [-0.0711276, -0.4171327, -0.04572015]
      orientation:
        - [0.9804267, 0.06986791, 0.1840782]
        - [0.08000124, 0.7129042, -0.6966842]
        - [-0.1799059, 0.6977724, 0.6933606]
  tf_mat_link4_0_flan4:
    target_pose:
      position: [-0.08479013, -0.6071925, 0.2301614]
      orientation:
        - [0.9892074, 0.0002984749, 0.146531]
        - [0.1036633, -0.7081895, -0.6983717]
        - [0.1035633, 0.7060225, -0.7005771]
step_18:
  tf_mat_link1_0_flan1:
    target_pose:
      position: [-0.07112955, -0.4171234, -0.04572943]
      orientation:
        - [0.9804267, 0.06986791, 0.1840782]
        - [0.08000124, 0.7129042, -0.6966842]
        - [-0.1799059, 0.6977724, 0.6933606]
  tf_mat_link4_0_flan4:
    target_pose:
      position: [-0.08479208, -0.6071832, 0.2301707]
      orientation:
        - [0.9892074, 0.0002984749, 0.146531]
        - [0.1036633, -0.7081895, -0.6983717]
        - [0.1035633, 0.7060225, -0.7005771]
step_19:
  tf_mat_link1_0_flan1:
    target_pose:
      position: [-0.07113151, -0.417114, -0.04573876]
      orientation:
        - [0.9804267, 0.06986791, 0.1840782]
        - [0.08000124, 0.7129042, -0.6966842]
        - [-0.1799059, 0.6977724, 0.6933606]
  tf_mat_link4_0_flan4:
    target_pose:
      position: [-0.08479404, -0.607174, 0.2301801]
      orientation:
        - [0.9892074, 0.0002984749, 0.146531]
        - [0.1036633, -0.7081895, -0.6983717]
        - [0.1035633, 0.7060225, -0.7005771]
step_20:
  tf_mat_link1_0_flan1:
    target_pose:
      position: [-0.07113346, -0.4171047, -0.04574807]
      orientation:
        - [0.9804267, 0.06986791, 0.1840782]
        - [0.08000124, 0.7129042, -0.6966842]
        - [-0.1799059, 0.6977724, 0.6933606]
  tf_mat_link4_0_flan4:
    target_pose:
      position: [-0.08479599, -0.6071646, 0.2301894]
      orientation:
        - [0.9892074, 0.0002984749, 0.146531]
        - [0.1036633, -0.7081895, -0.6983717]
        - [0.1035633, 0.7060225, -0.7005771]
step_21:
  tf_mat_link1_0_flan1:
    target_pose:
      position: [-0.07113541, -0.4170953, -0.0457574]
      orientation:
        - [0.9804267, 0.06986791, 0.1840782]
        - [0.08000124, 0.7129042, -0.6966842]
        - [-0.1799059, 0.6977724, 0.6933606]
  tf_mat_link4_0_flan4:
    target_pose:
      position: [-0.08479794, -0.6071553, 0.2301988]
      orientation:
        - [0.9892074, 0.0002984749, 0.146531]
        - [0.1036633, -0.7081895, -0.6983717]
        - [0.1035633, 0.7060225, -0.7005771]
step_22:
  tf_mat_link1_0_flan1:
    target_pose:
      position: [-0.07113738, -0.417086, -0.04576671]
      orientation:
        - [0.9804267, 0.06986791, 0.1840782]
        - [0.08000124, 0.7129042, -0.6966842]
        - [-0.1799059, 0.6977724, 0.6933606]
  tf_mat_link4_0_flan4:
    target_pose:
      position: [-0.08479991, -0.607146, 0.2302081]
      orientation:
        - [0.9892074, 0.0002984749, 0.146531]
        - [0.1036633, -0.7081895, -0.6983717]
        - [0.1035633, 0.7060225, -0.7005771]
step_23:
  tf_mat_link1_0_flan1:
    target_pose:
      position: [-0.07113933, -0.4170767, -0.04577602]
      orientation:
        - [0.9804267, 0.06986791, 0.1840782]
        - [0.08000124, 0.7129042, -0.6966842]
        - [-0.1799059, 0.6977724, 0.6933606]
  tf_mat_link4_0_flan4:
    target_pose:
      position: [-0.08480186, -0.6071367, 0.2302175]
      orientation:
        - [0.9892074, 0.0002984749, 0.146531]
        - [0.1036633, -0.7081895, -0.6983717]
        - [0.1035633, 0.7060225, -0.7005771]
step_24:
  tf_mat_link1_0_flan1:
    target_pose:
      position: [-0.07114128, -0.4170673, -0.04578532]
      orientation:
        - [0.9804267, 0.06986791, 0.1840782]
        - [0.08000124, 0.7129042, -0.6966842]
        - [-0.1799059, 0.6977724, 0.6933606]
  tf_mat_link4_0_flan4:
    target_pose:
      position: [-0.08480381, -0.6071274, 0.2302269]
      orientation:
        - [0.9892074, 0.0002984749, 0.146531]
        - [0.1036633, -0.7081895, -0.6983717]
        - [0.1035633, 0.7060225, -0.7005771]
step_25:
  tf_mat_link1_0_flan1:
    target_pose:
      position: [-0.07114325, -0.4170579, -0.04579468]
      orientation:
        - [0.9804267, 0.06986791, 0.1840782]
        - [0.08000124, 0.7129042, -0.6966842]
        - [-0.1799059, 0.6977724, 0.6933606]
  tf_mat_link4_0_flan4:
    target_pose:
      position: [-0.08480578, -0.607118, 0.2302362]
      orientation:
        - [0.9892074, 0.0002984749, 0.146531]
        - [0.1036633, -0.7081895, -0.6983717]
        - [0.1035633, 0.7060225, -0.7005771]
step_26:
  tf_mat_link1_0_flan1:
    target_pose:
      position: [-0.07114518, -0.4170485, -0.04580399]
      orientation:
        - [0.9804267, 0.06986791, 0.1840782]
        - [0.08000124, 0.7129042, -0.6966842]
        - [-0.1799059, 0.6977724, 0.6933606]
  tf_mat_link4_0_flan4:
    target_pose:
      position: [-0.08480772, -0.6071088, 0.2302455]
      orientation:
        - [0.9892074, 0.0002984749, 0.146531]
        - [0.1036633, -0.7081895, -0.6983717]
        - [0.1035633, 0.7060225, -0.7005771]
step_27:
  tf_mat_link1_0_flan1:
    target_pose:
      position: [-0.07114715, -0.4170392, -0.04581328]
      orientation:
        - [0.9804267, 0.06986791, 0.1840782]
        - [0.08000124, 0.7129042, -0.6966842]
        - [-0.1799059, 0.6977724, 0.6933606]
  tf_mat_link4_0_flan4:
    target_pose:
      position: [-0.08480968, -0.6070994, 0.2302549]
      orientation:
        - [0.9892074, 0.0002984749, 0.146531]
        - [0.1036633, -0.7081895, -0.6983717]
        - [0.1035633, 0.7060225, -0.7005771]
step_28:
  tf_mat_link1_0_flan1:
    target_pose:
      position: [-0.0711491, -0.4170299, -0.04582264]
      orientation:
        - [0.9804267, 0.06986791, 0.1840782]
        - [0.08000124, 0.7129042, -0.6966842]
        - [-0.1799059, 0.6977724, 0.6933606]
  tf_mat_link4_0_flan4:
    target_pose:
      position: [-0.08481164, -0.6070901, 0.2302642]
      orientation:
        - [0.9892074, 0.0002984749, 0.146531]
        - [0.1036633, -0.7081895, -0.6983717]
        - [0.1035633, 0.7060225, -0.7005771]
step_29:
  tf_mat_link1_0_flan1:
    target_pose:
      position: [-0.07115106, -0.4170205, -0.04583192]
      orientation:
        - [0.9804267, 0.06986791, 0.1840782]
        - [0.08000124, 0.7129042, -0.6966842]
        - [-0.1799059, 0.6977724, 0.6933606]
  tf_mat_link4_0_flan4:
    target_pose:
      position: [-0.08481359, -0.6070808, 0.2302736]
      orientation:
        - [0.9892074, 0.0002984749, 0.146531]
        - [0.1036633, -0.7081895, -0.6983717]
        - [0.1035633, 0.7060225, -0.7005771]
step_30:
  tf_mat_link1_0_flan1:
    target_pose:
      position: [-0.07115301, -0.4170112, -0.04584125]
      orientation:
        - [0.9804267, 0.06986791, 0.1840782]
        - [0.08000124, 0.7129042, -0.6966842]
        - [-0.1799059, 0.6977724, 0.6933606]
  tf_mat_link4_0_flan4:
    target_pose:
      position: [-0.08481554, -0.6070715, 0.2302829]
      orientation:
        - [0.9892074, 0.0002984749, 0.146531]
        - [0.1036633, -0.7081895, -0.6983717]
        - [0.1035633, 0.7060225, -0.7005771]
step_31:
  tf_mat_link1_0_flan1:
    target_pose:
      position: [-0.07115496, -0.4170019, -0.04585059]
      orientation:
        - [0.9804267, 0.06986791, 0.1840782]
        - [0.08000124, 0.7129042, -0.6966842]
        - [-0.1799059, 0.6977724, 0.6933606]
  tf_mat_link4_0_flan4:
    target_pose:
      position: [-0.08481749, -0.6070621, 0.2302922]
      orientation:
        - [0.9892074, 0.0002984749, 0.146531]
        - [0.1036633, -0.7081895, -0.6983717]
        - [0.1035633, 0.7060225, -0.7005771]
step_32:
  tf_mat_link1_0_flan1:
    target_pose:
      position: [-0.07115693, -0.4169925, -0.04585992]
      orientation:
        - [0.9804267, 0.06986791, 0.1840782]
        - [0.08000124, 0.7129042, -0.6966842]
        - [-0.1799059, 0.6977724, 0.6933606]
  tf_mat_link4_0_flan4:
    target_pose:
      position: [-0.08481946, -0.6070528, 0.2303016]
      orientation:
        - [0.9892074, 0.0002984749, 0.146531]
        - [0.1036633, -0.7081895, -0.6983717]
        - [0.1035633, 0.7060225, -0.7005771]
step_33:
  tf_mat_link1_0_flan1:
    target_pose:
      position: [-0.07115888, -0.4169831, -0.0458692]
      orientation:
        - [0.9804267, 0.06986791, 0.1840782]
        - [0.08000124, 0.7129042, -0.6966842]
        - [-0.1799059, 0.6977724, 0.6933606]
  tf_mat_link4_0_flan4:
    target_pose:
      position: [-0.08482141, -0.6070435, 0.230311]
      orientation:
        - [0.9892074, 0.0002984749, 0.146531]
        - [0.1036633, -0.7081895, -0.6983717]
        - [0.1035633, 0.7060225, -0.7005771]
step_34:
  tf_mat_link1_0_flan1:
    target_pose:
      position: [-0.07116083, -0.4169738, -0.04587853]
      orientation:
        - [0.9804267, 0.06986791, 0.1840782]
        - [0.08000124, 0.7129042, -0.6966842]
        - [-0.1799059, 0.6977724, 0.6933606]
  tf_mat_link4_0_flan4:
    target_pose:
      position: [-0.08482336, -0.6070342, 0.2303203]
      orientation:
        - [0.9892074, 0.0002984749, 0.146531]
        - [0.1036633, -0.7081895, -0.6983717]
        - [0.1035633, 0.7060225, -0.7005771]
step_35:
  tf_mat_link1_0_flan1:
    target_pose:
      position: [-0.07116278, -0.4169644, -0.04588787]
      orientation:
        - [0.9804267, 0.06986791, 0.1840782]
        - [0.08000124, 0.7129042, -0.6966842]
        - [-0.1799059, 0.6977724, 0.6933606]
  tf_mat_link4_0_flan4:
    target_pose:
      position: [-0.08482531, -0.6070248, 0.2303296]
      orientation:
        - [0.9892074, 0.0002984749, 0.146531]
        - [0.1036633, -0.7081895, -0.6983717]
        - [0.1035633, 0.7060225, -0.7005771]
step_36:
  tf_mat_link1_0_flan1:
    target_pose:
      position: [-0.07116473, -0.4169551, -0.04589717]
      orientation:
        - [0.9804267, 0.06986791, 0.1840782]
        - [0.08000124, 0.7129042, -0.6966842]
        - [-0.1799059, 0.6977724, 0.6933606]
  tf_mat_link4_0_flan4:
    target_pose:
      position: [-0.08482727, -0.6070156, 0.230339]
      orientation:
        - [0.9892074, 0.0002984749, 0.146531]
        - [0.1036633, -0.7081895, -0.6983717]
        - [0.1035633, 0.7060225, -0.7005771]
step_37:
  tf_mat_link1_0_flan1:
    target_pose:
      position: [-0.0711667, -0.4169458, -0.04590651]
      orientation:
        - [0.9804267, 0.06986791, 0.1840782]
        - [0.08000124, 0.7129042, -0.6966842]
        - [-0.1799059, 0.6977724, 0.6933606]
  tf_mat_link4_0_flan4:
    target_pose:
      position: [-0.08482923, -0.6070062, 0.2303483]
      orientation:
        - [0.9892074, 0.0002984749, 0.146531]
        - [0.1036633, -0.7081895, -0.6983717]
        - [0.1035633, 0.7060225, -0.7005771]
step_38:
  tf_mat_link1_0_flan1:
    target_pose:
      position: [-0.07116865, -0.4169364, -0.04591581]
      orientation:
        - [0.9804267, 0.06986791, 0.1840782]
        - [0.08000124, 0.7129042, -0.6966842]
        - [-0.1799059, 0.6977724, 0.6933606]
  tf_mat_link4_0_flan4:
    target_pose:
      position: [-0.08483119, -0.606997, 0.2303577]
      orientation:
        - [0.9892074, 0.0002984749, 0.146531]
        - [0.1036633, -0.7081895, -0.6983717]
        - [0.1035633, 0.7060225, -0.7005771]
step_39:
  tf_mat_link1_0_flan1:
    target_pose:
      position: [-0.07117061, -0.4169271, -0.0459251]
      orientation:
        - [0.9804267, 0.06986791, 0.1840782]
        - [0.08000124, 0.7129042, -0.6966842]
        - [-0.1799059, 0.6977724, 0.6933606]
  tf_mat_link4_0_flan4:
    target_pose:
      position: [-0.08483314, -0.6069876, 0.230367]
      orientation:
        - [0.9892074, 0.0002984749, 0.146531]
        - [0.1036633, -0.7081895, -0.6983717]
        - [0.1035633, 0.7060225, -0.7005771]
step_40:
  tf_mat_link1_0_flan1:
    target_pose:
      position: [-0.07117256, -0.4169177, -0.04593445]
      orientation:
        - [0.9804267, 0.06986791, 0.1840782]
        - [0.08000124, 0.7129042, -0.6966842]
        - [-0.1799059, 0.6977724, 0.6933606]
  tf_mat_link4_0_flan4:
    target_pose:
      position: [-0.08483509, -0.6069783, 0.2303764]
      orientation:
        - [0.9892074, 0.0002984749, 0.146531]
        - [0.1036633, -0.7081895, -0.6983717]
        - [0.1035633, 0.7060225, -0.7005771]
step_41:
  tf_mat_link1_0_flan1:
    target_pose:
      position: [-0.07117451, -0.4169084, -0.04594374]
      orientation:
        - [0.9804267, 0.06986791, 0.1840782]
        - [0.08000124, 0.7129042, -0.6966842]
        - [-0.1799059, 0.6977724, 0.6933606]
  tf_mat_link4_0_flan4:
    target_pose:
      position: [-0.08483704, -0.606969, 0.2303858]
      orientation:
        - [0.9892074, 0.0002984749, 0.146531]
        - [0.1036633, -0.7081895, -0.6983717]
        - [0.1035633, 0.7060225, -0.7005771]
step_42:
  tf_mat_link1_0_flan1:
    target_pose:
      position: [-0.07117648, -0.416899, -0.04595309]
      orientation:
        - [0.9804267, 0.06986791, 0.1840782]
        - [0.08000124, 0.7129042, -0.6966842]
        - [-0.1799059, 0.6977724, 0.6933606]
  tf_mat_link4_0_flan4:
    target_pose:
      position: [-0.08483901, -0.6069596, 0.2303951]
      orientation:
        - [0.9892074, 0.0002984749, 0.146531]
        - [0.1036633, -0.7081895, -0.6983717]
        - [0.1035633, 0.7060225, -0.7005771]
step_43:
  tf_mat_link1_0_flan1:
    target_pose:
      position: [-0.07117843, -0.4168897, -0.04596241]
      orientation:
        - [0.9804267, 0.06986791, 0.1840782]
        - [0.08000124, 0.7129042, -0.6966842]
        - [-0.1799059, 0.6977724, 0.6933606]
  tf_mat_link4_0_flan4:
    target_pose:
      position: [-0.08484096, -0.6069503, 0.2304044]
      orientation:
        - [0.9892074, 0.0002984749, 0.146531]
        - [0.1036633, -0.7081895, -0.6983717]
        - [0.1035633, 0.7060225, -0.7005771]
step_44:
  tf_mat_link1_0_flan1:
    target_pose:
      position: [-0.07118038, -0.4168803, -0.04597169]
      orientation:
        - [0.9804267, 0.06986791, 0.1840782]
        - [0.08000124, 0.7129042, -0.6966842]
        - [-0.1799059, 0.6977724, 0.6933606]
  tf_mat_link4_0_flan4:
    target_pose:
      position: [-0.08484291, -0.606941, 0.2304138]
      orientation:
        - [0.9892074, 0.0002984749, 0.146531]
        - [0.1036633, -0.7081895, -0.6983717]
        - [0.1035633, 0.7060225, -0.7005771]
step_45:
  tf_mat_link1_0_flan1:
    target_pose:
      position: [-0.07118233, -0.416871, -0.04598105]
      orientation:
        - [0.9804267, 0.06986791, 0.1840782]
        - [0.08000124, 0.7129042, -0.6966842]
        - [-0.1799059, 0.6977724, 0.6933606]
  tf_mat_link4_0_flan4:
    target_pose:
      position: [-0.08484486, -0.6069317, 0.2304232]
      orientation:
        - [0.9892074, 0.0002984749, 0.146531]
        - [0.1036633, -0.7081895, -0.6983717]
        - [0.1035633, 0.7060225, -0.7005771]
step_46:
  tf_mat_link1_0_flan1:
    target_pose:
      position: [-0.0711843, -0.4168616, -0.04599038]
      orientation:
        - [0.9804267, 0.06986791, 0.1840782]
        - [0.08000124, 0.7129042, -0.6966842]
        - [-0.1799059, 0.6977724, 0.6933606]
  tf_mat_link4_0_flan4:
    target_pose:
      position: [-0.08484683, -0.6069224, 0.2304325]
      orientation:
        - [0.9892074, 0.0002984749, 0.146531]
        - [0.1036633, -0.7081895, -0.6983717]
        - [0.1035633, 0.7060225, -0.7005771]
step_47:
  tf_mat_link1_0_flan1:
    target_pose:
      position: [-0.07118625, -0.4168523, -0.04599966]
      orientation:
        - [0.9804267, 0.06986791, 0.1840782]
        - [0.08000124, 0.7129042, -0.6966842]
        - [-0.1799059, 0.6977724, 0.6933606]
  tf_mat_link4_0_flan4:
    target_pose:
      position: [-0.08484878, -0.606913, 0.2304419]
      orientation:
        - [0.9892074, 0.0002984749, 0.146531]
        - [0.1036633, -0.7081895, -0.6983717]
        - [0.1035633, 0.7060225, -0.7005771]
step_48:
  tf_mat_link1_0_flan1:
    target_pose:
      position: [-0.0711882, -0.4168429, -0.04600897]
      orientation:
        - [0.9804267, 0.06986791, 0.1840782]
        - [0.08000124, 0.7129042, -0.6966842]
        - [-0.1799059, 0.6977724, 0.6933606]
  tf_mat_link4_0_flan4:
    target_pose:
      position: [-0.08485073, -0.6069037, 0.2304512]
      orientation:
        - [0.9892074, 0.0002984749, 0.146531]
        - [0.1036633, -0.7081895, -0.6983717]
        - [0.1035633, 0.7060225, -0.7005771]
step_49:
  tf_mat_link1_0_flan1:
    target_pose:
      position: [-0.07119016, -0.4168335, -0.0460183]
      orientation:
        - [0.9804267, 0.06986791, 0.1840782]
        - [0.08000124, 0.7129042, -0.6966842]
        - [-0.1799059, 0.6977724, 0.6933606]
  tf_mat_link4_0_flan4:
    target_pose:
      position: [-0.08485268, -0.6068944, 0.2304605]
      orientation:
        - [0.9892074, 0.0002984749, 0.146531]
        - [0.1036633, -0.7081895, -0.6983717]
        - [0.1035633, 0.7060225, -0.7005771]
step_50:
  tf_mat_link1_0_flan1:
    target_pose:
      position: [-0.07119212, -0.4168243, -0.04602762]
      orientation:
        - [0.9804267, 0.06986791, 0.1840782]
        - [0.08000124, 0.7129042, -0.6966842]
        - [-0.1799059, 0.6977724, 0.6933606]
  tf_mat_link4_0_flan4:
    target_pose:
      position: [-0.08485465, -0.6068851, 0.2304699]
      orientation:
        - [0.9892074, 0.0002984749, 0.146531]
        - [0.1036633, -0.7081895, -0.6983717]
        - [0.1035633, 0.7060225, -0.7005771]
step_51:
  tf_mat_link1_0_flan1:
    target_pose:
      position: [-0.07119406, -0.4168149, -0.04603697]
      orientation:
        - [0.9804267, 0.06986791, 0.1840782]
        - [0.08000124, 0.7129042, -0.6966842]
        - [-0.1799059, 0.6977724, 0.6933606]
  tf_mat_link4_0_flan4:
    target_pose:
      position: [-0.08485658, -0.6068758, 0.2304792]
      orientation:
        - [0.9892074, 0.0002984749, 0.146531]
        - [0.1036633, -0.7081895, -0.6983717]
        - [0.1035633, 0.7060225, -0.7005771]
step_52:
  tf_mat_link1_0_flan1:
    target_pose:
      position: [-0.07119603, -0.4168055, -0.04604626]
      orientation:
        - [0.9804267, 0.06986791, 0.1840782]
        - [0.08000124, 0.7129042, -0.6966842]
        - [-0.1799059, 0.6977724, 0.6933606]
  tf_mat_link4_0_flan4:
    target_pose:
      position: [-0.08485855, -0.6068664, 0.2304885]
      orientation:
        - [0.9892074, 0.0002984749, 0.146531]
        - [0.1036633, -0.7081895, -0.6983717]
        - [0.1035633, 0.7060225, -0.7005771]
step_53:
  tf_mat_link1_0_flan1:
    target_pose:
      position: [-0.07119798, -0.4167962, -0.04605559]
      orientation:
        - [0.9804267, 0.06986791, 0.1840782]
        - [0.08000124, 0.7129042, -0.6966842]
        - [-0.1799059, 0.6977724, 0.6933606]
  tf_mat_link4_0_flan4:
    target_pose:
      position: [-0.0848605, -0.6068571, 0.2304979]
      orientation:
        - [0.9892074, 0.0002984749, 0.146531]
        - [0.1036633, -0.7081895, -0.6983717]
        - [0.1035633, 0.7060225, -0.7005771]
step_54:
  tf_mat_link1_0_flan1:
    target_pose:
      position: [-0.07119993, -0.4167868, -0.0460649]
      orientation:
        - [0.9804267, 0.06986791, 0.1840782]
        - [0.08000124, 0.7129042, -0.6966842]
        - [-0.1799059, 0.6977724, 0.6933606]
  tf_mat_link4_0_flan4:
    target_pose:
      position: [-0.08486246, -0.6068478, 0.2305073]
      orientation:
        - [0.9892074, 0.0002984749, 0.146531]
        - [0.1036633, -0.7081895, -0.6983717]
        - [0.1035633, 0.7060225, -0.7005771]
step_55:
  tf_mat_link1_0_flan1:
    target_pose:
      position: [-0.0712019, -0.4167775, -0.04607421]
      orientation:
        - [0.9804267, 0.06986791, 0.1840782]
        - [0.08000124, 0.7129042, -0.6966842]
        - [-0.1799059, 0.6977724, 0.6933606]
  tf_mat_link4_0_flan4:
    target_pose:
      position: [-0.08486442, -0.6068385, 0.2305166]
      orientation:
        - [0.9892074, 0.0002984749, 0.146531]
        - [0.1036633, -0.7081895, -0.6983717]
        - [0.1035633, 0.7060225, -0.7005771]
step_56:
  tf_mat_link1_0_flan1:
    target_pose:
      position: [-0.07120384, -0.4167682, -0.0460835]
      orientation:
        - [0.9804267, 0.06986791, 0.1840782]
        - [0.08000124, 0.7129042, -0.6966842]
        - [-0.1799059, 0.6977724, 0.6933606]
  tf_mat_link4_0_flan4:
    target_pose:
      position: [-0.08486636, -0.6068292, 0.2305259]
      orientation:
        - [0.9892074, 0.0002984749, 0.146531]
        - [0.1036633, -0.7081895, -0.6983717]
        - [0.1035633, 0.7060225, -0.7005771]
step_57:
  tf_mat_link1_0_flan1:
    target_pose:
      position: [-0.0712058, -0.4167588, -0.04609285]
      orientation:
        - [0.9804267, 0.06986791, 0.1840782]
        - [0.08000124, 0.7129042, -0.6966842]
        - [-0.1799059, 0.6977724, 0.6933606]
  tf_mat_link4_0_flan4:
    target_pose:
      position: [-0.08486833, -0.6068199, 0.2305353]
      orientation:
        - [0.9892074, 0.0002984749, 0.146531]
        - [0.1036633, -0.7081895, -0.6983717]
        - [0.1035633, 0.7060225, -0.7005771]
step_58:
  tf_mat_link1_0_flan1:
    target_pose:
      position: [-0.07120775, -0.4167494, -0.04610218]
      orientation:
        - [0.9804267, 0.06986791, 0.1840782]
        - [0.08000124, 0.7129042, -0.6966842]
        - [-0.1799059, 0.6977724, 0.6933606]
  tf_mat_link4_0_flan4:
    target_pose:
      position: [-0.08487028, -0.6068105, 0.2305446]
      orientation:
        - [0.9892074, 0.0002984749, 0.146531]
        - [0.1036633, -0.7081895, -0.6983717]
        - [0.1035633, 0.7060225, -0.7005771]
step_59:
  tf_mat_link1_0_flan1:
    target_pose:
      position: [-0.0712097, -0.4167401, -0.04611149]
      orientation:
        - [0.9804267, 0.06986791, 0.1840782]
        - [0.08000124, 0.7129042, -0.6966842]
        - [-0.1799059, 0.6977724, 0.6933606]
  tf_mat_link4_0_flan4:
    target_pose:
      position: [-0.08487223, -0.6068013, 0.230554]
      orientation:
        - [0.9892074, 0.0002984749, 0.146531]
        - [0.1036633, -0.7081895, -0.6983717]
        - [0.1035633, 0.7060225, -0.7005771]
step_60:
  tf_mat_link1_0_flan1:
    target_pose:
      position: [-0.07121165, -0.4167308, -0.04612081]
      orientation:
        - [0.9804267, 0.06986791, 0.1840782]
        - [0.08000124, 0.7129042, -0.6966842]
        - [-0.1799059, 0.6977724, 0.6933606]
  tf_mat_link4_0_flan4:
    target_pose:
      position: [-0.08487418, -0.6067919, 0.2305633]
      orientation:
        - [0.9892074, 0.0002984749, 0.146531]
        - [0.1036633, -0.7081895, -0.6983717]
        - [0.1035633, 0.7060225, -0.7005771]
step_61:
  tf_mat_link1_0_flan1:
    target_pose:
      position: [-0.0712136, -0.4167214, -0.04613011]
      orientation:
        - [0.9804267, 0.06986791, 0.1840782]
        - [0.08000124, 0.7129042, -0.6966842]
        - [-0.1799059, 0.6977724, 0.6933606]
  tf_mat_link4_0_flan4:
    target_pose:
      position: [-0.08487613, -0.6067826, 0.2305727]
      orientation:
        - [0.9892074, 0.0002984749, 0.146531]
        - [0.1036633, -0.7081895, -0.6983717]
        - [0.1035633, 0.7060225, -0.7005771]
step_62:
  tf_mat_link1_0_flan1:
    target_pose:
      position: [-0.07121557, -0.4167121, -0.04613942]
      orientation:
        - [0.9804267, 0.06986791, 0.1840782]
        - [0.08000124, 0.7129042, -0.6966842]
        - [-0.1799059, 0.6977724, 0.6933606]
  tf_mat_link4_0_flan4:
    target_pose:
      position: [-0.0848781, -0.6067733, 0.230582]
      orientation:
        - [0.9892074, 0.0002984749, 0.146531]
        - [0.1036633, -0.7081895, -0.6983717]
        - [0.1035633, 0.7060225, -0.7005771]
step_63:
  tf_mat_link1_0_flan1:
    target_pose:
      position: [-0.07121752, -0.4167027, -0.04614878]
      orientation:
        - [0.9804267, 0.06986791, 0.1840782]
        - [0.08000124, 0.7129042, -0.6966842]
        - [-0.1799059, 0.6977724, 0.6933606]
  tf_mat_link4_0_flan4:
    target_pose:
      position: [-0.08488005, -0.606764, 0.2305914]
      orientation:
        - [0.9892074, 0.0002984749, 0.146531]
        - [0.1036633, -0.7081895, -0.6983717]
        - [0.1035633, 0.7060225, -0.7005771]
step_64:
  tf_mat_link1_0_flan1:
    target_pose:
      position: [-0.07121947, -0.4166934, -0.04615806]
      orientation:
        - [0.9804267, 0.06986791, 0.1840782]
        - [0.08000124, 0.7129042, -0.6966842]
        - [-0.1799059, 0.6977724, 0.6933606]
  tf_mat_link4_0_flan4:
    target_pose:
      position: [-0.08488201, -0.6067547, 0.2306007]
      orientation:
        - [0.9892074, 0.0002984749, 0.146531]
        - [0.1036633, -0.7081895, -0.6983717]
        - [0.1035633, 0.7060225, -0.7005771]
step_65:
  tf_mat_link1_0_flan1:
    target_pose:
      position: [-0.07122144, -0.416684, -0.04616742]
      orientation:
        - [0.9804267, 0.06986791, 0.1840782]
        - [0.08000124, 0.7129042, -0.6966842]
        - [-0.1799059, 0.6977724, 0.6933606]
  tf_mat_link4_0_flan4:
    target_pose:
      position: [-0.08488397, -0.6067453, 0.2306101]
      orientation:
        - [0.9892074, 0.0002984749, 0.146531]
        - [0.1036633, -0.7081895, -0.6983717]
        - [0.1035633, 0.7060225, -0.7005771]
step_66:
  tf_mat_link1_0_flan1:
    target_pose:
      position: [-0.07122339, -0.4166747, -0.04617673]
      orientation:
        - [0.9804267, 0.06986791, 0.1840782]
        - [0.08000124, 0.7129042, -0.6966842]
        - [-0.1799059, 0.6977724, 0.6933606]
  tf_mat_link4_0_flan4:
    target_pose:
      position: [-0.08488593, -0.6067359, 0.2306194]
      orientation:
        - [0.9892074, 0.0002984749, 0.146531]
        - [0.1036633, -0.7081895, -0.6983717]
        - [0.1035633, 0.7060225, -0.7005771]
step_67:
  tf_mat_link1_0_flan1:
    target_pose:
      position: [-0.07122535, -0.4166653, -0.04618599]
      orientation:
        - [0.9804267, 0.06986791, 0.1840782]
        - [0.08000124, 0.7129042, -0.6966842]
        - [-0.1799059, 0.6977724, 0.6933606]
  tf_mat_link4_0_flan4:
    target_pose:
      position: [-0.08488788, -0.6067267, 0.2306288]
      orientation:
        - [0.9892074, 0.0002984749, 0.146531]
        - [0.1036633, -0.7081895, -0.6983717]
        - [0.1035633, 0.7060225, -0.7005771]
step_68:
  tf_mat_link1_0_flan1:
    target_pose:
      position: [-0.0712273, -0.416656, -0.0461953]
      orientation:
        - [0.9804267, 0.06986791, 0.1840782]
        - [0.08000124, 0.7129042, -0.6966842]
        - [-0.1799059, 0.6977724, 0.6933606]
  tf_mat_link4_0_flan4:
    target_pose:
      position: [-0.08488983, -0.6067174, 0.2306381]
      orientation:
        - [0.9892074, 0.0002984749, 0.146531]
        - [0.1036633, -0.7081895, -0.6983717]
        - [0.1035633, 0.7060225, -0.7005771]
step_69:
  tf_mat_link1_0_flan1:
    target_pose:
      position: [-0.07122925, -0.4166467, -0.04620466]
      orientation:
        - [0.9804267, 0.06986791, 0.1840782]
        - [0.08000124, 0.7129042, -0.6966842]
        - [-0.1799059, 0.6977724, 0.6933606]
  tf_mat_link4_0_flan4:
    target_pose:
      position: [-0.08489178, -0.606708, 0.2306474]
      orientation:
        - [0.9892074, 0.0002984749, 0.146531]
        - [0.1036633, -0.7081895, -0.6983717]
        - [0.1035633, 0.7060225, -0.7005771]
step_70:
  tf_mat_link1_0_flan1:
    target_pose:
      position: [-0.07123122, -0.4166373, -0.04621398]
      orientation:
        - [0.9804267, 0.06986791, 0.1840782]
        - [0.08000124, 0.7129042, -0.6966842]
        - [-0.1799059, 0.6977724, 0.6933606]
  tf_mat_link4_0_flan4:
    target_pose:
      position: [-0.08489375, -0.6066988, 0.2306568]
      orientation:
        - [0.9892074, 0.0002984749, 0.146531]
        - [0.1036633, -0.7081895, -0.6983717]
        - [0.1035633, 0.7060225, -0.7005771]
step_71:
  tf_mat_link1_0_flan1:
    target_pose:
      position: [-0.07123317, -0.416628, -0.0462233]
      orientation:
        - [0.9804267, 0.06986791, 0.1840782]
        - [0.08000124, 0.7129042, -0.6966842]
        - [-0.1799059, 0.6977724, 0.6933606]
  tf_mat_link4_0_flan4:
    target_pose:
      position: [-0.0848957, -0.6066894, 0.2306661]
      orientation:
        - [0.9892074, 0.0002984749, 0.146531]
        - [0.1036633, -0.7081895, -0.6983717]
        - [0.1035633, 0.7060225, -0.7005771]
step_72:
  tf_mat_link1_0_flan1:
    target_pose:
      position: [-0.07123512, -0.4166186, -0.04623263]
      orientation:
        - [0.9804267, 0.06986791, 0.1840782]
        - [0.08000124, 0.7129042, -0.6966842]
        - [-0.1799059, 0.6977724, 0.6933606]
  tf_mat_link4_0_flan4:
    target_pose:
      position: [-0.08489765, -0.6066802, 0.2306755]
      orientation:
        - [0.9892074, 0.0002984749, 0.146531]
        - [0.1036633, -0.7081895, -0.6983717]
        - [0.1035633, 0.7060225, -0.7005771]
step_73:
  tf_mat_link1_0_flan1:
    target_pose:
      position: [-0.07123707, -0.4166093, -0.04624191]
      orientation:
        - [0.9804267, 0.06986791, 0.1840782]
        - [0.08000124, 0.7129042, -0.6966842]
        - [-0.1799059, 0.6977724, 0.6933606]
  tf_mat_link4_0_flan4:
    target_pose:
      position: [-0.0848996, -0.6066708, 0.2306849]
      orientation:
        - [0.9892074, 0.0002984749, 0.146531]
        - [0.1036633, -0.7081895, -0.6983717]
        - [0.1035633, 0.7060225, -0.7005771]
step_74:
  tf_mat_link1_0_flan1:
    target_pose:
      position: [-0.07123902, -0.4165999, -0.04625122]
      orientation:
        - [0.9804267, 0.06986791, 0.1840782]
        - [0.08000124, 0.7129042, -0.6966842]
        - [-0.1799059, 0.6977724, 0.6933606]
  tf_mat_link4_0_flan4:
    target_pose:
      position: [-0.08490156, -0.6066615, 0.2306942]
      orientation:
        - [0.9892074, 0.0002984749, 0.146531]
        - [0.1036633, -0.7081895, -0.6983717]
        - [0.1035633, 0.7060225, -0.7005771]
step_75:
  tf_mat_link1_0_flan1:
    target_pose:
      position: [-0.07124099, -0.4165905, -0.04626058]
      orientation:
        - [0.9804267, 0.06986791, 0.1840782]
        - [0.08000124, 0.7129042, -0.6966842]
        - [-0.1799059, 0.6977724, 0.6933606]
  tf_mat_link4_0_flan4:
    target_pose:
      position: [-0.08490352, -0.6066521, 0.2307035]
      orientation:
        - [0.9892074, 0.0002984749, 0.146531]
        - [0.1036633, -0.7081895, -0.6983717]
        - [0.1035633, 0.7060225, -0.7005771]
step_76:
  tf_mat_link1_0_flan1:
    target_pose:
      position: [-0.07124294, -0.4165812, -0.04626991]
      orientation:
        - [0.9804267, 0.06986791, 0.1840782]
        - [0.08000124, 0.7129042, -0.6966842]
        - [-0.1799059, 0.6977724, 0.6933606]
  tf_mat_link4_0_flan4:
    target_pose:
      position: [-0.08490548, -0.6066428, 0.2307129]
      orientation:
        - [0.9892074, 0.0002984749, 0.146531]
        - [0.1036633, -0.7081895, -0.6983717]
        - [0.1035633, 0.7060225, -0.7005771]
step_77:
  tf_mat_link1_0_flan1:
    target_pose:
      position: [-0.0712449, -0.4165718, -0.04627922]
      orientation:
        - [0.9804267, 0.06986791, 0.1840782]
        - [0.08000124, 0.7129042, -0.6966842]
        - [-0.1799059, 0.6977724, 0.6933606]
  tf_mat_link4_0_flan4:
    target_pose:
      position: [-0.08490743, -0.6066335, 0.2307222]
      orientation:
        - [0.9892074, 0.0002984749, 0.146531]
        - [0.1036633, -0.7081895, -0.6983717]
        - [0.1035633, 0.7060225, -0.7005771]
step_78:
  tf_mat_link1_0_flan1:
    target_pose:
      position: [-0.07124685, -0.4165625, -0.04628851]
      orientation:
        - [0.9804267, 0.06986791, 0.1840782]
        - [0.08000124, 0.7129042, -0.6966842]
        - [-0.1799059, 0.6977724, 0.6933606]
  tf_mat_link4_0_flan4:
