gold_floating_base: [0.316321, -0.0370664, 0.3, 0.0664487, 0.753863, -0.0233308, 0.653246]
gold_joint_angles: [-1.35399, -1.63415, -2.29649, 3.1416, 0.163639, -0.991474, 0.783386, -1.22575, -2.23346, -2.73101, 1.22112, -2.82163]
