gold_floating_base: [0.334207, -0.00133271, 0.3, -0.0020065, 0.75715, 2.05843e-06, 0.653237]
gold_joint_angles: [-0.756734, -0.902024, -1.82075, 2.58282, 1.29837, -0.329351, 0.771656, -0.898255, -1.823, -2.5838, 1.30102, -2.82562]
