gold_floating_base: [0.250244, -0.0770777, 0.3, 0.0664489, 0.750763, 0.0721503, 0.653248]
gold_joint_angles: [-1.11769, -1.56629, -2.3254, 0.495088, -0.249949, 0.734641, 0.706763, -1.38578, -2.24489, -2.64343, 1.15491, -2.71554]
