gold_floating_base: [0.208847, 0.000811929, 0.3, -9.19774e-05, 0.757146, -0.000585064, 0.653245]
gold_joint_angles: [-0.646028, -1.05976, -1.53814, 2.54113, 1.62198, -0.641925, 0.656149, -1.05648, -1.53329, -2.5458, 1.63058, -2.50621]
