gold_floating_base: [0.345245, -0.0422173, 0.3, 0.0664496, 0.740663, 0.142337, 0.653255]
gold_joint_angles: [1.85656, -1.99593, 2.07645, 0.185735, 0.151276, -1.88205, -2.07295, -1.73764, 2.01828, 0.350525, 1.35413, -2.86073]
