floating_base: [0.39212, -0.156388, 0.235, 0.0298597, 0.742614, 0.144423, 0.65328]
joint_angles: [1.77693, -2.0944, 2.3635, -3.1416, 0.282799, -3.1416, -1.92574, -1.99403, 2.17545, 0.40757, 1.04252, -3.14093]
