gold_floating_base: [0.391399, -0.0975791, 0.3, 0.0629277, 0.733695, 0.175859, 0.653303]
gold_joint_angles: [1.76782, -2.0944, 1.89509, -3.1416, -0.278314, -3.1416, -1.90505, -1.6956, 2.21071, 0.335632, 1.20077, -3.03777]
