gold_floating_base: [0.391724, -0.140232, 0.24, 0.0162562, 0.745753, 0.129469, 0.653319]
gold_joint_angles: [1.77843, -2.0944, 2.41671, -3.1416, 0.37675, -3.1416, -1.90259, -2.02744, 2.11245, 0.388558, 1.11556, -3.1416]
