gold_floating_base: [0.335341, -0.0455412, 0.3, 0.0664487, 0.754218, -0.00299716, 0.653246]
gold_joint_angles: [-1.3448, -1.81108, -2.4329, 3.1416, 0.23424, -1.31166, 0.843183, -1.29972, -2.29939, -2.75423, 1.20374, -2.85375]
