gold_floating_base: [0.333443, -0.000822635, 0.3, -0.00147019, 0.757145, -0.000191557, 0.653245]
gold_joint_angles: [-0.849773, -0.943142, -1.61263, 2.65877, 1.54704, -0.397031, 0.862954, -0.939603, -1.61386, -2.6612, 1.55009, -2.75605]
