gold_floating_base: [0.321468, -0.0510125, 0.3, 0.0664486, 0.753669, -0.0289592, 0.653245]
gold_joint_angles: [-1.35693, -1.46339, -2.319, 3.1416, -0.0380465, -1.33655, 0.774606, -1.19495, -2.2645, -2.71996, 1.17306, -2.84289]
