gold_floating_base: [0.273283, 0.000546657, 0.3, -0.00048247, 0.757147, -0.000613311, 0.653244]
gold_joint_angles: [-0.766941, -0.870018, -1.46481, 2.60836, 1.57949, -0.49171, 0.777068, -0.866149, -1.46032, -2.61261, 1.587, -2.65679]
