gold_floating_base: [0.391397, -0.0968324, 0.3, 0.0630901, 0.733646, 0.176005, 0.653303]
gold_joint_angles: [1.76776, -2.0944, 1.89717, -3.1416, -0.276679, -3.1416, -1.90425, -1.69414, 2.2095, 0.334845, 1.20304, -3.03734]
