gold_floating_base: [0.303031, -0.0319883, 0.3, 0.0664264, 0.753804, 0.0250617, 0.653253]
gold_joint_angles: [-1.33521, -1.76062, -2.51308, 3.1416, 0.14541, -1.80591, 0.816595, -1.36883, -2.23693, -2.73285, 1.26718, -2.78751]
